
t/1	ANGLE/1
0.000000000E0	-1.112075583E2
4.000000000E-2	-1.112216783E2
8.000000000E-2	-1.108641830E2
1.200000000E-1	-1.110762934E2
1.600000000E-1	-1.110385981E2
2.000000000E-1	-1.112362166E2
2.400000000E-1	-1.115098807E2
2.800000000E-1	-1.113764721E2
3.200000000E-1	-1.109923542E2
3.600000000E-1	-1.108143030E2
4.000000000E-1	-1.108181504E2
4.400000000E-1	-1.105598149E2
4.800000000E-1	-1.102796917E2
5.200000000E-1	-1.099574828E2
5.600000000E-1	-1.095775816E2
6.000000000E-1	-1.093030153E2
6.400000000E-1	-1.083457432E2
6.800000000E-1	-1.077099891E2
7.200000000E-1	-1.075730189E2
7.600000000E-1	-1.075797096E2
8.000000000E-1	-1.079700978E2
8.400000000E-1	-1.082012648E2
8.800000000E-1	-1.076931741E2
9.200000000E-1	-1.071342401E2
9.600000000E-1	-1.067116934E2
1.000000000E0	-1.066966031E2
1.040000000E0	-1.064711953E2
1.080000000E0	-1.097757665E2
1.120000000E0	-1.121177244E2
1.160000000E0	-1.136512757E2
1.200000000E0	-1.137799519E2
1.240000000E0	-1.138087066E2
1.280000000E0	-1.145225247E2
1.320000000E0	-1.153736727E2
1.360000000E0	-1.165589029E2
1.400000000E0	-1.182479752E2
1.440000000E0	-1.183802839E2
1.480000000E0	-1.180153862E2
1.520000000E0	-1.123230754E2
1.560000000E0	-1.117662176E2
1.600000000E0	-1.114200463E2
1.640000000E0	-1.106718352E2
1.680000000E0	-1.106546698E2
1.720000000E0	-1.109116485E2
1.760000000E0	-1.108905914E2
1.800000000E0	-1.109950527E2
1.840000000E0	-1.115888709E2
1.880000000E0	-1.126880383E2
1.920000000E0	-1.132423121E2
1.960000000E0	-1.138887572E2
2.000000000E0	-1.131682062E2
2.040000000E0	-1.130914911E2
2.080000000E0	-1.127196649E2
2.120000000E0	-1.126905664E2
2.160000000E0	-1.126657539E2
2.200000000E0	-1.119652014E2
2.240000000E0	-1.114191841E2
2.280000000E0	-1.101745877E2
2.320000000E0	-1.086305117E2
2.360000000E0	-1.066024947E2
2.400000000E0	-1.044868199E2
2.440000000E0	-1.024598524E2
2.480000000E0	-1.002903026E2
2.520000000E0	-9.894649335E1
2.560000000E0	-9.767556005E1
2.600000000E0	-9.639055512E1
2.640000000E0	-9.508681686E1
2.680000000E0	-9.417376456E1
2.720000000E0	-9.353853806E1
2.760000000E0	-9.303521024E1
2.800000000E0	-9.256781342E1
2.840000000E0	-9.213388169E1
2.880000000E0	-9.186196891E1
2.920000000E0	-9.154336594E1
2.960000000E0	-9.140159485E1
3.000000000E0	-9.106745216E1
3.040000000E0	-9.058855525E1
3.080000000E0	-9.024450292E1
3.120000000E0	-9.018403449E1
3.160000000E0	-9.120346543E1
3.200000000E0	-9.335969618E1
3.240000000E0	-9.652322806E1
3.280000000E0	-1.015718048E2
3.320000000E0	-1.072650221E2
3.360000000E0	-1.127354901E2
3.400000000E0	-1.177174803E2
3.440000000E0	-1.218474140E2
3.480000000E0	-1.251145051E2
3.520000000E0	-1.272284122E2
3.560000000E0	-1.285486243E2
3.600000000E0	-1.294589635E2
3.640000000E0	-1.309458895E2
3.680000000E0	-1.337069687E2
3.720000000E0	-1.382886170E2
3.760000000E0	-1.448550827E2
3.800000000E0	-1.520386203E2
3.840000000E0	-1.595011832E2
3.880000000E0	-1.640594879E2
3.920000000E0	-1.632120940E2
3.960000000E0	-1.626808223E2
4.000000000E0	-1.624263079E2
4.040000000E0	-1.620175859E2
4.080000000E0	-1.620450448E2
4.120000000E0	-1.619798326E2
4.160000000E0	-1.623923272E2
4.200000000E0	-1.620060300E2
4.240000000E0	-1.615852556E2
4.280000000E0	-1.610149828E2
4.320000000E0	-1.597961322E2
4.360000000E0	-1.584715545E2
4.400000000E0	-1.559959569E2
4.440000000E0	-1.536478739E2
4.480000000E0	-1.501701655E2
4.520000000E0	-1.467955869E2
4.560000000E0	-1.427454320E2
4.600000000E0	-1.380440342E2
4.640000000E0	-1.330167701E2
4.680000000E0	-1.275487357E2
4.720000000E0	-1.228433365E2
4.760000000E0	-1.187534676E2
4.800000000E0	-1.144162668E2
4.840000000E0	-1.099896914E2
4.880000000E0	-1.074830678E2
4.920000000E0	-1.056080853E2
4.960000000E0	-1.043933308E2
5.000000000E0	-1.034058731E2
5.040000000E0	-1.033678314E2
5.080000000E0	-1.034637513E2
5.120000000E0	-1.037804924E2
5.160000000E0	-1.048518407E2
5.200000000E0	-1.067731393E2
5.240000000E0	-1.095220859E2
5.280000000E0	-1.133079660E2
5.320000000E0	-1.178831164E2
5.360000000E0	-1.224584989E2
5.400000000E0	-1.279106077E2
5.440000000E0	-1.329966781E2
5.480000000E0	-1.384309078E2
5.520000000E0	-1.434791504E2
5.560000000E0	-1.523613492E2
5.600000000E0	-1.616572059E2
5.640000000E0	-1.645825540E2
5.680000000E0	-1.628604819E2
5.720000000E0	-1.623376608E2
5.760000000E0	-1.612239443E2
5.800000000E0	-1.609636699E2
5.840000000E0	-1.609319053E2
5.880000000E0	-1.610491305E2
5.920000000E0	-1.614471827E2
5.960000000E0	-1.615927383E2
6.000000000E0	-1.611901638E2
6.040000000E0	-1.603530372E2
6.080000000E0	-1.592201127E2
6.120000000E0	-1.578397147E2
6.160000000E0	-1.560572875E2
6.200000000E0	-1.528398128E2
6.240000000E0	-1.486713533E2
6.280000000E0	-1.452442199E2
6.320000000E0	-1.412727734E2
6.360000000E0	-1.367982806E2
6.400000000E0	-1.323207854E2
6.440000000E0	-1.278131663E2
6.480000000E0	-1.218997262E2
6.520000000E0	-1.155477674E2
6.560000000E0	-1.093613027E2
6.600000000E0	-1.041526284E2
6.640000000E0	-9.851370343E1
6.680000000E0	-9.445712600E1
6.720000000E0	-9.215189512E1
6.760000000E0	-8.994466812E1
6.800000000E0	-8.988266883E1
6.840000000E0	-9.039217752E1
6.880000000E0	-9.150733395E1
6.920000000E0	-9.292164212E1
6.960000000E0	-9.470775778E1
7.000000000E0	-9.738381031E1
7.040000000E0	-1.006404923E2
7.080000000E0	-1.042542012E2
7.120000000E0	-1.078389669E2
7.160000000E0	-1.126891920E2
7.200000000E0	-1.183810434E2
7.240000000E0	-1.240801137E2
7.280000000E0	-1.293867049E2
7.320000000E0	-1.345351393E2
7.360000000E0	-1.417410991E2
7.400000000E0	-1.511136209E2
7.440000000E0	-1.595229576E2
7.480000000E0	-1.624865662E2
7.520000000E0	-1.631278831E2
7.560000000E0	-1.627597243E2
7.600000000E0	-1.619654924E2
7.640000000E0	-1.617973307E2
7.680000000E0	-1.614964031E2
7.720000000E0	-1.613773308E2
7.760000000E0	-1.605895766E2
7.800000000E0	-1.591541277E2
7.840000000E0	-1.572719953E2
7.880000000E0	-1.552854291E2
7.920000000E0	-1.532901270E2
7.960000000E0	-1.507502710E2
8.000000000E0	-1.425690007E2
8.040000000E0	-1.425006813E2
8.080000000E0	-1.381355073E2
8.120000000E0	-1.333908553E2
8.160000000E0	-1.295603724E2
8.200000000E0	-1.251773896E2
8.240000000E0	-1.206209198E2
8.280000000E0	-1.160534289E2
8.320000000E0	-1.115778273E2
8.360000000E0	-1.077844596E2
8.400000000E0	-1.051110641E2
8.440000000E0	-1.028737345E2
8.480000000E0	-1.018228042E2
8.520000000E0	-1.006228389E2
8.560000000E0	-9.966369668E1
8.600000000E0	-9.885637295E1
8.640000000E0	-9.853137261E1
8.680000000E0	-9.824396184E1
8.720000000E0	-9.845493797E1
8.760000000E0	-9.850614904E1
8.800000000E0	-9.861347686E1
8.840000000E0	-9.884439843E1
8.880000000E0	-9.880730683E1
8.920000000E0	-9.890926227E1
8.960000000E0	-9.921435250E1
9.000000000E0	-9.915470653E1
9.040000000E0	-9.938931965E1
9.080000000E0	-9.960181932E1
9.120000000E0	-9.970483312E1
9.160000000E0	-9.993408792E1
9.200000000E0	-1.001910541E2
9.240000000E0	-1.002643790E2
9.280000000E0	-1.004381215E2
9.320000000E0	-1.005364212E2
9.360000000E0	-1.007661805E2
9.400000000E0	-1.010216206E2
9.440000000E0	-1.011744872E2
9.480000000E0	-1.014497217E2
9.520000000E0	-1.017413834E2
9.560000000E0	-1.019999942E2
9.600000000E0	-1.023559607E2
9.640000000E0	-1.023615017E2
9.680000000E0	-1.027028614E2
9.720000000E0	-1.029690551E2
9.760000000E0	-1.033824914E2
9.800000000E0	-1.037026926E2
9.840000000E0	-1.049703500E2
9.880000000E0	-1.049228441E2
9.920000000E0	-1.054901587E2
9.960000000E0	-1.064004554E2
1.000000000E1	-1.069795643E2
1.004000000E1	-1.079031713E2
1.008000000E1	-1.085316220E2
1.012000000E1	-1.096963849E2
1.016000000E1	-1.115867243E2
1.020000000E1	-1.138727157E2
1.024000000E1	-1.162523602E2
1.028000000E1	-1.194073833E2
1.032000000E1	-1.230190944E2
1.036000000E1	-1.270505532E2
1.040000000E1	-1.323988663E2
1.044000000E1	-1.362658363E2
1.048000000E1	-1.395777119E2
1.052000000E1	-1.434286305E2
1.056000000E1	-1.503999726E2
1.060000000E1	-1.570509007E2
1.064000000E1	-1.616575017E2
1.068000000E1	-1.638265936E2
1.072000000E1	-1.629850286E2
1.076000000E1	-1.626127721E2
1.080000000E1	-1.616398934E2
1.084000000E1	-1.612540802E2
1.088000000E1	-1.614529532E2
1.092000000E1	-1.611051952E2
1.096000000E1	-1.608622650E2
1.100000000E1	-1.599875936E2
1.104000000E1	-1.585753572E2
1.108000000E1	-1.570525643E2
1.112000000E1	-1.552931752E2
1.116000000E1	-1.527430953E2
1.120000000E1	-1.504803719E2
1.124000000E1	-1.470557534E2
1.128000000E1	-1.428966201E2
1.132000000E1	-1.380441610E2
1.136000000E1	-1.333314306E2
1.140000000E1	-1.286700414E2
1.144000000E1	-1.235329406E2
1.148000000E1	-1.189880364E2
1.152000000E1	-1.158475291E2
1.156000000E1	-1.118809632E2
1.160000000E1	-1.091503315E2
1.164000000E1	-1.074805076E2
1.168000000E1	-1.042516639E2
1.172000000E1	-1.043726296E2
1.176000000E1	-1.032949635E2
1.180000000E1	-1.024449557E2
1.184000000E1	-1.022200078E2
1.188000000E1	-1.025045506E2
1.192000000E1	-1.033847609E2
1.196000000E1	-1.048518591E2
1.200000000E1	-1.066947466E2
1.204000000E1	-1.090842755E2
1.208000000E1	-1.121329357E2
1.212000000E1	-1.152207870E2
1.216000000E1	-1.183482654E2
1.220000000E1	-1.210615894E2
1.224000000E1	-1.244046481E2
1.228000000E1	-1.293077258E2
1.232000000E1	-1.340420167E2
1.236000000E1	-1.407626764E2
1.240000000E1	-1.489955458E2
1.244000000E1	-1.573371821E2
1.248000000E1	-1.623254418E2
1.252000000E1	-1.635556796E2
1.256000000E1	-1.625654806E2
1.260000000E1	-1.626308551E2
1.264000000E1	-1.622416500E2
1.268000000E1	-1.618041519E2
1.272000000E1	-1.616899028E2
1.276000000E1	-1.605058002E2
1.280000000E1	-1.589224568E2
1.284000000E1	-1.562690531E2
1.288000000E1	-1.529094037E2
1.292000000E1	-1.482542722E2
1.296000000E1	-1.443221918E2
1.300000000E1	-1.366602599E2
1.304000000E1	-1.367461428E2
1.308000000E1	-1.327477348E2
1.312000000E1	-1.276577377E2
1.316000000E1	-1.235099191E2
1.320000000E1	-1.179873431E2
1.324000000E1	-1.132249767E2
1.328000000E1	-1.089420245E2
1.332000000E1	-1.052415916E2
1.336000000E1	-1.028370551E2
1.340000000E1	-1.011533192E2
1.344000000E1	-9.969181883E1
1.348000000E1	-9.887847485E1
1.352000000E1	-9.823517749E1
1.356000000E1	-9.742982731E1
1.360000000E1	-9.693737030E1
1.364000000E1	-9.639604757E1
1.368000000E1	-9.624474021E1
1.372000000E1	-9.651405747E1
1.376000000E1	-9.707274108E1
1.380000000E1	-9.782036794E1
1.384000000E1	-9.862005573E1
1.388000000E1	-9.974425608E1
1.392000000E1	-1.011300458E2
1.396000000E1	-1.029490691E2
1.400000000E1	-1.048489049E2
1.404000000E1	-1.069308694E2
1.408000000E1	-1.086457865E2
1.412000000E1	-1.098237953E2
1.416000000E1	-1.114018350E2
1.420000000E1	-1.150181380E2
1.424000000E1	-1.150220827E2
1.428000000E1	-1.182518464E2
1.432000000E1	-1.248058191E2
1.436000000E1	-1.339188805E2
1.440000000E1	-1.454525241E2
1.444000000E1	-1.545600987E2
1.448000000E1	-1.604501538E2
1.452000000E1	-1.625311081E2
1.456000000E1	-1.626456452E2
1.460000000E1	-1.626100748E2
1.464000000E1	-1.621433257E2
1.468000000E1	-1.618502276E2
1.472000000E1	-1.623071766E2
1.476000000E1	-1.623781542E2
1.480000000E1	-1.622592765E2
1.484000000E1	-1.619408868E2
1.488000000E1	-1.607454920E2
1.492000000E1	-1.586934951E2
1.496000000E1	-1.558900707E2
1.500000000E1	-1.528425435E2
1.504000000E1	-1.487281245E2
1.508000000E1	-1.426242049E2
1.512000000E1	-1.368356766E2
1.516000000E1	-1.302616976E2
1.520000000E1	-1.242502374E2
1.524000000E1	-1.183072241E2
1.528000000E1	-1.122317945E2
1.532000000E1	-1.072602508E2
1.536000000E1	-1.039070161E2
1.540000000E1	-1.010385487E2
1.544000000E1	-9.826513980E1
1.548000000E1	-9.624534035E1
1.552000000E1	-9.510734813E1
1.556000000E1	-9.415593985E1
1.560000000E1	-9.320286002E1
1.564000000E1	-9.324707014E1
1.568000000E1	-9.353906200E1
1.572000000E1	-9.355576286E1
1.576000000E1	-9.417260542E1
1.580000000E1	-9.417923053E1
1.584000000E1	-9.429723446E1
1.588000000E1	-9.517582685E1
1.592000000E1	-9.536413432E1
1.596000000E1	-9.617987582E1
1.600000000E1	-9.694332372E1
1.604000000E1	-9.866293770E1
1.608000000E1	-1.010017663E2
1.612000000E1	-1.046238963E2
1.616000000E1	-1.099319540E2
1.620000000E1	-1.168990429E2
1.624000000E1	-1.245223758E2
1.628000000E1	-1.321130162E2
1.632000000E1	-1.392578757E2
1.636000000E1	-1.482876679E2
1.640000000E1	-1.565113887E2
1.644000000E1	-1.621152167E2
1.648000000E1	-1.629534614E2
1.652000000E1	-1.625235882E2
1.656000000E1	-1.618938036E2
1.660000000E1	-1.614074891E2
1.664000000E1	-1.613172437E2
1.668000000E1	-1.612791977E2
1.672000000E1	-1.609281599E2
1.676000000E1	-1.589691813E2
1.680000000E1	-1.556542279E2
1.684000000E1	-1.506404156E2
1.688000000E1	-1.451912307E2
1.692000000E1	-1.382917677E2
1.696000000E1	-1.311474682E2
1.700000000E1	-1.248782658E2
1.704000000E1	-1.182840967E2
1.708000000E1	-1.129916027E2
1.712000000E1	-1.078076745E2
1.716000000E1	-1.049841626E2
1.720000000E1	-1.025208860E2
1.724000000E1	-1.000670478E2
1.728000000E1	-9.854127506E1
1.732000000E1	-9.806532892E1
1.736000000E1	-9.733304799E1
1.740000000E1	-9.715152867E1
1.744000000E1	-9.671330815E1
1.748000000E1	-9.678670785E1
1.752000000E1	-9.655442306E1
1.756000000E1	-9.654832424E1
1.760000000E1	-9.658620060E1
1.764000000E1	-9.666827177E1
1.768000000E1	-9.715700619E1
1.772000000E1	-9.803991672E1
1.776000000E1	-9.887291458E1
1.780000000E1	-1.002890088E2
1.784000000E1	-1.028728937E2
1.788000000E1	-1.055525292E2
1.792000000E1	-1.090223597E2
1.796000000E1	-1.132321759E2
1.800000000E1	-1.174551944E2
1.804000000E1	-1.232015633E2
1.808000000E1	-1.322404440E2
1.812000000E1	-1.418516213E2
1.816000000E1	-1.520994266E2
1.820000000E1	-1.608905715E2
1.824000000E1	-1.637146432E2
1.828000000E1	-1.620668407E2
1.832000000E1	-1.605707291E2
1.836000000E1	-1.599085993E2
1.840000000E1	-1.597469701E2
1.844000000E1	-1.594235376E2
1.848000000E1	-1.596356222E2
1.852000000E1	-1.596125885E2
1.856000000E1	-1.588623551E2
1.860000000E1	-1.575868927E2
1.864000000E1	-1.550532869E2
1.868000000E1	-1.516064034E2
1.872000000E1	-1.471881628E2
1.876000000E1	-1.424623370E2
1.880000000E1	-1.307110088E2
1.884000000E1	-1.314536665E2
1.888000000E1	-1.258013622E2
1.892000000E1	-1.203048316E2
1.896000000E1	-1.161443826E2
1.900000000E1	-1.118941588E2
1.904000000E1	-1.078612601E2
1.908000000E1	-1.047906113E2
1.912000000E1	-1.019066990E2
1.916000000E1	-9.959046795E1
1.920000000E1	-9.708310758E1
1.924000000E1	-9.451102501E1
1.928000000E1	-9.253337276E1
1.932000000E1	-9.141081632E1
1.936000000E1	-9.073211595E1
1.940000000E1	-9.038967722E1
1.944000000E1	-9.069995912E1
1.948000000E1	-9.085876102E1
1.952000000E1	-9.182332293E1
1.956000000E1	-9.281565039E1
1.960000000E1	-9.410447383E1
1.964000000E1	-9.598533870E1
1.968000000E1	-9.802817699E1
1.972000000E1	-1.006347844E2
1.976000000E1	-1.032824106E2
1.980000000E1	-1.073519234E2
1.984000000E1	-1.126853951E2
1.988000000E1	-1.183052357E2
1.992000000E1	-1.253242296E2
1.996000000E1	-1.328235248E2
2.000000000E1	-1.394871995E2
2.004000000E1	-1.461238596E2
2.008000000E1	-1.529431644E2
2.012000000E1	-1.626220882E2
2.016000000E1	-1.609067520E2
2.020000000E1	-1.609410700E2
2.024000000E1	-1.611724431E2
2.028000000E1	-1.610256437E2
2.032000000E1	-1.603014425E2
2.036000000E1	-1.602261110E2
2.040000000E1	-1.604310115E2
2.044000000E1	-1.601383874E2
2.048000000E1	-1.600276978E2
2.052000000E1	-1.598518881E2
2.056000000E1	-1.592557381E2
2.060000000E1	-1.577397633E2
2.064000000E1	-1.555113383E2
2.068000000E1	-1.521429710E2
2.072000000E1	-1.489629054E2
2.076000000E1	-1.428232252E2
2.080000000E1	-1.381489395E2
2.084000000E1	-1.319405584E2
2.088000000E1	-1.265283483E2
2.092000000E1	-1.226279479E2
2.096000000E1	-1.176061765E2
2.100000000E1	-1.135369745E2
2.104000000E1	-1.095308746E2
2.108000000E1	-1.070894191E2
2.112000000E1	-1.045252820E2
2.116000000E1	-1.029190699E2
2.120000000E1	-1.009004800E2
2.124000000E1	-9.894729629E1
2.128000000E1	-9.758591616E1
2.132000000E1	-9.647561882E1
2.136000000E1	-9.624949432E1
2.140000000E1	-9.653450697E1
2.144000000E1	-9.765995567E1
2.148000000E1	-9.857854499E1
2.152000000E1	-1.002606815E2
2.156000000E1	-1.018777209E2
2.160000000E1	-1.041750812E2
2.164000000E1	-1.069192674E2
2.168000000E1	-1.104716907E2
2.172000000E1	-1.154115892E2
2.176000000E1	-1.209076111E2
2.180000000E1	-1.263887897E2
2.184000000E1	-1.335297177E2
2.188000000E1	-1.407471732E2
2.192000000E1	-1.470242607E2
2.196000000E1	-1.531695625E2
2.200000000E1	-1.589386337E2
2.204000000E1	-1.614232216E2
2.208000000E1	-1.606904672E2
2.212000000E1	-1.605985646E2
2.216000000E1	-1.604353317E2
2.220000000E1	-1.599049082E2
2.224000000E1	-1.595217525E2
2.228000000E1	-1.597988897E2
2.232000000E1	-1.592582862E2
2.236000000E1	-1.583397134E2
2.240000000E1	-1.567264090E2
2.244000000E1	-1.543916704E2
2.248000000E1	-1.505340843E2
2.252000000E1	-1.482882768E2
2.256000000E1	-1.438340084E2
2.260000000E1	-1.405509628E2
2.264000000E1	-1.364879013E2
2.268000000E1	-1.325626778E2
2.272000000E1	-1.290961712E2
2.276000000E1	-1.260520908E2
2.280000000E1	-1.221805611E2
2.284000000E1	-1.178302487E2
2.288000000E1	-1.146084062E2
2.292000000E1	-1.114382942E2
2.296000000E1	-1.085285246E2
2.300000000E1	-1.031100652E2
2.304000000E1	-1.029285867E2
2.308000000E1	-1.000651441E2
2.312000000E1	-9.711768529E1
2.316000000E1	-9.451507915E1
2.320000000E1	-9.260764268E1
2.324000000E1	-9.070942196E1
2.328000000E1	-8.952375025E1
2.332000000E1	-8.907656159E1
2.336000000E1	-8.857554431E1
2.340000000E1	-8.897705873E1
2.344000000E1	-9.009152244E1
2.348000000E1	-9.190387374E1
2.352000000E1	-9.429363835E1
2.356000000E1	-9.744586564E1
2.360000000E1	-1.022828018E2
2.364000000E1	-1.088784723E2
2.368000000E1	-1.157484403E2
2.372000000E1	-1.226871852E2
2.376000000E1	-1.298520407E2
2.380000000E1	-1.362767375E2
2.384000000E1	-1.426962139E2
2.388000000E1	-1.505345064E2
2.392000000E1	-1.576295219E2
2.396000000E1	-1.615689152E2
2.400000000E1	-1.620970619E2
2.404000000E1	-1.615610558E2
2.408000000E1	-1.613645212E2
2.412000000E1	-1.609971014E2
2.416000000E1	-1.609336468E2
2.420000000E1	-1.606187586E2
2.424000000E1	-1.595782030E2
2.428000000E1	-1.580901371E2
2.432000000E1	-1.556983600E2
2.436000000E1	-1.489650230E2
2.440000000E1	-1.490115636E2
2.444000000E1	-1.441193012E2
2.448000000E1	-1.367498166E2
2.452000000E1	-1.310013338E2
2.456000000E1	-1.266026779E2
2.460000000E1	-1.195131336E2
2.464000000E1	-1.109589756E2
2.468000000E1	-1.010097843E2
2.472000000E1	-9.231142066E1
2.476000000E1	-8.685152057E1
2.480000000E1	-8.345771303E1
2.484000000E1	-8.109695617E1
2.488000000E1	-7.963360127E1
2.492000000E1	-7.929655210E1
2.496000000E1	-7.921763176E1
2.500000000E1	-7.958803799E1
2.504000000E1	-7.988624389E1
2.508000000E1	-7.965062992E1
2.512000000E1	-7.978277765E1
2.516000000E1	-8.014437627E1
2.520000000E1	-8.063411982E1
2.524000000E1	-8.136083970E1
2.528000000E1	-8.212593327E1
2.532000000E1	-8.376762117E1
2.536000000E1	-8.641561115E1
2.540000000E1	-9.077668001E1
2.544000000E1	-9.684393749E1
2.548000000E1	-1.036826912E2
2.552000000E1	-1.110123672E2
2.556000000E1	-1.205521129E2
2.560000000E1	-1.303561113E2
2.564000000E1	-1.406493553E2
2.568000000E1	-1.509711235E2
2.572000000E1	-1.597361605E2
2.576000000E1	-1.622484021E2
2.580000000E1	-1.612499931E2
2.584000000E1	-1.608157661E2
2.588000000E1	-1.608556435E2
2.592000000E1	-1.608040791E2
2.596000000E1	-1.606980858E2
2.600000000E1	-1.602150408E2
2.604000000E1	-1.601947565E2
2.608000000E1	-1.575136109E2
2.612000000E1	-1.576722835E2
2.616000000E1	-1.549631622E2
2.620000000E1	-1.513522210E2
2.624000000E1	-1.470204328E2
2.628000000E1	-1.424218021E2
2.632000000E1	-1.378309080E2
2.636000000E1	-1.313986639E2
2.640000000E1	-1.251029328E2
2.644000000E1	-1.183477913E2
2.648000000E1	-1.126035071E2
2.652000000E1	-1.085023973E2
2.656000000E1	-9.747242462E1
2.660000000E1	-9.736728628E1
2.664000000E1	-9.219041410E1
2.668000000E1	-8.710951255E1
2.672000000E1	-8.344161947E1
2.676000000E1	-8.142110712E1
2.680000000E1	-8.031691357E1
2.684000000E1	-8.004856850E1
2.688000000E1	-7.981216891E1
2.692000000E1	-7.940268703E1
2.696000000E1	-7.955754441E1
2.700000000E1	-7.964447397E1
2.704000000E1	-7.955350555E1
2.708000000E1	-7.925560796E1
2.712000000E1	-7.895787951E1
2.716000000E1	-7.920552223E1
2.720000000E1	-8.023642100E1
2.724000000E1	-8.133984009E1
2.728000000E1	-8.329154470E1
2.732000000E1	-8.667576080E1
2.736000000E1	-9.222369229E1
2.740000000E1	-1.006870688E2
2.744000000E1	-1.107010796E2
2.748000000E1	-1.228299907E2
2.752000000E1	-1.532942239E2
2.756000000E1	-1.504901274E2
2.760000000E1	-1.589291080E2
2.764000000E1	-1.632984257E2
2.768000000E1	-1.628970845E2
2.772000000E1	-1.621668608E2
2.776000000E1	-1.621548956E2
2.780000000E1	-1.617112429E2
2.784000000E1	-1.614421697E2
2.788000000E1	-1.610116818E2
2.792000000E1	-1.596370407E2
2.796000000E1	-1.595247547E2
2.800000000E1	-1.588101031E2
2.804000000E1	-1.576744695E2
2.808000000E1	-1.556242558E2
2.812000000E1	-1.521868405E2
2.816000000E1	-1.472424913E2
2.820000000E1	-1.425256055E2
2.824000000E1	-1.353631052E2
2.828000000E1	-1.284276199E2
2.832000000E1	-1.214762662E2
2.836000000E1	-1.148934649E2
2.840000000E1	-1.096740071E2
2.844000000E1	-1.039874477E2
2.848000000E1	-9.827448763E1
2.852000000E1	-9.329833075E1
2.856000000E1	-8.913127704E1
2.860000000E1	-8.615198521E1
2.864000000E1	-8.386586387E1
2.868000000E1	-8.220471063E1
2.872000000E1	-8.102199304E1
2.876000000E1	-8.009950563E1
2.880000000E1	-7.937550692E1
2.884000000E1	-7.908191466E1
2.888000000E1	-7.885223292E1
2.892000000E1	-7.884498817E1
2.896000000E1	-7.893286514E1
2.900000000E1	-7.955099253E1
2.904000000E1	-8.083652909E1
2.908000000E1	-8.253602517E1
2.912000000E1	-8.471142985E1
2.916000000E1	-8.758973435E1
2.920000000E1	-9.149083394E1
2.924000000E1	-9.693251494E1
2.928000000E1	-1.032375058E2
2.932000000E1	-1.103355082E2
2.936000000E1	-1.239774270E2
2.940000000E1	-1.217826957E2
2.944000000E1	-1.318130790E2
2.948000000E1	-1.382500274E2
2.952000000E1	-1.538352075E2
2.956000000E1	-1.571918590E2
2.960000000E1	-1.618957701E2
2.964000000E1	-1.612019008E2
2.968000000E1	-1.611455572E2
2.972000000E1	-1.613735963E2
2.976000000E1	-1.611571560E2
2.980000000E1	-1.608694167E2
2.984000000E1	-1.608919161E2
2.988000000E1	-1.601588435E2
2.992000000E1	-1.582708179E2
2.996000000E1	-1.562382205E2
3.000000000E1	-1.522237102E2
3.004000000E1	-1.469737577E2
3.008000000E1	-1.403776516E2
3.012000000E1	-1.336774826E2
3.016000000E1	-1.272403379E2
3.020000000E1	-1.211622755E2
3.024000000E1	-1.152459777E2
3.028000000E1	-1.094154589E2
3.032000000E1	-1.047192887E2
3.036000000E1	-1.009118448E2
3.040000000E1	-9.801370807E1
3.044000000E1	-9.493031427E1
3.048000000E1	-9.281189864E1
3.052000000E1	-9.057930995E1
3.056000000E1	-8.894874675E1
3.060000000E1	-8.747481807E1
3.064000000E1	-8.627814099E1
3.068000000E1	-8.565714190E1
3.072000000E1	-8.544723096E1
3.076000000E1	-8.467554904E1
3.080000000E1	-8.446802190E1
3.084000000E1	-8.454159678E1
3.088000000E1	-8.480785523E1
3.092000000E1	-8.484978424E1
3.096000000E1	-8.496600635E1
3.100000000E1	-8.492372497E1
3.104000000E1	-8.487887187E1
3.108000000E1	-8.486783956E1
3.112000000E1	-8.469036291E1
3.116000000E1	-8.436702322E1
3.120000000E1	-8.429659683E1
3.124000000E1	-8.423693779E1
3.128000000E1	-8.418571110E1
3.132000000E1	-8.407693438E1
3.136000000E1	-8.403760551E1
3.140000000E1	-8.427996643E1
3.144000000E1	-8.441704535E1
3.148000000E1	-8.470726412E1
3.152000000E1	-8.506741247E1
3.156000000E1	-8.571021534E1
3.160000000E1	-8.663763166E1
3.164000000E1	-8.811031797E1
3.168000000E1	-9.025059489E1
3.172000000E1	-9.332508277E1
3.176000000E1	-9.716506529E1
3.180000000E1	-1.020363297E2
3.184000000E1	-1.076506377E2
3.188000000E1	-1.115558928E2
3.192000000E1	-1.168827683E2
3.196000000E1	-1.235885959E2
3.200000000E1	-1.288220051E2
3.204000000E1	-1.348756326E2
3.208000000E1	-1.428308650E2
3.212000000E1	-1.525172607E2
3.216000000E1	-1.668268601E2
3.220000000E1	-1.668510047E2
3.224000000E1	-1.666397923E2
3.228000000E1	-1.662154096E2
3.232000000E1	-1.660923296E2
3.236000000E1	-1.652731233E2
3.240000000E1	-1.647637725E2
3.244000000E1	-1.642206243E2
3.248000000E1	-1.632767616E2
3.252000000E1	-1.620569011E2
3.256000000E1	-1.530908102E2
3.260000000E1	-1.494191948E2
3.264000000E1	-1.443420524E2
3.268000000E1	-1.389739547E2
3.272000000E1	-1.336571013E2
3.276000000E1	-1.269663927E2
3.280000000E1	-1.217750715E2
3.284000000E1	-1.162018912E2
3.288000000E1	-1.103804861E2
3.292000000E1	-1.057237089E2
3.296000000E1	-1.012046603E2
3.300000000E1	-9.841200301E1
3.304000000E1	-9.640823311E1
3.308000000E1	-9.493443312E1
3.312000000E1	-9.420357061E1
3.316000000E1	-9.366073302E1
3.320000000E1	-9.391246475E1
3.324000000E1	-9.409063872E1
3.328000000E1	-9.466467122E1
3.332000000E1	-9.585316856E1
3.336000000E1	-9.699941658E1
3.340000000E1	-9.837824228E1
3.344000000E1	-9.997761878E1
3.348000000E1	-1.049788343E2
3.352000000E1	-1.048830464E2
3.356000000E1	-1.083315530E2
3.360000000E1	-1.154479513E2
3.364000000E1	-1.239469397E2
3.368000000E1	-1.324199323E2
3.372000000E1	-1.418924679E2
3.376000000E1	-1.515972031E2
3.380000000E1	-1.584575126E2
3.384000000E1	-1.611457617E2
3.388000000E1	-1.599963758E2
3.392000000E1	-1.590867319E2
3.396000000E1	-1.585458734E2
3.400000000E1	-1.582177828E2
3.404000000E1	-1.579435694E2
3.408000000E1	-1.575147045E2
3.412000000E1	-1.570851137E2
3.416000000E1	-1.556798689E2
3.420000000E1	-1.534998940E2
3.424000000E1	-1.507758194E2
3.428000000E1	-1.471251687E2
3.432000000E1	-1.425059036E2
3.436000000E1	-1.403538666E2
3.440000000E1	-1.369300471E2
3.444000000E1	-1.327154991E2
3.448000000E1	-1.270636474E2
3.452000000E1	-1.219265182E2
3.456000000E1	-1.139379654E2
3.460000000E1	-1.139604752E2
3.464000000E1	-1.107829125E2
3.468000000E1	-1.074590766E2
3.472000000E1	-1.047627905E2
3.476000000E1	-1.028746842E2
3.480000000E1	-1.012278612E2
3.484000000E1	-1.000239192E2
3.488000000E1	-9.883784218E1
3.492000000E1	-9.859702534E1
3.496000000E1	-9.856435365E1
3.500000000E1	-9.868464683E1
3.504000000E1	-9.931678052E1
3.508000000E1	-1.003861334E2
3.512000000E1	-1.017535376E2
3.516000000E1	-1.038326025E2
3.520000000E1	-1.057475690E2
3.524000000E1	-1.074771484E2
3.528000000E1	-1.090858815E2
3.532000000E1	-1.112621580E2
3.536000000E1	-1.188605924E2
3.540000000E1	-1.189743625E2
3.544000000E1	-1.237040535E2
3.548000000E1	-1.286292382E2
3.552000000E1	-1.435319651E2
3.556000000E1	-1.435900844E2
3.560000000E1	-1.522435896E2
3.564000000E1	-1.589629734E2
3.568000000E1	-1.620016169E2
3.572000000E1	-1.610432084E2
3.576000000E1	-1.609246221E2
3.580000000E1	-1.600654586E2
3.584000000E1	-1.598293667E2
3.588000000E1	-1.598853255E2
3.592000000E1	-1.598170144E2
3.596000000E1	-1.598291786E2
3.600000000E1	-1.596351155E2
3.604000000E1	-1.591673285E2
3.608000000E1	-1.584202749E2
3.612000000E1	-1.579514186E2
3.616000000E1	-1.563777359E2
3.620000000E1	-1.550315914E2
3.624000000E1	-1.532684652E2
3.628000000E1	-1.514278098E2
3.632000000E1	-1.499184489E2
3.636000000E1	-1.467959700E2
3.640000000E1	-1.469477090E2
3.644000000E1	-1.454328982E2
3.648000000E1	-1.448456807E2
3.652000000E1	-1.445220463E2
3.656000000E1	-1.431586534E2
3.660000000E1	-1.422445678E2
3.664000000E1	-1.404570164E2
3.668000000E1	-1.386925696E2
3.672000000E1	-1.357532485E2
3.676000000E1	-1.329759268E2
3.680000000E1	-1.301264444E2
3.684000000E1	-1.265248855E2
3.688000000E1	-1.239901842E2
3.692000000E1	-1.200243590E2
3.696000000E1	-1.176601972E2
3.700000000E1	-1.151502690E2
3.704000000E1	-1.127690501E2
3.708000000E1	-1.109142143E2
3.712000000E1	-1.093387079E2
3.716000000E1	-1.080073506E2
3.720000000E1	-1.071651945E2
3.724000000E1	-1.067314129E2
3.728000000E1	-1.056508322E2
3.732000000E1	-1.053134934E2
3.736000000E1	-1.056008155E2
3.740000000E1	-1.063578504E2
3.744000000E1	-1.074895507E2
3.748000000E1	-1.082524784E2
3.752000000E1	-1.090605846E2
3.756000000E1	-1.093564547E2
3.760000000E1	-1.103677704E2
3.764000000E1	-1.111255491E2
3.768000000E1	-1.120768448E2
3.772000000E1	-1.127851232E2
3.776000000E1	-1.136256219E2
3.780000000E1	-1.144678112E2
3.784000000E1	-1.152427329E2
3.788000000E1	-1.159364345E2
3.792000000E1	-1.162366335E2
3.796000000E1	-1.166257887E2
3.800000000E1	-1.169917814E2
3.804000000E1	-1.171927163E2
3.808000000E1	-1.176494657E2
3.812000000E1	-1.175066950E2
3.816000000E1	-1.179003832E2
3.820000000E1	-1.183374756E2
3.824000000E1	-1.187219409E2
3.828000000E1	-1.191889906E2
3.832000000E1	-1.196504974E2
3.836000000E1	-1.203826811E2
3.840000000E1	-1.209814387E2
3.844000000E1	-1.218334270E2
3.848000000E1	-1.223454126E2
3.852000000E1	-1.223996042E2
3.856000000E1	-1.227863815E2
3.860000000E1	-1.232825375E2
3.864000000E1	-1.239367606E2
3.868000000E1	-1.239575721E2
3.872000000E1	-1.231357343E2
3.876000000E1	-1.211423023E2
3.880000000E1	-1.146923668E2
