
t/1	ANGLE/1
0.000000000E0	9.050366283E1
4.000000000E-2	9.051818384E1
8.000000000E-2	9.052076730E1
1.200000000E-1	9.052899398E1
1.600000000E-1	9.051705531E1
2.000000000E-1	9.051176214E1
2.400000000E-1	9.051344918E1
2.800000000E-1	9.051255062E1
3.200000000E-1	9.051178201E1
3.600000000E-1	9.051972793E1
4.000000000E-1	9.053079771E1
4.400000000E-1	9.053364555E1
4.800000000E-1	9.052738496E1
5.200000000E-1	9.052308821E1
5.600000000E-1	9.059229253E1
6.000000000E-1	9.068184202E1
6.400000000E-1	9.063626630E1
6.800000000E-1	9.055776276E1
7.200000000E-1	9.052682156E1
7.600000000E-1	9.035834083E1
8.000000000E-1	9.018201313E1
8.400000000E-1	8.982058634E1
8.800000000E-1	8.970909726E1
9.200000000E-1	8.972894181E1
9.600000000E-1	8.979711014E1
1.000000000E0	8.979332940E1
1.040000000E0	8.978838730E1
1.080000000E0	8.979247564E1
1.120000000E0	8.978918307E1
1.160000000E0	8.977225391E1
1.200000000E0	9.002702887E1
1.240000000E0	9.014647078E1
1.280000000E0	9.023563472E1
1.320000000E0	9.021171659E1
1.360000000E0	9.014597220E1
1.400000000E0	9.012001774E1
1.440000000E0	8.999492979E1
1.480000000E0	9.002520738E1
1.520000000E0	9.006867329E1
1.560000000E0	9.000040151E1
1.600000000E0	9.006130557E1
1.640000000E0	8.985261116E1
1.680000000E0	8.972880976E1
1.720000000E0	8.960421758E1
1.760000000E0	8.966601698E1
1.800000000E0	8.970646681E1
1.840000000E0	8.973329445E1
1.880000000E0	8.974255988E1
1.920000000E0	8.974361665E1
1.960000000E0	8.973846435E1
2.000000000E0	8.977307784E1
2.040000000E0	8.979082777E1
2.080000000E0	8.982360452E1
2.120000000E0	8.987215415E1
2.160000000E0	8.992336266E1
2.200000000E0	8.989584750E1
2.240000000E0	8.988022747E1
2.280000000E0	8.982465293E1
2.320000000E0	8.978854460E1
2.360000000E0	8.978010798E1
2.400000000E0	9.013520537E1
2.440000000E0	9.063286905E1
2.480000000E0	9.101499445E1
2.520000000E0	9.164704857E1
2.560000000E0	9.234081094E1
2.600000000E0	9.278140902E1
2.640000000E0	9.297786125E1
2.680000000E0	9.296664137E1
2.720000000E0	9.277196936E1
2.760000000E0	9.234188593E1
2.800000000E0	9.165705580E1
2.840000000E0	9.083929601E1
2.880000000E0	9.008202437E1
2.920000000E0	8.945124208E1
2.960000000E0	8.898602803E1
3.000000000E0	8.854134443E1
3.040000000E0	8.787743948E1
3.080000000E0	8.713736071E1
3.120000000E0	8.615309125E1
3.160000000E0	8.505012034E1
3.200000000E0	8.388594527E1
3.240000000E0	8.236859679E1
3.280000000E0	8.055625803E1
3.320000000E0	7.838852934E1
3.360000000E0	7.588223162E1
3.400000000E0	7.322726060E1
3.440000000E0	7.076417644E1
3.480000000E0	6.852361223E1
3.520000000E0	6.647899024E1
3.560000000E0	6.481764061E1
3.600000000E0	6.335937491E1
3.640000000E0	6.182049368E1
3.680000000E0	5.983581049E1
3.720000000E0	5.733338103E1
3.760000000E0	5.452961496E1
3.800000000E0	5.141065212E1
3.840000000E0	4.820446899E1
3.880000000E0	4.573805298E1
3.920000000E0	4.446067717E1
3.960000000E0	4.420725930E1
4.000000000E0	4.467491959E1
4.040000000E0	4.522974389E1
4.080000000E0	4.582296472E1
4.120000000E0	4.651060288E1
4.160000000E0	4.735616215E1
4.200000000E0	4.829670414E1
4.240000000E0	4.922285526E1
4.280000000E0	5.031347606E1
4.320000000E0	5.144559257E1
4.360000000E0	5.257246806E1
4.400000000E0	5.379794900E1
4.440000000E0	5.514982184E1
4.480000000E0	5.651137322E1
4.520000000E0	5.803366153E1
4.560000000E0	5.959974476E1
4.600000000E0	6.111391823E1
4.640000000E0	6.277647613E1
4.680000000E0	6.429541327E1
4.720000000E0	6.599370378E1
4.760000000E0	6.763637279E1
4.800000000E0	6.895691874E1
4.840000000E0	7.004214526E1
4.880000000E0	7.131843017E1
4.920000000E0	7.239105718E1
4.960000000E0	7.318321800E1
5.000000000E0	7.350862403E1
5.040000000E0	7.383676281E1
5.080000000E0	7.376935433E1
5.120000000E0	7.340571170E1
5.160000000E0	7.290529086E1
5.200000000E0	7.225239498E1
5.240000000E0	7.120779538E1
5.280000000E0	6.975214785E1
5.320000000E0	6.799518553E1
5.360000000E0	6.579527501E1
5.400000000E0	6.330444315E1
5.440000000E0	6.054823034E1
5.480000000E0	5.766899803E1
5.520000000E0	5.442570118E1
5.560000000E0	5.087594697E1
5.600000000E0	4.761713358E1
5.640000000E0	4.526328572E1
5.680000000E0	4.408309312E1
5.720000000E0	4.387476410E1
5.760000000E0	4.410269230E1
5.800000000E0	4.451760536E1
5.840000000E0	4.519200258E1
5.880000000E0	4.593892565E1
5.920000000E0	4.684486086E1
5.960000000E0	4.770767707E1
6.000000000E0	4.865169016E1
6.040000000E0	4.965138494E1
6.080000000E0	5.065564439E1
6.120000000E0	5.180415611E1
6.160000000E0	5.308184314E1
6.200000000E0	5.491116429E1
6.240000000E0	5.714015908E1
6.280000000E0	5.906490176E1
6.320000000E0	6.068619747E1
6.360000000E0	6.211858257E1
6.400000000E0	6.342291446E1
6.440000000E0	6.468561747E1
6.480000000E0	6.577662680E1
6.520000000E0	6.669502516E1
6.560000000E0	6.808785553E1
6.600000000E0	6.972308248E1
6.640000000E0	7.136732965E1
6.680000000E0	7.303358243E1
6.720000000E0	7.495692781E1
6.760000000E0	7.767204420E1
6.800000000E0	7.767836944E1
6.840000000E0	7.816728554E1
6.880000000E0	7.792977247E1
6.920000000E0	7.688406450E1
6.960000000E0	7.537453883E1
7.000000000E0	7.351151321E1
7.040000000E0	7.134478217E1
7.080000000E0	6.907421323E1
7.120000000E0	6.663623235E1
7.160000000E0	6.425430144E1
7.200000000E0	6.192903157E1
7.240000000E0	5.953353627E1
7.280000000E0	5.683667944E1
7.320000000E0	5.399014153E1
7.360000000E0	5.104470149E1
7.400000000E0	4.815411194E1
7.440000000E0	4.561756838E1
7.480000000E0	4.403331604E1
7.520000000E0	4.327854680E1
7.560000000E0	4.312341205E1
7.600000000E0	4.344886469E1
7.640000000E0	4.379265335E1
7.680000000E0	4.418214095E1
7.720000000E0	4.479371884E1
7.760000000E0	4.553733787E1
7.800000000E0	4.645019400E1
7.840000000E0	4.743476484E1
7.880000000E0	4.852987805E1
7.920000000E0	4.976236122E1
7.960000000E0	5.117502825E1
8.000000000E0	5.397478196E1
8.040000000E0	5.399342257E1
8.080000000E0	5.545059390E1
8.120000000E0	5.710544312E1
8.160000000E0	5.903556540E1
8.200000000E0	6.072675808E1
8.240000000E0	6.220717006E1
8.280000000E0	6.356423379E1
8.320000000E0	6.484962693E1
8.360000000E0	6.611291619E1
8.400000000E0	6.733226481E1
8.440000000E0	6.852070914E1
8.480000000E0	6.956586410E1
8.520000000E0	7.049612596E1
8.560000000E0	7.134917897E1
8.600000000E0	7.180708807E1
8.640000000E0	7.225676350E1
8.680000000E0	7.238598475E1
8.720000000E0	7.262818212E1
8.760000000E0	7.253083436E1
8.800000000E0	7.270136678E1
8.840000000E0	7.293445768E1
8.880000000E0	7.290511022E1
8.920000000E0	7.296470858E1
8.960000000E0	7.320441155E1
9.000000000E0	7.326932142E1
9.040000000E0	7.339529072E1
9.080000000E0	7.354192028E1
9.120000000E0	7.359282559E1
9.160000000E0	7.375393009E1
9.200000000E0	7.388559890E1
9.240000000E0	7.390642262E1
9.280000000E0	7.393421298E1
9.320000000E0	7.394888528E1
9.360000000E0	7.388726919E1
9.400000000E0	7.385255144E1
9.440000000E0	7.383464864E1
9.480000000E0	7.383124279E1
9.520000000E0	7.378281481E1
9.560000000E0	7.364812340E1
9.600000000E0	7.349171521E1
9.640000000E0	7.339573012E1
9.680000000E0	7.336749973E1
9.720000000E0	7.343694816E1
9.760000000E0	7.337449799E1
9.800000000E0	7.326623506E1
9.840000000E0	7.291665439E1
9.880000000E0	7.291082476E1
9.920000000E0	7.265909387E1
9.960000000E0	7.259699135E1
1.000000000E1	7.238078375E1
1.004000000E1	7.221608081E1
1.008000000E1	7.185478871E1
1.012000000E1	7.147546045E1
1.016000000E1	7.085432544E1
1.020000000E1	7.005931782E1
1.024000000E1	6.891227264E1
1.028000000E1	6.763607902E1
1.032000000E1	6.625549733E1
1.036000000E1	6.476263404E1
1.040000000E1	6.302398626E1
1.044000000E1	6.106216479E1
1.048000000E1	5.892055992E1
1.052000000E1	5.620628544E1
1.056000000E1	5.317686616E1
1.060000000E1	5.020553810E1
1.064000000E1	4.787858197E1
1.068000000E1	4.614567722E1
1.072000000E1	4.525880452E1
1.076000000E1	4.501501162E1
1.080000000E1	4.524871949E1
1.084000000E1	4.567682985E1
1.088000000E1	4.658393513E1
1.092000000E1	4.770575703E1
1.096000000E1	4.878491842E1
1.100000000E1	4.997859064E1
1.104000000E1	5.114872335E1
1.108000000E1	5.237015757E1
1.112000000E1	5.353746003E1
1.116000000E1	5.452783370E1
1.120000000E1	5.547809399E1
1.124000000E1	5.638499886E1
1.128000000E1	5.725070445E1
1.132000000E1	5.820621402E1
1.136000000E1	5.916935180E1
1.140000000E1	6.033823439E1
1.144000000E1	6.161848361E1
1.148000000E1	6.295520678E1
1.152000000E1	6.441067254E1
1.156000000E1	6.554119468E1
1.160000000E1	6.672609772E1
1.164000000E1	6.773535636E1
1.168000000E1	6.930276501E1
1.172000000E1	6.933555651E1
1.176000000E1	6.978934841E1
1.180000000E1	7.014007692E1
1.184000000E1	7.043648361E1
1.188000000E1	7.045645398E1
1.192000000E1	7.018141205E1
1.196000000E1	6.969485963E1
1.200000000E1	6.887299831E1
1.204000000E1	6.784581571E1
1.208000000E1	6.661683152E1
1.212000000E1	6.496983904E1
1.216000000E1	6.321493880E1
1.220000000E1	6.124204449E1
1.224000000E1	5.904041125E1
1.228000000E1	5.680710573E1
1.232000000E1	5.451226447E1
1.236000000E1	5.199348040E1
1.240000000E1	4.941150740E1
1.244000000E1	4.698307051E1
1.248000000E1	4.505281880E1
1.252000000E1	4.393586460E1
1.256000000E1	4.354556232E1
1.260000000E1	4.351516180E1
1.264000000E1	4.411692926E1
1.268000000E1	4.474294027E1
1.272000000E1	4.549632915E1
1.276000000E1	4.640462970E1
1.280000000E1	4.733697397E1
1.284000000E1	4.849044028E1
1.288000000E1	4.983329136E1
1.292000000E1	5.134270650E1
1.296000000E1	5.289375281E1
1.300000000E1	5.598625025E1
1.304000000E1	5.597493163E1
1.308000000E1	5.748750814E1
1.312000000E1	5.876404879E1
1.316000000E1	6.000755781E1
1.320000000E1	6.106705351E1
1.324000000E1	6.204309976E1
1.328000000E1	6.300787330E1
1.332000000E1	6.387110500E1
1.336000000E1	6.470595174E1
1.340000000E1	6.542991567E1
1.344000000E1	6.606463707E1
1.348000000E1	6.665800765E1
1.352000000E1	6.729618659E1
1.356000000E1	6.775443780E1
1.360000000E1	6.819491553E1
1.364000000E1	6.864565459E1
1.368000000E1	6.889501797E1
1.372000000E1	6.908880093E1
1.376000000E1	6.915154071E1
1.380000000E1	6.905980020E1
1.384000000E1	6.896344183E1
1.388000000E1	6.873680296E1
1.392000000E1	6.829991180E1
1.396000000E1	6.784368172E1
1.400000000E1	6.719912099E1
1.404000000E1	6.642651502E1
1.408000000E1	6.536859861E1
1.412000000E1	6.419478074E1
1.416000000E1	6.309422172E1
1.420000000E1	6.081260343E1
1.424000000E1	6.080165068E1
1.428000000E1	5.921084711E1
1.432000000E1	5.724266820E1
1.436000000E1	5.491280426E1
1.440000000E1	5.239023464E1
1.444000000E1	4.982703741E1
1.448000000E1	4.743405406E1
1.452000000E1	4.565242976E1
1.456000000E1	4.448272668E1
1.460000000E1	4.391736127E1
1.464000000E1	4.392632216E1
1.468000000E1	4.426433037E1
1.472000000E1	4.465285492E1
1.476000000E1	4.504734263E1
1.480000000E1	4.550938295E1
1.484000000E1	4.606251298E1
1.488000000E1	4.677283549E1
1.492000000E1	4.744439146E1
1.496000000E1	4.823497897E1
1.500000000E1	4.916988561E1
1.504000000E1	5.021943785E1
1.508000000E1	5.131896141E1
1.512000000E1	5.249564142E1
1.516000000E1	5.347913926E1
1.520000000E1	5.475424942E1
1.524000000E1	5.616162453E1
1.528000000E1	5.754719392E1
1.532000000E1	5.898107463E1
1.536000000E1	6.050013505E1
1.540000000E1	6.187871790E1
1.544000000E1	6.307985589E1
1.548000000E1	6.416136636E1
1.552000000E1	6.527070094E1
1.556000000E1	6.605977060E1
1.560000000E1	6.646915131E1
1.564000000E1	6.691737942E1
1.568000000E1	6.722254764E1
1.572000000E1	6.727043821E1
1.576000000E1	6.706535483E1
1.580000000E1	6.705299360E1
1.584000000E1	6.687161078E1
1.588000000E1	6.655243266E1
1.592000000E1	6.604697558E1
1.596000000E1	6.531164860E1
1.600000000E1	6.449140243E1
1.604000000E1	6.357695287E1
1.608000000E1	6.221600468E1
1.612000000E1	6.051055412E1
1.616000000E1	5.859747758E1
1.620000000E1	5.667215891E1
1.624000000E1	5.479401180E1
1.628000000E1	5.284285950E1
1.632000000E1	5.069333510E1
1.636000000E1	4.852163567E1
1.640000000E1	4.652437138E1
1.644000000E1	4.505821934E1
1.648000000E1	4.430058559E1
1.652000000E1	4.404240128E1
1.656000000E1	4.417175034E1
1.660000000E1	4.452118661E1
1.664000000E1	4.520468269E1
1.668000000E1	4.607298352E1
1.672000000E1	4.696559527E1
1.676000000E1	4.799132594E1
1.680000000E1	4.907434571E1
1.684000000E1	5.016887654E1
1.688000000E1	5.124008135E1
1.692000000E1	5.243698204E1
1.696000000E1	5.364169404E1
1.700000000E1	5.510652469E1
1.704000000E1	5.659289573E1
1.708000000E1	5.821908582E1
1.712000000E1	5.975190169E1
1.716000000E1	6.126752321E1
1.720000000E1	6.278334026E1
1.724000000E1	6.389154769E1
1.728000000E1	6.498590441E1
1.732000000E1	6.591241075E1
1.736000000E1	6.654823794E1
1.740000000E1	6.690168274E1
1.744000000E1	6.716257508E1
1.748000000E1	6.719606927E1
1.752000000E1	6.721759543E1
1.756000000E1	6.716220619E1
1.760000000E1	6.693535501E1
1.764000000E1	6.673290366E1
1.768000000E1	6.655462449E1
1.772000000E1	6.625613969E1
1.776000000E1	6.582827298E1
1.780000000E1	6.534128042E1
1.784000000E1	6.442157312E1
1.788000000E1	6.306591263E1
1.792000000E1	6.142138973E1
1.796000000E1	5.951502388E1
1.800000000E1	5.738039602E1
1.804000000E1	5.510207469E1
1.808000000E1	5.274408495E1
1.812000000E1	5.045399447E1
1.816000000E1	4.827908026E1
1.820000000E1	4.618945489E1
1.824000000E1	4.469038502E1
1.828000000E1	4.364319490E1
1.832000000E1	4.363665011E1
1.836000000E1	4.398677987E1
1.840000000E1	4.424580791E1
1.844000000E1	4.464445374E1
1.848000000E1	4.508609533E1
1.852000000E1	4.566182268E1
1.856000000E1	4.628811367E1
1.860000000E1	4.698678206E1
1.864000000E1	4.782405861E1
1.868000000E1	4.871792883E1
1.872000000E1	4.966025602E1
1.876000000E1	5.067145689E1
1.880000000E1	5.270876242E1
1.884000000E1	5.270071071E1
1.888000000E1	5.392872515E1
1.892000000E1	5.517883818E1
1.896000000E1	5.663925575E1
1.900000000E1	5.810771960E1
1.904000000E1	5.943779959E1
1.908000000E1	6.074452548E1
1.912000000E1	6.189332264E1
1.916000000E1	6.292048873E1
1.920000000E1	6.384587566E1
1.924000000E1	6.460387035E1
1.928000000E1	6.532041447E1
1.932000000E1	6.606647579E1
1.936000000E1	6.653243476E1
1.940000000E1	6.684770257E1
1.944000000E1	6.710552672E1
1.948000000E1	6.710052070E1
1.952000000E1	6.707405393E1
1.956000000E1	6.674120311E1
1.960000000E1	6.616482870E1
1.964000000E1	6.556585605E1
1.968000000E1	6.479167090E1
1.972000000E1	6.394390232E1
1.976000000E1	6.284795957E1
1.980000000E1	6.173437415E1
1.984000000E1	6.035624309E1
1.988000000E1	5.883527074E1
1.992000000E1	5.690611675E1
1.996000000E1	5.484031119E1
2.000000000E1	5.265317712E1
2.004000000E1	5.023023466E1
2.008000000E1	4.733356471E1
2.012000000E1	4.853268214E1
2.016000000E1	4.345829796E1
2.020000000E1	4.251126015E1
2.024000000E1	4.231563563E1
2.028000000E1	4.256484830E1
2.032000000E1	4.270443632E1
2.036000000E1	4.308262279E1
2.040000000E1	4.348248193E1
2.044000000E1	4.402546183E1
2.048000000E1	4.449733045E1
2.052000000E1	4.513210388E1
2.056000000E1	4.586291234E1
2.060000000E1	4.673218448E1
2.064000000E1	4.771082234E1
2.068000000E1	4.879990883E1
2.072000000E1	4.998610081E1
2.076000000E1	5.118124437E1
2.080000000E1	5.251815180E1
2.084000000E1	5.379391225E1
2.088000000E1	5.511812325E1
2.092000000E1	5.661775741E1
2.096000000E1	5.793309456E1
2.100000000E1	5.916713638E1
2.104000000E1	6.039023999E1
2.108000000E1	6.166450826E1
2.112000000E1	6.256622487E1
2.116000000E1	6.335928222E1
2.120000000E1	6.410784536E1
2.124000000E1	6.445710277E1
2.128000000E1	6.454040397E1
2.132000000E1	6.443523143E1
2.136000000E1	6.418644291E1
2.140000000E1	6.397402980E1
2.144000000E1	6.351969937E1
2.148000000E1	6.303321960E1
2.152000000E1	6.244693396E1
2.156000000E1	6.175172773E1
2.160000000E1	6.098787080E1
2.164000000E1	5.996835577E1
2.168000000E1	5.877352555E1
2.172000000E1	5.737572539E1
2.176000000E1	5.577943010E1
2.180000000E1	5.395625591E1
2.184000000E1	5.201072241E1
2.188000000E1	4.990609393E1
2.192000000E1	4.777854986E1
2.196000000E1	4.565051319E1
2.200000000E1	4.389278568E1
2.204000000E1	4.295500015E1
2.208000000E1	4.236906585E1
2.212000000E1	4.235930767E1
2.216000000E1	4.264038760E1
2.220000000E1	4.322680693E1
2.224000000E1	4.356207693E1
2.228000000E1	4.410946153E1
2.232000000E1	4.475406616E1
2.236000000E1	4.537701651E1
2.240000000E1	4.610550700E1
2.244000000E1	4.688044208E1
2.248000000E1	4.780802469E1
2.252000000E1	4.873331210E1
2.256000000E1	4.975752611E1
2.260000000E1	5.087218639E1
2.264000000E1	5.204985459E1
2.268000000E1	5.329681996E1
2.272000000E1	5.461964584E1
2.276000000E1	5.588795306E1
2.280000000E1	5.711780645E1
2.284000000E1	5.819824166E1
2.288000000E1	5.924583071E1
2.292000000E1	5.998542695E1
2.296000000E1	6.066836872E1
2.300000000E1	6.141900127E1
2.304000000E1	6.139112223E1
2.308000000E1	6.161134663E1
2.312000000E1	6.205260972E1
2.316000000E1	6.241544311E1
2.320000000E1	6.281493181E1
2.324000000E1	6.319507443E1
2.328000000E1	6.344305525E1
2.332000000E1	6.353054415E1
2.336000000E1	6.328803713E1
2.340000000E1	6.298015503E1
2.344000000E1	6.247169013E1
2.348000000E1	6.201538813E1
2.352000000E1	6.138770642E1
2.356000000E1	6.061124622E1
2.360000000E1	5.964634176E1
2.364000000E1	5.836348338E1
2.368000000E1	5.687072039E1
2.372000000E1	5.505064025E1
2.376000000E1	5.289339169E1
2.380000000E1	5.056136421E1
2.384000000E1	4.813412905E1
2.388000000E1	4.570553849E1
2.392000000E1	4.357604613E1
2.396000000E1	4.198278050E1
2.400000000E1	4.085957742E1
2.404000000E1	4.049095741E1
2.408000000E1	4.041560997E1
2.412000000E1	4.089464356E1
2.416000000E1	4.128828733E1
2.420000000E1	4.180721669E1
2.424000000E1	4.230193013E1
2.428000000E1	4.290531531E1
2.432000000E1	4.357367327E1
2.436000000E1	4.542357328E1
2.440000000E1	4.544117501E1
2.444000000E1	4.654857974E1
2.448000000E1	4.781481746E1
2.452000000E1	4.914191453E1
2.456000000E1	5.055287359E1
2.460000000E1	5.194373268E1
2.464000000E1	5.365525435E1
2.468000000E1	5.543560146E1
2.472000000E1	5.722180069E1
2.476000000E1	5.905675303E1
2.480000000E1	6.102261879E1
2.484000000E1	6.279291199E1
2.488000000E1	6.419928996E1
2.492000000E1	6.534577117E1
2.496000000E1	6.607280907E1
2.500000000E1	6.659199894E1
2.504000000E1	6.696191797E1
2.508000000E1	6.714447850E1
2.512000000E1	6.728076337E1
2.516000000E1	6.725587941E1
2.520000000E1	6.698629544E1
2.524000000E1	6.647460581E1
2.528000000E1	6.578150965E1
2.532000000E1	6.506515040E1
2.536000000E1	6.428098789E1
2.540000000E1	6.325605640E1
2.544000000E1	6.189897281E1
2.548000000E1	6.010046413E1
2.552000000E1	5.797343483E1
2.556000000E1	5.556778869E1
2.560000000E1	5.282164648E1
2.564000000E1	4.992995243E1
2.568000000E1	4.707267826E1
2.572000000E1	4.457551630E1
2.576000000E1	4.265051536E1
2.580000000E1	4.173491182E1
2.584000000E1	4.163404526E1
2.588000000E1	4.179105935E1
2.592000000E1	4.206901848E1
2.596000000E1	4.253364211E1
2.600000000E1	4.303400087E1
2.604000000E1	4.363238414E1
2.608000000E1	4.533147001E1
2.612000000E1	4.530406086E1
2.616000000E1	4.632344764E1
2.620000000E1	4.730200628E1
2.624000000E1	4.844875059E1
2.628000000E1	4.978084987E1
2.632000000E1	5.110987118E1
2.636000000E1	5.248186194E1
2.640000000E1	5.400997785E1
2.644000000E1	5.549544152E1
2.648000000E1	5.706626497E1
2.652000000E1	5.889045630E1
2.656000000E1	6.190567716E1
2.660000000E1	6.189881854E1
2.664000000E1	6.332504071E1
2.668000000E1	6.456515054E1
2.672000000E1	6.553125456E1
2.676000000E1	6.656209417E1
2.680000000E1	6.750407505E1
2.684000000E1	6.828476825E1
2.688000000E1	6.873211176E1
2.692000000E1	6.880069629E1
2.696000000E1	6.873736049E1
2.700000000E1	6.834279020E1
2.704000000E1	6.785133413E1
2.708000000E1	6.732514724E1
2.712000000E1	6.662636857E1
2.716000000E1	6.591707364E1
2.720000000E1	6.506307750E1
2.724000000E1	6.384776203E1
2.728000000E1	6.240902852E1
2.732000000E1	6.056406876E1
2.736000000E1	5.845165073E1
2.740000000E1	5.609638274E1
2.744000000E1	5.351446070E1
2.748000000E1	5.068288283E1
2.752000000E1	4.588494195E1
2.756000000E1	4.588947879E1
2.760000000E1	4.390345735E1
2.764000000E1	4.266352651E1
2.768000000E1	4.182077970E1
2.772000000E1	4.171611987E1
2.776000000E1	4.205868501E1
2.780000000E1	4.233369047E1
2.784000000E1	4.270778233E1
2.788000000E1	4.309215592E1
2.792000000E1	4.407663610E1
2.796000000E1	4.406035718E1
2.800000000E1	4.471637125E1
2.804000000E1	4.542443639E1
2.808000000E1	4.620047392E1
2.812000000E1	4.707523324E1
2.816000000E1	4.802612931E1
2.820000000E1	4.900056533E1
2.824000000E1	4.996414443E1
2.828000000E1	5.107785233E1
2.832000000E1	5.241058342E1
2.836000000E1	5.386440880E1
2.840000000E1	5.529260183E1
2.844000000E1	5.667795001E1
2.848000000E1	5.796417537E1
2.852000000E1	5.942290839E1
2.856000000E1	6.067866441E1
2.860000000E1	6.185680002E1
2.864000000E1	6.304571318E1
2.868000000E1	6.415733023E1
2.872000000E1	6.510832683E1
2.876000000E1	6.588651159E1
2.880000000E1	6.642838357E1
2.884000000E1	6.684476535E1
2.888000000E1	6.707732663E1
2.892000000E1	6.715161700E1
2.896000000E1	6.706704287E1
2.900000000E1	6.665038589E1
2.904000000E1	6.603357477E1
2.908000000E1	6.507921793E1
2.912000000E1	6.391073065E1
2.916000000E1	6.247465532E1
2.920000000E1	6.084226384E1
2.924000000E1	5.898125656E1
2.928000000E1	5.697754405E1
2.932000000E1	5.486619212E1
2.936000000E1	5.029693070E1
2.940000000E1	5.031013329E1
2.944000000E1	4.812163533E1
2.948000000E1	4.593005482E1
2.952000000E1	4.399372980E1
2.956000000E1	4.249368560E1
2.960000000E1	4.167074691E1
2.964000000E1	4.130404655E1
2.968000000E1	4.141006240E1
2.972000000E1	4.186637568E1
2.976000000E1	4.231863798E1
2.980000000E1	4.273918094E1
2.984000000E1	4.335783688E1
2.988000000E1	4.403422033E1
2.992000000E1	4.474885366E1
2.996000000E1	4.564736524E1
3.000000000E1	4.651476071E1
3.004000000E1	4.757692981E1
3.008000000E1	4.863110979E1
3.012000000E1	4.984099300E1
3.016000000E1	5.123300373E1
3.020000000E1	5.273872710E1
3.024000000E1	5.421434820E1
3.028000000E1	5.572355676E1
3.032000000E1	5.732155068E1
3.036000000E1	5.893888285E1
3.040000000E1	6.047822454E1
3.044000000E1	6.201609627E1
3.048000000E1	6.326499301E1
3.052000000E1	6.438261244E1
3.056000000E1	6.526339836E1
3.060000000E1	6.595220302E1
3.064000000E1	6.638024136E1
3.068000000E1	6.670664664E1
3.072000000E1	6.697603348E1
3.076000000E1	6.718300253E1
3.080000000E1	6.707752890E1
3.084000000E1	6.721091803E1
3.088000000E1	6.719550237E1
3.092000000E1	6.717933136E1
3.096000000E1	6.717628334E1
3.100000000E1	6.717765164E1
3.104000000E1	6.722531134E1
3.108000000E1	6.733718340E1
3.112000000E1	6.743583710E1
3.116000000E1	6.747622068E1
3.120000000E1	6.755164997E1
3.124000000E1	6.768066500E1
3.128000000E1	6.775418162E1
3.132000000E1	6.776348916E1
3.136000000E1	6.775304161E1
3.140000000E1	6.766963299E1
3.144000000E1	6.752670940E1
3.148000000E1	6.729836912E1
3.152000000E1	6.701310778E1
3.156000000E1	6.660043843E1
3.160000000E1	6.609265225E1
3.164000000E1	6.540235773E1
3.168000000E1	6.453302811E1
3.172000000E1	6.335777144E1
3.176000000E1	6.204720500E1
3.180000000E1	6.049987243E1
3.184000000E1	5.880074060E1
3.188000000E1	5.711311753E1
3.192000000E1	5.553477559E1
3.196000000E1	5.364270192E1
3.200000000E1	5.163803789E1
3.204000000E1	4.950749178E1
3.208000000E1	4.739936580E1
3.212000000E1	4.518935450E1
3.216000000E1	4.219593212E1
3.220000000E1	4.219110093E1
3.224000000E1	4.156343534E1
3.228000000E1	4.178994531E1
3.232000000E1	4.223532545E1
3.236000000E1	4.297860440E1
3.240000000E1	4.357231716E1
3.244000000E1	4.423505067E1
3.248000000E1	4.517149261E1
3.252000000E1	4.615052893E1
3.256000000E1	4.723222570E1
3.260000000E1	4.824038841E1
3.264000000E1	4.926821707E1
3.268000000E1	5.033030661E1
3.272000000E1	5.150651063E1
3.276000000E1	5.260578758E1
3.280000000E1	5.374420448E1
3.284000000E1	5.487957798E1
3.288000000E1	5.596493543E1
3.292000000E1	5.712232238E1
3.296000000E1	5.830916590E1
3.300000000E1	5.950017974E1
3.304000000E1	6.069680653E1
3.308000000E1	6.177215117E1
3.312000000E1	6.295095435E1
3.316000000E1	6.406883380E1
3.320000000E1	6.495795898E1
3.324000000E1	6.566187824E1
3.328000000E1	6.613141480E1
3.332000000E1	6.659335460E1
3.336000000E1	6.661881097E1
3.340000000E1	6.619157912E1
3.344000000E1	6.550515750E1
3.348000000E1	6.346045363E1
3.352000000E1	6.339717281E1
3.356000000E1	6.177949496E1
3.360000000E1	5.981705706E1
3.364000000E1	5.746369643E1
3.368000000E1	5.488114805E1
3.372000000E1	5.236212525E1
3.376000000E1	4.984839464E1
3.380000000E1	4.769489516E1
3.384000000E1	4.614664886E1
3.388000000E1	4.523957885E1
3.392000000E1	4.526651764E1
3.396000000E1	4.570646755E1
3.400000000E1	4.630538655E1
3.404000000E1	4.691576917E1
3.408000000E1	4.752024242E1
3.412000000E1	4.814500930E1
3.416000000E1	4.891643315E1
3.420000000E1	4.982788519E1
3.424000000E1	5.063393261E1
3.428000000E1	5.160755905E1
3.432000000E1	5.246128528E1
3.436000000E1	5.350160830E1
3.440000000E1	5.448844899E1
3.444000000E1	5.542232246E1
3.448000000E1	5.637948312E1
3.452000000E1	5.716717389E1
3.456000000E1	5.906693518E1
3.460000000E1	5.909712536E1
3.464000000E1	6.001648218E1
3.468000000E1	6.087152827E1
3.472000000E1	6.170561612E1
3.476000000E1	6.251332336E1
3.480000000E1	6.322872518E1
3.484000000E1	6.380046087E1
3.488000000E1	6.436671328E1
3.492000000E1	6.491039398E1
3.496000000E1	6.522418226E1
3.500000000E1	6.538863163E1
3.504000000E1	6.530059456E1
3.508000000E1	6.521168947E1
3.512000000E1	6.507617046E1
3.516000000E1	6.462534351E1
3.520000000E1	6.412366081E1
3.524000000E1	6.340456487E1
3.528000000E1	6.271690891E1
3.532000000E1	6.181987399E1
3.536000000E1	5.942492929E1
3.540000000E1	5.939709752E1
3.544000000E1	5.760205224E1
3.548000000E1	5.549986936E1
3.552000000E1	5.099700358E1
3.556000000E1	5.103539560E1
3.560000000E1	4.867157685E1
3.564000000E1	5.070941993E1
3.568000000E1	4.888270637E1
3.572000000E1	4.504800684E1
3.576000000E1	4.505362307E1
3.580000000E1	4.520591820E1
3.584000000E1	4.555165605E1
3.588000000E1	4.599374179E1
3.592000000E1	4.724039913E1
3.596000000E1	4.725228313E1
3.600000000E1	4.795182579E1
3.604000000E1	4.864348595E1
3.608000000E1	4.939558847E1
3.612000000E1	5.004337620E1
3.616000000E1	5.068536697E1
3.620000000E1	5.127707233E1
3.624000000E1	5.188027667E1
3.628000000E1	5.246528911E1
3.632000000E1	5.309210982E1
3.636000000E1	5.421697754E1
3.640000000E1	5.417103815E1
3.644000000E1	5.471538109E1
3.648000000E1	5.519661828E1
3.652000000E1	5.562133026E1
3.656000000E1	5.592737273E1
3.660000000E1	5.627679745E1
3.664000000E1	5.660432554E1
3.668000000E1	5.691741512E1
3.672000000E1	5.721572195E1
3.676000000E1	5.748604260E1
3.680000000E1	5.794591419E1
3.684000000E1	5.839595604E1
3.688000000E1	5.888056023E1
3.692000000E1	5.946124565E1
3.696000000E1	6.010854973E1
3.700000000E1	6.089914581E1
3.704000000E1	6.161926365E1
3.708000000E1	6.254846640E1
3.712000000E1	6.337701078E1
3.716000000E1	6.421791161E1
3.720000000E1	6.498658233E1
3.724000000E1	6.550023469E1
3.728000000E1	6.594750052E1
3.732000000E1	6.631613929E1
3.736000000E1	6.669629236E1
3.740000000E1	6.706290867E1
3.744000000E1	6.740642782E1
3.748000000E1	6.779087269E1
3.752000000E1	6.833201422E1
3.756000000E1	6.885906780E1
3.760000000E1	6.942015668E1
3.764000000E1	6.984345460E1
3.768000000E1	7.033760976E1
3.772000000E1	7.069983842E1
3.776000000E1	7.110804592E1
3.780000000E1	7.148411138E1
3.784000000E1	7.179304311E1
3.788000000E1	7.216125449E1
3.792000000E1	7.248361118E1
3.796000000E1	7.276207457E1
3.800000000E1	7.303968753E1
3.804000000E1	7.318069442E1
3.808000000E1	7.346009151E1
3.812000000E1	7.341184701E1
3.816000000E1	7.364942960E1
3.820000000E1	7.392067121E1
3.824000000E1	7.420819616E1
3.828000000E1	7.450398024E1
3.832000000E1	7.481901128E1
3.836000000E1	7.515594291E1
3.840000000E1	7.539173419E1
3.844000000E1	7.580736564E1
3.848000000E1	7.621633853E1
3.852000000E1	7.649582704E1
3.856000000E1	7.690298534E1
3.860000000E1	7.726357625E1
3.864000000E1	7.762093092E1
3.868000000E1	7.775083114E1
3.872000000E1	7.758382550E1
3.876000000E1	7.711313698E1
3.880000000E1	7.577203326E1
