
t/1	ANGLE/1
0.000000000E0	-9.988672763E1
4.000000000E-2	-9.987749117E1
8.000000000E-2	-9.980817855E1
1.200000000E-1	-9.976416721E1
1.600000000E-1	-9.985385868E1
2.000000000E-1	-9.986515555E1
2.400000000E-1	-9.973015539E1
2.800000000E-1	-9.964009589E1
3.200000000E-1	-9.960506751E1
3.600000000E-1	-9.957846376E1
4.000000000E-1	-9.941706563E1
4.400000000E-1	-9.932085687E1
4.800000000E-1	-9.923498330E1
5.200000000E-1	-9.913067930E1
5.600000000E-1	-9.901943815E1
6.000000000E-1	-9.900108358E1
6.400000000E-1	-9.898934339E1
6.800000000E-1	-9.897808095E1
7.200000000E-1	-9.897010250E1
7.600000000E-1	-9.894928345E1
8.000000000E-1	-9.895015140E1
8.400000000E-1	-9.895392023E1
8.800000000E-1	-9.894676597E1
9.200000000E-1	-9.895986108E1
9.600000000E-1	-9.901020138E1
1.000000000E0	-9.899786003E1
1.040000000E0	-9.898458003E1
1.080000000E0	-9.897462360E1
1.120000000E0	-9.894435052E1
1.160000000E0	-9.893082162E1
1.200000000E0	-9.892722969E1
1.240000000E0	-9.892370875E1
1.280000000E0	-9.891819894E1
1.320000000E0	-9.890964474E1
1.360000000E0	-9.890106190E1
1.400000000E0	-9.881219589E1
1.440000000E0	-9.908939497E1
1.480000000E0	-9.853208489E1
1.520000000E0	-9.736201123E1
1.560000000E0	-9.702021001E1
1.600000000E0	-9.812626984E1
1.640000000E0	-1.004210172E2
1.680000000E0	-1.030468450E2
1.720000000E0	-1.055778947E2
1.760000000E0	-1.072641868E2
1.800000000E0	-1.084647362E2
1.840000000E0	-1.094724900E2
1.880000000E0	-1.113853334E2
1.920000000E0	-1.139418649E2
1.960000000E0	-1.167168006E2
2.000000000E0	-1.195267516E2
2.040000000E0	-1.227497912E2
2.080000000E0	-1.255920213E2
2.120000000E0	-1.282830350E2
2.160000000E0	-1.309697965E2
2.200000000E0	-1.336072655E2
2.240000000E0	-1.359297639E2
2.280000000E0	-1.382476878E2
2.320000000E0	-1.401926377E2
2.360000000E0	-1.419310252E2
2.400000000E0	-1.436878047E2
2.440000000E0	-1.450371431E2
2.480000000E0	-1.463549531E2
2.520000000E0	-1.477856679E2
2.560000000E0	-1.487432443E2
2.600000000E0	-1.492368542E2
2.640000000E0	-1.492857116E2
2.680000000E0	-1.490891923E2
2.720000000E0	-1.487036448E2
2.760000000E0	-1.484957241E2
2.800000000E0	-1.486179696E2
2.840000000E0	-1.486937210E2
2.880000000E0	-1.487728586E2
2.920000000E0	-1.486016851E2
2.960000000E0	-1.478868450E2
3.000000000E0	-1.461527883E2
3.040000000E0	-1.429302373E2
3.080000000E0	-1.384787449E2
3.120000000E0	-1.332271094E2
3.160000000E0	-1.275762817E2
3.200000000E0	-1.222646132E2
3.240000000E0	-1.175368847E2
3.280000000E0	-1.129002245E2
3.320000000E0	-1.087403821E2
3.360000000E0	-1.046254243E2
3.400000000E0	-1.014469952E2
3.440000000E0	-9.948808212E1
3.480000000E0	-9.881487823E1
3.520000000E0	-9.943934596E1
3.560000000E0	-1.001595935E2
3.600000000E0	-9.966408062E1
3.640000000E0	-1.000729509E2
3.680000000E0	-1.001371668E2
3.720000000E0	-1.001057846E2
3.760000000E0	-1.002326784E2
3.800000000E0	-1.003763963E2
3.840000000E0	-1.001574975E2
3.880000000E0	-1.000945697E2
3.920000000E0	-9.990215428E1
3.960000000E0	-9.981155544E1
4.000000000E0	-9.982805884E1
4.040000000E0	-9.989287636E1
4.080000000E0	-9.986670150E1
4.120000000E0	-9.973958634E1
4.160000000E0	-1.001222306E2
4.200000000E0	-1.006539645E2
4.240000000E0	-1.019552995E2
4.280000000E0	-1.038725163E2
4.320000000E0	-1.064131403E2
4.360000000E0	-1.096162095E2
4.400000000E0	-1.125459196E2
4.440000000E0	-1.154744909E2
4.480000000E0	-1.186413402E2
4.520000000E0	-1.222340134E2
4.560000000E0	-1.257268663E2
4.600000000E0	-1.290667966E2
4.640000000E0	-1.324197820E2
4.680000000E0	-1.351046060E2
4.720000000E0	-1.377599928E2
4.760000000E0	-1.399793031E2
4.800000000E0	-1.421666282E2
4.840000000E0	-1.442450577E2
4.880000000E0	-1.460396515E2
4.920000000E0	-1.478158560E2
4.960000000E0	-1.493170290E2
5.000000000E0	-1.507579590E2
5.040000000E0	-1.518846988E2
5.080000000E0	-1.525481751E2
5.120000000E0	-1.526204253E2
5.160000000E0	-1.524595881E2
5.200000000E0	-1.519409195E2
5.240000000E0	-1.513819069E2
5.280000000E0	-1.498456092E2
5.320000000E0	-1.471446616E2
5.360000000E0	-1.429599686E2
5.400000000E0	-1.380263061E2
5.440000000E0	-1.320166980E2
5.480000000E0	-1.254745312E2
5.520000000E0	-1.191988226E2
5.560000000E0	-1.130320482E2
5.600000000E0	-1.078234721E2
5.640000000E0	-1.030707027E2
5.680000000E0	-9.960001037E1
5.720000000E0	-9.779392869E1
5.760000000E0	-9.704905465E1
5.800000000E0	-9.747180824E1
5.840000000E0	-9.806302432E1
5.880000000E0	-9.811505315E1
5.920000000E0	-9.862059923E1
5.960000000E0	-9.890330274E1
6.000000000E0	-9.897537448E1
6.040000000E0	-9.909434995E1
6.080000000E0	-9.901018404E1
6.120000000E0	-9.893165253E1
6.160000000E0	-9.887462037E1
6.200000000E0	-9.879848218E1
6.240000000E0	-9.868414855E1
6.280000000E0	-9.871819228E1
6.320000000E0	-9.881606349E1
6.360000000E0	-9.887712405E1
6.400000000E0	-9.884574466E1
6.440000000E0	-9.887448672E1
6.480000000E0	-9.887062123E1
6.520000000E0	-9.897159827E1
6.560000000E0	-9.912231462E1
6.600000000E0	-9.997859350E1
6.640000000E0	-1.012083769E2
6.680000000E0	-1.028164112E2
6.720000000E0	-1.052276867E2
6.760000000E0	-1.085752936E2
6.800000000E0	-1.119789850E2
6.840000000E0	-1.154811422E2
6.880000000E0	-1.191442294E2
6.920000000E0	-1.228950378E2
6.960000000E0	-1.265877163E2
7.000000000E0	-1.302632866E2
7.040000000E0	-1.338003909E2
7.080000000E0	-1.367297120E2
7.120000000E0	-1.393234216E2
7.160000000E0	-1.417844306E2
7.200000000E0	-1.441970734E2
7.240000000E0	-1.463649463E2
7.280000000E0	-1.481694053E2
7.320000000E0	-1.499897763E2
7.360000000E0	-1.516199196E2
7.400000000E0	-1.528301458E2
7.440000000E0	-1.534737201E2
7.480000000E0	-1.534665260E2
7.520000000E0	-1.531356112E2
7.560000000E0	-1.525474914E2
7.600000000E0	-1.517617968E2
7.640000000E0	-1.501172876E2
7.680000000E0	-1.464042442E2
7.720000000E0	-1.411761772E2
7.760000000E0	-1.350672741E2
7.800000000E0	-1.281257642E2
7.840000000E0	-1.211431928E2
7.880000000E0	-1.151486608E2
7.920000000E0	-1.100653579E2
7.960000000E0	-1.054307528E2
8.000000000E0	-1.018528353E2
8.040000000E0	-9.923048137E1
8.080000000E0	-9.795677640E1
8.120000000E0	-9.713729391E1
8.160000000E0	-9.678754310E1
8.200000000E0	-9.753083833E1
8.240000000E0	-9.869187294E1
8.280000000E0	-9.965347170E1
8.320000000E0	-1.002383606E2
8.360000000E0	-1.004946851E2
8.400000000E0	-1.005049497E2
8.440000000E0	-1.003853765E2
8.480000000E0	-1.001918121E2
8.520000000E0	-1.002833103E2
8.560000000E0	-1.002757823E2
8.600000000E0	-1.002860507E2
8.640000000E0	-1.002430997E2
8.680000000E0	-1.001594333E2
8.720000000E0	-1.002285637E2
8.760000000E0	-1.003463688E2
8.800000000E0	-1.004618624E2
8.840000000E0	-1.005018901E2
8.880000000E0	-1.005676428E2
8.920000000E0	-1.006498555E2
8.960000000E0	-1.010138422E2
9.000000000E0	-1.020228130E2
9.040000000E0	-1.040419948E2
9.080000000E0	-1.066524010E2
9.120000000E0	-1.102226542E2
9.160000000E0	-1.143147760E2
9.200000000E0	-1.188705256E2
9.240000000E0	-1.236402492E2
9.280000000E0	-1.287828656E2
9.320000000E0	-1.335684546E2
9.360000000E0	-1.378477471E2
9.400000000E0	-1.414162745E2
9.440000000E0	-1.447006095E2
9.480000000E0	-1.474586235E2
9.520000000E0	-1.497792221E2
9.560000000E0	-1.515020784E2
9.600000000E0	-1.531261355E2
9.640000000E0	-1.545022996E2
9.680000000E0	-1.552694973E2
9.720000000E0	-1.554671823E2
9.760000000E0	-1.555277490E2
9.800000000E0	-1.556286165E2
9.840000000E0	-1.553339633E2
9.880000000E0	-1.546057304E2
9.920000000E0	-1.525684741E2
9.960000000E0	-1.492527434E2
1.000000000E1	-1.448224527E2
1.004000000E1	-1.401261253E2
1.008000000E1	-1.347748978E2
1.012000000E1	-1.287334222E2
1.016000000E1	-1.231729246E2
1.020000000E1	-1.179073757E2
1.024000000E1	-1.127834997E2
1.028000000E1	-1.082716132E2
1.032000000E1	-1.041033532E2
1.036000000E1	-1.012857564E2
1.040000000E1	-1.005752859E2
1.044000000E1	-1.000117105E2
1.048000000E1	-9.921595493E1
1.052000000E1	-1.000565849E2
1.056000000E1	-1.009366733E2
1.060000000E1	-1.013847313E2
1.064000000E1	-1.015153593E2
1.068000000E1	-1.014841642E2
1.072000000E1	-1.013409726E2
1.076000000E1	-1.012994969E2
1.080000000E1	-1.012334181E2
1.084000000E1	-1.012207370E2
1.088000000E1	-1.011328376E2
1.092000000E1	-1.011270715E2
1.096000000E1	-1.010919130E2
1.100000000E1	-1.011235419E2
1.104000000E1	-1.011682791E2
1.108000000E1	-1.012541054E2
1.112000000E1	-1.013778495E2
1.116000000E1	-1.014124386E2
1.120000000E1	-1.014530158E2
1.124000000E1	-1.017593840E2
1.128000000E1	-1.028545797E2
1.132000000E1	-1.042024051E2
1.136000000E1	-1.064805975E2
1.140000000E1	-1.094729596E2
1.144000000E1	-1.130660223E2
1.148000000E1	-1.174519638E2
1.152000000E1	-1.218367043E2
1.156000000E1	-1.262625221E2
1.160000000E1	-1.306547369E2
1.164000000E1	-1.347945061E2
1.168000000E1	-1.388696114E2
1.172000000E1	-1.424601630E2
1.176000000E1	-1.457864111E2
1.180000000E1	-1.485225968E2
1.184000000E1	-1.508938245E2
1.188000000E1	-1.529896590E2
1.192000000E1	-1.545444749E2
1.196000000E1	-1.558742441E2
1.200000000E1	-1.568803306E2
1.204000000E1	-1.571571333E2
1.208000000E1	-1.574380404E2
1.212000000E1	-1.577765362E2
1.216000000E1	-1.577504419E2
1.220000000E1	-1.570075397E2
1.224000000E1	-1.551258799E2
1.228000000E1	-1.531275610E2
1.232000000E1	-1.499752985E2
1.236000000E1	-1.457740088E2
1.240000000E1	-1.408619918E2
1.244000000E1	-1.354533740E2
1.248000000E1	-1.298505805E2
1.252000000E1	-1.241485317E2
1.256000000E1	-1.183647951E2
1.260000000E1	-1.126018451E2
1.264000000E1	-1.071350037E2
1.268000000E1	-1.027700465E2
1.272000000E1	-1.000926826E2
1.276000000E1	-9.894269296E1
1.280000000E1	-9.887226965E1
1.284000000E1	-9.873647314E1
1.288000000E1	-1.000123939E2
1.292000000E1	-1.014485028E2
1.296000000E1	-1.021113530E2
1.300000000E1	-1.023499936E2
1.304000000E1	-1.023978295E2
1.308000000E1	-1.024586520E2
1.312000000E1	-1.024869657E2
1.316000000E1	-1.026298374E2
1.320000000E1	-1.025015812E2
1.324000000E1	-1.022175575E2
1.328000000E1	-1.020464118E2
1.332000000E1	-1.018517977E2
1.336000000E1	-1.017261966E2
1.340000000E1	-1.019877473E2
1.344000000E1	-1.025556843E2
1.348000000E1	-1.037781097E2
1.352000000E1	-1.055936098E2
1.356000000E1	-1.079985978E2
1.360000000E1	-1.112749934E2
1.364000000E1	-1.157068851E2
1.368000000E1	-1.205756504E2
1.372000000E1	-1.254595232E2
1.376000000E1	-1.303373153E2
1.380000000E1	-1.349173684E2
1.384000000E1	-1.391677563E2
1.388000000E1	-1.430101987E2
1.392000000E1	-1.463834936E2
1.396000000E1	-1.495212930E2
1.400000000E1	-1.520558384E2
1.404000000E1	-1.540619293E2
1.408000000E1	-1.554899842E2
1.412000000E1	-1.564398890E2
1.416000000E1	-1.565983828E2
1.420000000E1	-1.563811981E2
1.424000000E1	-1.561997654E2
1.428000000E1	-1.561924325E2
1.432000000E1	-1.560756689E2
1.436000000E1	-1.554343066E2
1.440000000E1	-1.539525243E2
1.444000000E1	-1.504482209E2
1.448000000E1	-1.454056951E2
1.452000000E1	-1.393168169E2
1.456000000E1	-1.333192554E2
1.460000000E1	-1.281074333E2
1.464000000E1	-1.225387818E2
1.468000000E1	-1.172648175E2
1.472000000E1	-1.121398705E2
1.476000000E1	-1.067619314E2
1.480000000E1	-1.023421966E2
1.484000000E1	-9.940924642E1
1.488000000E1	-9.822031171E1
1.492000000E1	-9.911605391E1
1.496000000E1	-9.986838734E1
1.500000000E1	-1.004794799E2
1.504000000E1	-1.018569293E2
1.508000000E1	-1.025455482E2
1.512000000E1	-1.028073162E2
1.516000000E1	-1.029867458E2
1.520000000E1	-1.030766916E2
1.524000000E1	-1.029701580E2
1.528000000E1	-1.027581158E2
1.532000000E1	-1.026720070E2
1.536000000E1	-1.026130731E2
1.540000000E1	-1.024451706E2
1.544000000E1	-1.023448979E2
1.548000000E1	-1.024063910E2
1.552000000E1	-1.024943740E2
1.556000000E1	-1.026689719E2
1.560000000E1	-1.026159690E2
1.564000000E1	-1.025634105E2
1.568000000E1	-1.024733164E2
1.572000000E1	-1.024333572E2
1.576000000E1	-1.023793087E2
1.580000000E1	-1.026041364E2
1.584000000E1	-1.037161871E2
1.588000000E1	-1.055734183E2
1.592000000E1	-1.083212843E2
1.596000000E1	-1.120372898E2
1.600000000E1	-1.165083804E2
1.604000000E1	-1.212092899E2
1.608000000E1	-1.259801575E2
1.612000000E1	-1.307112756E2
1.616000000E1	-1.351825951E2
1.620000000E1	-1.395403285E2
1.624000000E1	-1.437809496E2
1.628000000E1	-1.476339994E2
1.632000000E1	-1.506839696E2
1.636000000E1	-1.531366779E2
1.640000000E1	-1.551070234E2
1.644000000E1	-1.563157121E2
1.648000000E1	-1.570713745E2
1.652000000E1	-1.572354351E2
1.656000000E1	-1.569927907E2
1.660000000E1	-1.559942929E2
1.664000000E1	-1.539834368E2
1.668000000E1	-1.509286455E2
1.672000000E1	-1.466731837E2
1.676000000E1	-1.414279984E2
1.680000000E1	-1.356143293E2
1.684000000E1	-1.295429568E2
1.688000000E1	-1.237377514E2
1.692000000E1	-1.178878460E2
1.696000000E1	-1.124164491E2
1.700000000E1	-1.079118506E2
1.704000000E1	-1.044095969E2
1.708000000E1	-1.026159484E2
1.712000000E1	-1.026474254E2
1.716000000E1	-1.030107716E2
1.720000000E1	-1.032368242E2
1.724000000E1	-1.047179452E2
1.728000000E1	-1.060941486E2
1.732000000E1	-1.068242876E2
1.736000000E1	-1.069357789E2
1.740000000E1	-1.067223019E2
1.744000000E1	-1.066742598E2
1.748000000E1	-1.065931446E2
1.752000000E1	-1.065913951E2
1.756000000E1	-1.066712332E2
1.760000000E1	-1.067450009E2
1.764000000E1	-1.068376924E2
1.768000000E1	-1.069066350E2
1.772000000E1	-1.068806611E2
1.776000000E1	-1.068802907E2
1.780000000E1	-1.069151381E2
1.784000000E1	-1.069106536E2
1.788000000E1	-1.069490895E2
1.792000000E1	-1.069192188E2
1.796000000E1	-1.067769397E2
1.800000000E1	-1.067079720E2
1.804000000E1	-1.067117381E2
1.808000000E1	-1.066729361E2
1.812000000E1	-1.065205846E2
1.816000000E1	-1.064154909E2
1.820000000E1	-1.064149563E2
1.824000000E1	-1.064009147E2
1.828000000E1	-1.063837339E2
1.832000000E1	-1.063702280E2
1.836000000E1	-1.063206844E2
1.840000000E1	-1.061004879E2
1.844000000E1	-1.060006891E2
1.848000000E1	-1.059400097E2
1.852000000E1	-1.059318091E2
1.856000000E1	-1.059391008E2
1.860000000E1	-1.059218877E2
1.864000000E1	-1.059089792E2
1.868000000E1	-1.059104035E2
1.872000000E1	-1.057074420E2
1.876000000E1	-1.058767139E2
1.880000000E1	-1.066158461E2
1.884000000E1	-1.083380000E2
1.888000000E1	-1.109250948E2
1.892000000E1	-1.141096293E2
1.896000000E1	-1.183623718E2
1.900000000E1	-1.232422412E2
1.904000000E1	-1.278446969E2
1.908000000E1	-1.326990763E2
1.912000000E1	-1.372454265E2
1.916000000E1	-1.419203962E2
1.920000000E1	-1.462827429E2
1.924000000E1	-1.503192814E2
1.928000000E1	-1.536803773E2
1.932000000E1	-1.560962811E2
1.936000000E1	-1.574807910E2
1.940000000E1	-1.582118418E2
1.944000000E1	-1.582831899E2
1.948000000E1	-1.581130757E2
1.952000000E1	-1.576954250E2
1.956000000E1	-1.562627337E2
1.960000000E1	-1.533550356E2
1.964000000E1	-1.488845983E2
1.968000000E1	-1.430362059E2
1.972000000E1	-1.359783522E2
1.976000000E1	-1.284360866E2
1.980000000E1	-1.213090269E2
1.984000000E1	-1.153450524E2
1.988000000E1	-1.101339941E2
1.992000000E1	-1.055153848E2
1.996000000E1	-1.023073166E2
2.000000000E1	-1.004631856E2
2.004000000E1	-1.005266097E2
2.008000000E1	-1.011142421E2
2.012000000E1	-1.016906053E2
2.016000000E1	-1.028859293E2
2.020000000E1	-1.034072767E2
2.024000000E1	-1.034667799E2
2.028000000E1	-1.034034399E2
2.032000000E1	-1.031508931E2
2.036000000E1	-1.032187026E2
2.040000000E1	-1.032854770E2
2.044000000E1	-1.032462910E2
2.048000000E1	-1.030563708E2
2.052000000E1	-1.028651396E2
2.056000000E1	-1.028526679E2
2.060000000E1	-1.028507859E2
2.064000000E1	-1.028520881E2
2.068000000E1	-1.028854070E2
2.072000000E1	-1.031318352E2
2.076000000E1	-1.032613609E2
2.080000000E1	-1.032808677E2
2.084000000E1	-1.032566221E2
2.088000000E1	-1.033615085E2
2.092000000E1	-1.034390009E2
2.096000000E1	-1.034530445E2
2.100000000E1	-1.038685373E2
2.104000000E1	-1.045779839E2
2.108000000E1	-1.063482359E2
2.112000000E1	-1.087444450E2
2.116000000E1	-1.122843693E2
2.120000000E1	-1.168107624E2
2.124000000E1	-1.216943674E2
2.128000000E1	-1.270431449E2
2.132000000E1	-1.325149879E2
2.136000000E1	-1.376527859E2
2.140000000E1	-1.422410407E2
2.144000000E1	-1.466561733E2
2.148000000E1	-1.508198823E2
2.152000000E1	-1.543161301E2
2.156000000E1	-1.570814829E2
2.160000000E1	-1.593215824E2
2.164000000E1	-1.610661426E2
2.168000000E1	-1.621241864E2
2.172000000E1	-1.627331810E2
2.176000000E1	-1.627366419E2
2.180000000E1	-1.621392301E2
2.184000000E1	-1.605226431E2
2.188000000E1	-1.576004444E2
2.192000000E1	-1.534445847E2
2.196000000E1	-1.474377447E2
2.200000000E1	-1.405485276E2
2.204000000E1	-1.335429700E2
2.208000000E1	-1.263804155E2
2.212000000E1	-1.197463932E2
2.216000000E1	-1.144213755E2
2.220000000E1	-1.093890004E2
2.224000000E1	-1.054291015E2
2.228000000E1	-1.024020439E2
2.232000000E1	-1.003314140E2
2.236000000E1	-9.977609341E1
2.240000000E1	-1.007109627E2
2.244000000E1	-1.011647985E2
2.248000000E1	-1.015499605E2
2.252000000E1	-1.024586019E2
2.256000000E1	-1.028169869E2
2.260000000E1	-1.032033934E2
2.264000000E1	-1.034458927E2
2.268000000E1	-1.034969445E2
2.272000000E1	-1.035501812E2
2.276000000E1	-1.035566814E2
2.280000000E1	-1.034995112E2
2.284000000E1	-1.033371037E2
2.288000000E1	-1.031674103E2
2.292000000E1	-1.031863941E2
2.296000000E1	-1.032158317E2
2.300000000E1	-1.032514932E2
2.304000000E1	-1.032722997E2
2.308000000E1	-1.033917732E2
2.312000000E1	-1.031134594E2
2.316000000E1	-1.029323953E2
2.320000000E1	-1.029809418E2
2.324000000E1	-1.040212155E2
2.328000000E1	-1.053703710E2
2.332000000E1	-1.077926786E2
2.336000000E1	-1.118275847E2
2.340000000E1	-1.164052252E2
2.344000000E1	-1.216019810E2
2.348000000E1	-1.273773749E2
2.352000000E1	-1.332574908E2
2.356000000E1	-1.385086781E2
2.360000000E1	-1.436696622E2
2.364000000E1	-1.485481651E2
2.368000000E1	-1.528350225E2
2.372000000E1	-1.564790197E2
2.376000000E1	-1.597216373E2
2.380000000E1	-1.624746079E2
2.384000000E1	-1.643748732E2
2.388000000E1	-1.655322148E2
2.392000000E1	-1.661589997E2
2.396000000E1	-1.654829145E2
2.400000000E1	-1.635189715E2
2.404000000E1	-1.600966049E2
2.408000000E1	-1.545081822E2
2.412000000E1	-1.477355639E2
2.416000000E1	-1.402204470E2
2.420000000E1	-1.324481185E2
2.424000000E1	-1.248840006E2
2.428000000E1	-1.177826845E2
2.432000000E1	-1.118835157E2
2.436000000E1	-1.067276238E2
2.440000000E1	-1.031876223E2
2.444000000E1	-1.010989707E2
2.448000000E1	-1.009680046E2
2.452000000E1	-1.016911201E2
2.456000000E1	-1.022078363E2
2.460000000E1	-1.035761040E2
2.464000000E1	-1.043638916E2
2.468000000E1	-1.045386443E2
2.472000000E1	-1.045221497E2
2.476000000E1	-1.043409627E2
2.480000000E1	-1.042165776E2
2.484000000E1	-1.043586061E2
2.488000000E1	-1.044856115E2
2.492000000E1	-1.045028010E2
2.496000000E1	-1.043678616E2
2.500000000E1	-1.042110101E2
2.504000000E1	-1.042627775E2
2.508000000E1	-1.043531268E2
2.512000000E1	-1.044219039E2
2.516000000E1	-1.044641622E2
2.520000000E1	-1.043753095E2
2.524000000E1	-1.043203588E2
2.528000000E1	-1.042947432E2
2.532000000E1	-1.041853396E2
2.536000000E1	-1.043017263E2
2.540000000E1	-1.051549822E2
2.544000000E1	-1.073912443E2
2.548000000E1	-1.106044516E2
2.552000000E1	-1.149578562E2
2.556000000E1	-1.202412392E2
2.560000000E1	-1.259195204E2
2.564000000E1	-1.315525048E2
2.568000000E1	-1.370138495E2
2.572000000E1	-1.422634609E2
2.576000000E1	-1.475799520E2
2.580000000E1	-1.524095683E2
2.584000000E1	-1.563748044E2
2.588000000E1	-1.596111907E2
2.592000000E1	-1.624013245E2
2.596000000E1	-1.643045653E2
2.600000000E1	-1.653837932E2
2.604000000E1	-1.653539402E2
2.608000000E1	-1.647122826E2
2.612000000E1	-1.627383632E2
2.616000000E1	-1.602858952E2
2.620000000E1	-1.562837787E2
2.624000000E1	-1.508723056E2
2.628000000E1	-1.442448624E2
2.632000000E1	-1.371214127E2
2.636000000E1	-1.302003822E2
2.640000000E1	-1.210100432E2
2.644000000E1	-1.144086046E2
2.648000000E1	-1.084962821E2
2.652000000E1	-1.033074619E2
2.656000000E1	-1.000169907E2
2.660000000E1	-9.812765860E1
2.664000000E1	-9.752980602E1
2.668000000E1	-9.853233359E1
2.672000000E1	-9.958252157E1
2.676000000E1	-9.975073345E1
2.680000000E1	-1.011179968E2
2.684000000E1	-1.021381449E2
2.688000000E1	-1.027446637E2
2.692000000E1	-1.030735991E2
2.696000000E1	-1.031241384E2
2.700000000E1	-1.031135767E2
2.704000000E1	-1.031652340E2
2.708000000E1	-1.031357943E2
2.712000000E1	-1.030021325E2
2.716000000E1	-1.028529956E2
2.720000000E1	-1.029650575E2
2.724000000E1	-1.030078353E2
2.728000000E1	-1.032850217E2
2.732000000E1	-1.035996632E2
2.736000000E1	-1.036058470E2
2.740000000E1	-1.036600059E2
2.744000000E1	-1.036826345E2
2.748000000E1	-1.037057209E2
2.752000000E1	-1.036351308E2
2.756000000E1	-1.034772758E2
2.760000000E1	-1.032807502E2
2.764000000E1	-1.031338124E2
2.768000000E1	-1.035673083E2
2.772000000E1	-1.051185992E2
2.776000000E1	-1.074996463E2
2.780000000E1	-1.111048914E2
2.784000000E1	-1.158550835E2
2.788000000E1	-1.214294664E2
2.792000000E1	-1.274508287E2
2.796000000E1	-1.329722853E2
2.800000000E1	-1.379493819E2
2.804000000E1	-1.428003377E2
2.808000000E1	-1.476407301E2
2.812000000E1	-1.517233333E2
2.816000000E1	-1.550615885E2
2.820000000E1	-1.582898084E2
2.824000000E1	-1.610263036E2
2.828000000E1	-1.629978177E2
2.832000000E1	-1.644680539E2
2.836000000E1	-1.655627634E2
2.840000000E1	-1.659115507E2
2.844000000E1	-1.654752659E2
2.848000000E1	-1.635385136E2
2.852000000E1	-1.600371439E2
2.856000000E1	-1.544763623E2
2.860000000E1	-1.473946145E2
2.864000000E1	-1.394024650E2
2.868000000E1	-1.314788548E2
2.872000000E1	-1.235422315E2
2.876000000E1	-1.162775917E2
2.880000000E1	-1.105702260E2
2.884000000E1	-1.063917655E2
2.888000000E1	-1.034351302E2
2.892000000E1	-1.011091406E2
2.896000000E1	-9.971850248E1
2.900000000E1	-9.967720317E1
2.904000000E1	-9.904536538E1
2.908000000E1	-9.926005392E1
2.912000000E1	-1.005710475E2
2.916000000E1	-1.010424325E2
2.920000000E1	-1.013094488E2
2.924000000E1	-1.011612865E2
2.928000000E1	-1.009860793E2
2.932000000E1	-1.011961187E2
2.936000000E1	-1.013425928E2
2.940000000E1	-1.013931066E2
2.944000000E1	-1.012950732E2
2.948000000E1	-1.012048144E2
2.952000000E1	-1.012953728E2
2.956000000E1	-1.013990326E2
2.960000000E1	-1.015122747E2
2.964000000E1	-1.015089928E2
2.968000000E1	-1.017143650E2
2.972000000E1	-1.018204872E2
2.976000000E1	-1.018363054E2
2.980000000E1	-1.019986636E2
2.984000000E1	-1.022085560E2
2.988000000E1	-1.031138622E2
2.992000000E1	-1.052224907E2
2.996000000E1	-1.081516657E2
3.000000000E1	-1.119282526E2
3.004000000E1	-1.167486780E2
3.008000000E1	-1.220314507E2
3.012000000E1	-1.277267781E2
3.016000000E1	-1.336555360E2
3.020000000E1	-1.391650234E2
3.024000000E1	-1.445297555E2
3.028000000E1	-1.493216417E2
3.032000000E1	-1.530466180E2
3.036000000E1	-1.564395590E2
3.040000000E1	-1.591104171E2
3.044000000E1	-1.616242694E2
3.048000000E1	-1.632012750E2
3.052000000E1	-1.640910655E2
3.056000000E1	-1.646291565E2
3.060000000E1	-1.647784371E2
3.064000000E1	-1.635823247E2
3.068000000E1	-1.616131739E2
3.072000000E1	-1.583491927E2
3.076000000E1	-1.532099527E2
3.080000000E1	-1.464408286E2
3.084000000E1	-1.388631431E2
3.088000000E1	-1.306406906E2
3.092000000E1	-1.228070319E2
3.096000000E1	-1.153816355E2
3.100000000E1	-1.084126525E2
3.104000000E1	-1.025173243E2
3.108000000E1	-9.764046555E1
3.112000000E1	-9.485233386E1
3.116000000E1	-9.406531709E1
3.120000000E1	-9.372253529E1
3.124000000E1	-9.411463196E1
3.128000000E1	-9.531659767E1
3.132000000E1	-9.705643818E1
3.136000000E1	-9.835724862E1
3.140000000E1	-9.867277771E1
3.144000000E1	-9.792473793E1
3.148000000E1	-9.699979564E1
3.152000000E1	-9.627574948E1
3.156000000E1	-9.603315928E1
3.160000000E1	-9.681557333E1
3.164000000E1	-9.851228744E1
3.168000000E1	-1.002518214E2
3.172000000E1	-1.002822217E2
3.176000000E1	-1.003636858E2
3.180000000E1	-1.005875081E2
3.184000000E1	-1.007263091E2
3.188000000E1	-1.007229776E2
3.192000000E1	-1.009483082E2
3.196000000E1	-1.010540498E2
3.200000000E1	-1.011233377E2
3.204000000E1	-1.011514444E2
3.208000000E1	-1.011734374E2
3.212000000E1	-1.013448427E2
3.216000000E1	-1.014705108E2
3.220000000E1	-1.018821508E2
3.224000000E1	-1.030947499E2
3.228000000E1	-1.051784014E2
3.232000000E1	-1.081370562E2
3.236000000E1	-1.121110707E2
3.240000000E1	-1.172196645E2
3.244000000E1	-1.228479279E2
3.248000000E1	-1.284471612E2
3.252000000E1	-1.338522667E2
3.256000000E1	-1.388364433E2
3.260000000E1	-1.432492899E2
3.264000000E1	-1.477426265E2
3.268000000E1	-1.516113483E2
3.272000000E1	-1.547727351E2
3.276000000E1	-1.574743409E2
3.280000000E1	-1.602885083E2
3.284000000E1	-1.623797135E2
3.288000000E1	-1.639451273E2
3.292000000E1	-1.652359871E2
3.296000000E1	-1.660918093E2
3.300000000E1	-1.664427190E2
3.304000000E1	-1.665319191E2
3.308000000E1	-1.661843715E2
3.312000000E1	-1.650849395E2
3.316000000E1	-1.629322936E2
3.320000000E1	-1.594052485E2
3.324000000E1	-1.548192660E2
3.328000000E1	-1.496175848E2
3.332000000E1	-1.441737684E2
3.336000000E1	-1.389983097E2
3.340000000E1	-1.329191007E2
3.344000000E1	-1.268644973E2
3.348000000E1	-1.214381296E2
3.352000000E1	-1.160355732E2
3.356000000E1	-1.113356444E2
3.360000000E1	-1.073896036E2
3.364000000E1	-1.042934438E2
3.368000000E1	-1.026926019E2
3.372000000E1	-1.020862974E2
3.376000000E1	-1.023770780E2
3.380000000E1	-1.027240635E2
3.384000000E1	-1.028573870E2
3.388000000E1	-1.035350300E2
3.392000000E1	-1.040182349E2
3.396000000E1	-1.042875293E2
3.400000000E1	-1.043424691E2
3.404000000E1	-1.042396336E2
3.408000000E1	-1.042821162E2
3.412000000E1	-1.043957175E2
3.416000000E1	-1.043889919E2
3.420000000E1	-1.045016671E2
3.424000000E1	-1.044705352E2
3.428000000E1	-1.044449151E2
3.432000000E1	-1.044536665E2
3.436000000E1	-1.044381772E2
3.440000000E1	-1.044921903E2
3.444000000E1	-1.045046904E2
3.448000000E1	-1.045058671E2
3.452000000E1	-1.047986697E2
3.456000000E1	-1.056415227E2
3.460000000E1	-1.074160654E2
3.464000000E1	-1.104776847E2
3.468000000E1	-1.153821141E2
3.472000000E1	-1.211896406E2
3.476000000E1	-1.271902845E2
3.480000000E1	-1.330011993E2
3.484000000E1	-1.384810877E2
3.488000000E1	-1.431268428E2
3.492000000E1	-1.478164572E2
3.496000000E1	-1.521586677E2
3.500000000E1	-1.559151798E2
3.504000000E1	-1.590612843E2
3.508000000E1	-1.616463076E2
3.512000000E1	-1.639650852E2
3.516000000E1	-1.656967651E2
3.520000000E1	-1.669463764E2
3.524000000E1	-1.675080400E2
3.528000000E1	-1.673056574E2
3.532000000E1	-1.667792779E2
3.536000000E1	-1.661527755E2
3.540000000E1	-1.645955262E2
3.544000000E1	-1.615017233E2
3.548000000E1	-1.574012590E2
3.552000000E1	-1.523183987E2
3.556000000E1	-1.466487398E2
3.560000000E1	-1.410323732E2
3.564000000E1	-1.346349576E2
3.568000000E1	-1.281772809E2
3.572000000E1	-1.219267802E2
3.576000000E1	-1.159254164E2
3.580000000E1	-1.104785379E2
3.584000000E1	-1.058396432E2
3.588000000E1	-1.029056242E2
3.592000000E1	-1.014967830E2
3.596000000E1	-1.011872178E2
3.600000000E1	-1.011820716E2
3.604000000E1	-1.009906688E2
3.608000000E1	-1.019549455E2
3.612000000E1	-1.030062241E2
3.616000000E1	-1.038355677E2
3.620000000E1	-1.042738684E2
3.624000000E1	-1.043463258E2
3.628000000E1	-1.042616109E2
3.632000000E1	-1.043354124E2
3.636000000E1	-1.041044205E2
3.640000000E1	-1.041521233E2
3.644000000E1	-1.039745879E2
3.648000000E1	-1.038847783E2
3.652000000E1	-1.038562054E2
3.656000000E1	-1.039532143E2
3.660000000E1	-1.040975125E2
3.664000000E1	-1.044032152E2
3.668000000E1	-1.050945884E2
3.672000000E1	-1.061493112E2
3.676000000E1	-1.076286866E2
3.680000000E1	-1.097603856E2
3.684000000E1	-1.125085331E2
3.688000000E1	-1.159558174E2
3.692000000E1	-1.198940044E2
3.696000000E1	-1.240103187E2
3.700000000E1	-1.282514395E2
3.704000000E1	-1.322749831E2
3.708000000E1	-1.358976341E2
3.712000000E1	-1.396303605E2
3.716000000E1	-1.429711717E2
3.720000000E1	-1.460290602E2
3.724000000E1	-1.483300802E2
3.728000000E1	-1.500137037E2
3.732000000E1	-1.512846517E2
3.736000000E1	-1.523287754E2
3.740000000E1	-1.530785830E2
3.744000000E1	-1.538849924E2
3.748000000E1	-1.546945724E2
3.752000000E1	-1.557796885E2
3.756000000E1	-1.566569024E2
3.760000000E1	-1.568112512E2
3.764000000E1	-1.567383095E2
3.768000000E1	-1.561392792E2
3.772000000E1	-1.550709647E2
3.776000000E1	-1.529173856E2
3.780000000E1	-1.494472507E2
3.784000000E1	-1.449931109E2
3.788000000E1	-1.400908653E2
3.792000000E1	-1.350745911E2
3.796000000E1	-1.298750895E2
3.800000000E1	-1.244626316E2
3.804000000E1	-1.194974209E2
3.808000000E1	-1.145728699E2
3.812000000E1	-1.101581089E2
3.816000000E1	-1.068073604E2
3.820000000E1	-1.041455121E2
3.824000000E1	-1.023771849E2
3.828000000E1	-1.016978727E2
3.832000000E1	-1.018859301E2
3.836000000E1	-1.020756860E2
3.840000000E1	-1.027336771E2
3.844000000E1	-1.035343550E2
3.848000000E1	-1.040966732E2
3.852000000E1	-1.043064657E2
3.856000000E1	-1.043080662E2
3.860000000E1	-1.041564453E2
3.864000000E1	-1.039874906E2
3.868000000E1	-1.039026838E2
3.872000000E1	-1.037590877E2
3.876000000E1	-1.036010454E2
3.880000000E1	-1.035043424E2
3.884000000E1	-1.034559372E2
3.888000000E1	-1.037324728E2
3.892000000E1	-1.043258300E2
3.896000000E1	-1.055805597E2
3.900000000E1	-1.074485844E2
3.904000000E1	-1.099967265E2
3.908000000E1	-1.128482722E2
3.912000000E1	-1.162372607E2
3.916000000E1	-1.198880559E2
3.920000000E1	-1.238009699E2
3.924000000E1	-1.277286634E2
3.928000000E1	-1.313337582E2
3.932000000E1	-1.345927653E2
3.936000000E1	-1.379965990E2
3.940000000E1	-1.411627783E2
3.944000000E1	-1.442917992E2
3.948000000E1	-1.471303151E2
3.952000000E1	-1.495200157E2
3.956000000E1	-1.515635198E2
3.960000000E1	-1.533800078E2
3.964000000E1	-1.547701616E2
3.968000000E1	-1.556899700E2
3.972000000E1	-1.559666610E2
3.976000000E1	-1.556561646E2
3.980000000E1	-1.553342907E2
3.984000000E1	-1.548401382E2
3.988000000E1	-1.540743974E2
3.992000000E1	-1.518392218E2
3.996000000E1	-1.480437895E2
4.000000000E1	-1.427669354E2
4.004000000E1	-1.370791272E2
4.008000000E1	-1.312125449E2
4.012000000E1	-1.250404383E2
4.016000000E1	-1.192172283E2
4.020000000E1	-1.140604985E2
4.024000000E1	-1.094356529E2
4.028000000E1	-1.051396199E2
4.032000000E1	-1.025873044E2
4.036000000E1	-1.021207102E2
