
t/1	ANGLE/1
0.000000000E0	1.098308634E1
4.000000000E-2	1.097141308E1
8.000000000E-2	1.096775453E1
1.200000000E-1	1.098349351E1
1.600000000E-1	1.100300493E1
2.000000000E-1	1.099934424E1
2.400000000E-1	1.096301515E1
2.800000000E-1	1.096225679E1
3.200000000E-1	1.095466667E1
3.600000000E-1	1.091746117E1
4.000000000E-1	1.080411299E1
4.400000000E-1	1.072835049E1
4.800000000E-1	1.069744847E1
5.200000000E-1	1.067154212E1
5.600000000E-1	1.065253724E1
6.000000000E-1	1.064380763E1
6.400000000E-1	1.063789488E1
6.800000000E-1	1.063380102E1
7.200000000E-1	1.063103063E1
7.600000000E-1	1.062546220E1
8.000000000E-1	1.062371766E1
8.400000000E-1	1.061267668E1
8.800000000E-1	1.059961266E1
9.200000000E-1	1.058550625E1
9.600000000E-1	1.057063529E1
1.000000000E0	1.055362780E1
1.040000000E0	1.057461005E1
1.080000000E0	1.058756444E1
1.120000000E0	1.059512430E1
1.160000000E0	1.060139078E1
1.200000000E0	1.060471700E1
1.240000000E0	1.060685975E1
1.280000000E0	1.059484437E1
1.320000000E0	1.057786961E1
1.360000000E0	1.044593178E1
1.400000000E0	1.044122548E1
1.440000000E0	1.080277849E1
1.480000000E0	1.119658095E1
1.520000000E0	1.165422586E1
1.560000000E0	1.237811040E1
1.600000000E0	1.340094664E1
1.640000000E0	1.466265345E1
1.680000000E0	1.603047544E1
1.720000000E0	1.738671388E1
1.760000000E0	1.849211931E1
1.800000000E0	1.945298184E1
1.840000000E0	2.052882750E1
1.880000000E0	2.200535685E1
1.920000000E0	2.394153312E1
1.960000000E0	2.621546675E1
2.000000000E0	2.862537089E1
2.040000000E0	3.122530968E1
2.080000000E0	3.362340837E1
2.120000000E0	3.593732182E1
2.160000000E0	3.836015811E1
2.200000000E0	4.075946104E1
2.240000000E0	4.309791639E1
2.280000000E0	4.549452658E1
2.320000000E0	4.773819711E1
2.360000000E0	4.999247293E1
2.400000000E0	5.222607487E1
2.440000000E0	5.430168091E1
2.480000000E0	5.626389522E1
2.520000000E0	5.817862373E1
2.560000000E0	5.974929263E1
2.600000000E0	6.079878158E1
2.640000000E0	6.129977988E1
2.680000000E0	6.136593977E1
2.720000000E0	6.104723465E1
2.760000000E0	6.064889036E1
2.800000000E0	6.046330089E1
2.840000000E0	6.036796178E1
2.880000000E0	6.032319911E1
2.920000000E0	6.019030437E1
2.960000000E0	5.971223278E1
3.000000000E0	5.862354350E1
3.040000000E0	5.658097185E1
3.080000000E0	5.350468119E1
3.120000000E0	4.961301898E1
3.160000000E0	4.506405535E1
3.200000000E0	4.018768979E1
3.240000000E0	3.533297488E1
3.280000000E0	3.027918198E1
3.320000000E0	2.543633987E1
3.360000000E0	2.071267160E1
3.400000000E0	1.648569143E1
3.440000000E0	1.315220593E1
3.480000000E0	1.084990821E1
3.520000000E0	9.529757845E0
3.560000000E0	9.077573233E0
3.600000000E0	8.797514737E0
3.640000000E0	8.946238907E0
3.680000000E0	9.251511541E0
3.720000000E0	9.526442069E0
3.760000000E0	9.838904674E0
3.800000000E0	1.023194761E1
3.840000000E0	1.038386094E1
3.880000000E0	1.045206782E1
3.920000000E0	1.036970637E1
3.960000000E0	1.032936991E1
4.000000000E0	1.029326223E1
4.040000000E0	1.033685351E1
4.080000000E0	1.035293422E1
4.120000000E0	1.039610568E1
4.160000000E0	1.078009327E1
4.200000000E0	1.155022308E1
4.240000000E0	1.283548270E1
4.280000000E0	1.463201189E1
4.320000000E0	1.697605739E1
4.360000000E0	1.990602414E1
4.400000000E0	2.277889753E1
4.440000000E0	2.565065827E1
4.480000000E0	2.869458428E1
4.520000000E0	3.187915215E1
4.560000000E0	3.504454828E1
4.600000000E0	3.807733438E1
4.640000000E0	4.102896831E1
4.680000000E0	4.371056116E1
4.720000000E0	4.629423314E1
4.760000000E0	4.871314694E1
4.800000000E0	5.108298628E1
4.840000000E0	5.331250060E1
4.880000000E0	5.538413080E1
4.920000000E0	5.737089252E1
4.960000000E0	5.916644281E1
5.000000000E0	6.073288697E1
5.040000000E0	6.194336539E1
5.080000000E0	6.271309818E1
5.120000000E0	6.297767069E1
5.160000000E0	6.291033583E1
5.200000000E0	6.245690513E1
5.240000000E0	6.184772442E1
5.280000000E0	6.079564615E1
5.320000000E0	5.904367199E1
5.360000000E0	5.659319183E1
5.400000000E0	5.346035956E1
5.440000000E0	4.943212854E1
5.480000000E0	4.469613043E1
5.520000000E0	3.946732478E1
5.560000000E0	3.382035602E1
5.600000000E0	2.814628401E1
5.640000000E0	2.253112061E1
5.680000000E0	1.756942678E1
5.720000000E0	1.371066423E1
5.760000000E0	1.089511264E1
5.800000000E0	9.322420685E0
5.840000000E0	8.563768206E0
5.880000000E0	8.412007061E0
5.920000000E0	8.813177600E0
5.960000000E0	9.420467285E0
6.000000000E0	9.912429149E0
6.040000000E0	1.031849463E1
6.080000000E0	1.054525194E1
6.120000000E0	1.060342419E1
6.160000000E0	1.055821506E1
6.200000000E0	1.048386477E1
6.240000000E0	1.036628481E1
6.280000000E0	1.022838298E1
6.320000000E0	1.015788917E1
6.360000000E0	1.011713681E1
6.400000000E0	9.980406589E0
6.440000000E0	9.948371479E0
6.480000000E0	9.942567100E0
6.520000000E0	1.021665642E1
6.560000000E0	1.067691495E1
6.600000000E0	1.165766415E1
6.640000000E0	1.299342595E1
6.680000000E0	1.454681655E1
6.720000000E0	1.654421904E1
6.760000000E0	1.926313122E1
6.800000000E0	2.227190611E1
6.840000000E0	2.548257221E1
6.880000000E0	2.889633626E1
6.920000000E0	3.234624116E1
6.960000000E0	3.578216607E1
7.000000000E0	3.917797657E1
7.040000000E0	4.236736688E1
7.080000000E0	4.523191698E1
7.120000000E0	4.792967161E1
7.160000000E0	5.066687301E1
7.200000000E0	5.332724376E1
7.240000000E0	5.593760657E1
7.280000000E0	5.833984428E1
7.320000000E0	6.054709559E1
7.360000000E0	6.245687044E1
7.400000000E0	6.380158327E1
7.440000000E0	6.461885408E1
7.480000000E0	6.478250910E1
7.520000000E0	6.453370220E1
7.560000000E0	6.390146699E1
7.600000000E0	6.318216731E1
7.640000000E0	6.209461367E1
7.680000000E0	6.001842065E1
7.720000000E0	5.707503358E1
7.760000000E0	5.327989712E1
7.800000000E0	4.843066741E1
7.840000000E0	4.279208445E1
7.880000000E0	3.697355540E1
7.920000000E0	3.131458484E1
7.960000000E0	2.573315572E1
8.000000000E0	2.046760895E1
8.040000000E0	1.589439281E1
8.080000000E0	1.239397204E1
8.120000000E0	9.938815278E0
8.160000000E0	8.775645056E0
8.200000000E0	8.844090882E0
8.240000000E0	9.678232327E0
8.280000000E0	1.075584246E1
8.320000000E0	1.181412063E1
8.360000000E0	1.239607704E1
8.400000000E0	1.246570445E1
8.440000000E0	1.221638757E1
8.480000000E0	1.190226301E1
8.520000000E0	1.179040850E1
8.560000000E0	1.180778823E1
8.600000000E0	1.184922946E1
8.640000000E0	1.186481965E1
8.680000000E0	1.185913944E1
8.720000000E0	1.189838016E1
8.760000000E0	1.195034312E1
8.800000000E0	1.199123239E1
8.840000000E0	1.205131295E1
8.880000000E0	1.210968860E1
8.920000000E0	1.228193174E1
8.960000000E0	1.284038622E1
9.000000000E0	1.393822388E1
9.040000000E0	1.557105102E1
9.080000000E0	1.766432787E1
9.120000000E0	2.075848418E1
9.160000000E0	2.450864801E1
9.200000000E0	2.874328556E1
9.240000000E0	3.330329485E1
9.280000000E0	3.805268464E1
9.320000000E0	4.254926279E1
9.360000000E0	4.669028837E1
9.400000000E0	5.041168695E1
9.440000000E0	5.386069004E1
9.480000000E0	5.691063144E1
9.520000000E0	5.966921353E1
9.560000000E0	6.190770757E1
9.600000000E0	6.389960427E1
9.640000000E0	6.546385071E1
9.680000000E0	6.634749666E1
9.720000000E0	6.663498301E1
9.760000000E0	6.656299833E1
9.800000000E0	6.629910713E1
9.840000000E0	6.579396148E1
9.880000000E0	6.498286085E1
9.920000000E0	6.355833963E1
9.960000000E0	6.150212560E1
1.000000000E1	5.872230332E1
1.004000000E1	5.527005313E1
1.008000000E1	5.104221489E1
1.012000000E1	4.605665382E1
1.016000000E1	4.082219999E1
1.020000000E1	3.543718238E1
1.024000000E1	3.006748682E1
1.028000000E1	2.490659598E1
1.032000000E1	2.023099049E1
1.036000000E1	1.641241997E1
1.040000000E1	1.390233413E1
1.044000000E1	1.254631580E1
1.048000000E1	1.192196753E1
1.052000000E1	1.239114354E1
1.056000000E1	1.332715103E1
1.060000000E1	1.407110305E1
1.064000000E1	1.460805229E1
1.068000000E1	1.471195155E1
1.072000000E1	1.453318332E1
1.076000000E1	1.424515716E1
1.080000000E1	1.401676661E1
1.084000000E1	1.388985984E1
1.088000000E1	1.370080513E1
1.092000000E1	1.365249474E1
1.096000000E1	1.362506659E1
1.100000000E1	1.368143255E1
1.104000000E1	1.366533709E1
1.108000000E1	1.367793350E1
1.112000000E1	1.365345077E1
1.116000000E1	1.364825868E1
1.120000000E1	1.365857085E1
1.124000000E1	1.404307357E1
1.128000000E1	1.502273670E1
1.132000000E1	1.633272137E1
1.136000000E1	1.817011415E1
1.140000000E1	2.070097306E1
1.144000000E1	2.387745859E1
1.148000000E1	2.777409157E1
1.152000000E1	3.195384524E1
1.156000000E1	3.621177794E1
1.160000000E1	4.038159032E1
1.164000000E1	4.441994075E1
1.168000000E1	4.837171501E1
1.172000000E1	5.206156348E1
1.176000000E1	5.565853959E1
1.180000000E1	5.896082825E1
1.184000000E1	6.192004142E1
1.188000000E1	6.444370923E1
1.192000000E1	6.640896996E1
1.196000000E1	6.794139019E1
1.200000000E1	6.897079019E1
1.204000000E1	6.935011164E1
1.208000000E1	6.945688484E1
1.212000000E1	6.940430163E1
1.216000000E1	6.910722981E1
1.220000000E1	6.848153588E1
1.224000000E1	6.730029029E1
1.228000000E1	6.592685477E1
1.232000000E1	6.385953924E1
1.236000000E1	6.094082123E1
1.240000000E1	5.743203800E1
1.244000000E1	5.313894586E1
1.248000000E1	4.823820693E1
1.252000000E1	4.305215436E1
1.256000000E1	3.750556618E1
1.260000000E1	3.172792313E1
1.264000000E1	2.606754752E1
1.268000000E1	2.103028922E1
1.272000000E1	1.680498090E1
1.276000000E1	1.370718749E1
1.280000000E1	1.177131754E1
1.284000000E1	1.111955148E1
1.288000000E1	1.165228154E1
1.292000000E1	1.278055821E1
1.296000000E1	1.372174891E1
1.300000000E1	1.419973650E1
1.304000000E1	1.422537441E1
1.308000000E1	1.399980917E1
1.312000000E1	1.379194600E1
1.316000000E1	1.375032058E1
1.320000000E1	1.370583832E1
1.324000000E1	1.365751881E1
1.328000000E1	1.362504003E1
1.332000000E1	1.359617498E1
1.336000000E1	1.358206612E1
1.340000000E1	1.381939645E1
1.344000000E1	1.445258344E1
1.348000000E1	1.568310069E1
1.352000000E1	1.727817061E1
1.356000000E1	1.954635659E1
1.360000000E1	2.244948927E1
1.364000000E1	2.624064843E1
1.368000000E1	3.051372612E1
1.372000000E1	3.486190594E1
1.376000000E1	3.937698793E1
1.380000000E1	4.377799734E1
1.384000000E1	4.794505559E1
1.388000000E1	5.188957267E1
1.392000000E1	5.549344362E1
1.396000000E1	5.878024000E1
1.400000000E1	6.163075700E1
1.404000000E1	6.396245991E1
1.408000000E1	6.573469363E1
1.412000000E1	6.700464772E1
1.416000000E1	6.755487951E1
1.420000000E1	6.749814152E1
1.424000000E1	6.717920358E1
1.428000000E1	6.691342240E1
1.432000000E1	6.671386086E1
1.436000000E1	6.618407987E1
1.440000000E1	6.525843662E1
1.444000000E1	6.324281711E1
1.448000000E1	6.031934214E1
1.452000000E1	5.645767963E1
1.456000000E1	5.182672447E1
1.460000000E1	4.676938937E1
1.464000000E1	4.132143707E1
1.468000000E1	3.567087612E1
1.472000000E1	3.020909835E1
1.476000000E1	2.483356652E1
1.480000000E1	1.992183697E1
1.484000000E1	1.595337002E1
1.488000000E1	1.310601035E1
1.492000000E1	1.152719151E1
1.496000000E1	1.115126461E1
1.500000000E1	1.143374632E1
1.504000000E1	1.226579742E1
1.508000000E1	1.306146675E1
1.512000000E1	1.343649067E1
1.516000000E1	1.357825392E1
1.520000000E1	1.352714346E1
1.524000000E1	1.335225133E1
1.528000000E1	1.318972330E1
1.532000000E1	1.306059896E1
1.536000000E1	1.306663847E1
1.540000000E1	1.305671757E1
1.544000000E1	1.305106143E1
1.548000000E1	1.307121954E1
1.552000000E1	1.307723000E1
1.556000000E1	1.311708202E1
1.560000000E1	1.310744053E1
1.564000000E1	1.310778711E1
1.568000000E1	1.309430915E1
1.572000000E1	1.309741092E1
1.576000000E1	1.312364243E1
1.580000000E1	1.365102455E1
1.584000000E1	1.478369697E1
1.588000000E1	1.664325013E1
1.592000000E1	1.935960654E1
1.596000000E1	2.301224387E1
1.600000000E1	2.740382837E1
1.604000000E1	3.208567774E1
1.608000000E1	3.688337459E1
1.612000000E1	4.141913996E1
1.616000000E1	4.584312109E1
1.620000000E1	5.012123099E1
1.624000000E1	5.419881638E1
1.628000000E1	5.776377581E1
1.632000000E1	6.079307695E1
1.636000000E1	6.323613861E1
1.640000000E1	6.510025836E1
1.644000000E1	6.626108302E1
1.648000000E1	6.681546574E1
1.652000000E1	6.683091508E1
1.656000000E1	6.639887439E1
1.660000000E1	6.531972321E1
1.664000000E1	6.375211339E1
1.668000000E1	6.151138690E1
1.672000000E1	5.863762482E1
1.676000000E1	5.509180818E1
1.680000000E1	5.099120165E1
1.684000000E1	4.644708838E1
1.688000000E1	4.167956158E1
1.692000000E1	3.657652380E1
1.696000000E1	3.133791004E1
1.700000000E1	2.622146179E1
1.704000000E1	2.142846324E1
1.708000000E1	1.754198654E1
1.712000000E1	1.475888467E1
1.716000000E1	1.296377616E1
1.720000000E1	1.222679810E1
1.724000000E1	1.266654508E1
1.728000000E1	1.375824882E1
1.732000000E1	1.481591653E1
1.736000000E1	1.547702982E1
1.740000000E1	1.567530618E1
1.744000000E1	1.561350715E1
1.748000000E1	1.537766254E1
1.752000000E1	1.523911636E1
1.756000000E1	1.505767998E1
1.760000000E1	1.497108041E1
1.764000000E1	1.495564611E1
1.768000000E1	1.496500371E1
1.772000000E1	1.499618092E1
1.776000000E1	1.503103384E1
1.780000000E1	1.509683344E1
1.784000000E1	1.503745763E1
1.788000000E1	1.502481482E1
1.792000000E1	1.499205988E1
1.796000000E1	1.492760572E1
1.800000000E1	1.486365590E1
1.804000000E1	1.492378529E1
1.808000000E1	1.493180424E1
1.812000000E1	1.488372319E1
1.816000000E1	1.487330790E1
1.820000000E1	1.486847288E1
1.824000000E1	1.485874098E1
1.828000000E1	1.484162473E1
1.832000000E1	1.484091980E1
1.836000000E1	1.481239253E1
1.840000000E1	1.468943413E1
1.844000000E1	1.463023386E1
1.848000000E1	1.459622788E1
1.852000000E1	1.458334820E1
1.856000000E1	1.457893900E1
1.860000000E1	1.456971039E1
1.864000000E1	1.456365594E1
1.868000000E1	1.457420467E1
1.872000000E1	1.456468268E1
1.876000000E1	1.492143139E1
1.880000000E1	1.588944628E1
1.884000000E1	1.759033836E1
1.888000000E1	2.009404733E1
1.892000000E1	2.353444668E1
1.896000000E1	2.781489503E1
1.900000000E1	3.265478150E1
1.904000000E1	3.758359467E1
1.908000000E1	4.254575595E1
1.912000000E1	4.737369156E1
1.916000000E1	5.198167093E1
1.920000000E1	5.639609732E1
1.924000000E1	6.048155250E1
1.928000000E1	6.399359764E1
1.932000000E1	6.666185752E1
1.936000000E1	6.848453560E1
1.940000000E1	6.946661534E1
1.944000000E1	6.972212843E1
1.948000000E1	6.955274099E1
1.952000000E1	6.905683660E1
1.956000000E1	6.776656240E1
1.960000000E1	6.576842796E1
1.964000000E1	6.278491029E1
1.968000000E1	5.886589682E1
1.972000000E1	5.374513689E1
1.976000000E1	4.763703031E1
1.980000000E1	4.119743776E1
1.984000000E1	3.473695835E1
1.988000000E1	2.850019588E1
1.992000000E1	2.261838626E1
1.996000000E1	1.765105967E1
2.000000000E1	1.385229112E1
2.004000000E1	1.143528578E1
2.008000000E1	1.038338428E1
2.012000000E1	1.056162844E1
2.016000000E1	1.155161706E1
2.020000000E1	1.277340263E1
2.024000000E1	1.348389835E1
2.028000000E1	1.350077929E1
2.032000000E1	1.316807904E1
2.036000000E1	1.307530270E1
2.040000000E1	1.310690013E1
2.044000000E1	1.312493520E1
2.048000000E1	1.306836490E1
2.052000000E1	1.296472986E1
2.056000000E1	1.300422664E1
2.060000000E1	1.303918334E1
2.064000000E1	1.305518581E1
2.068000000E1	1.307331535E1
2.072000000E1	1.311044364E1
2.076000000E1	1.306334091E1
2.080000000E1	1.303959478E1
2.084000000E1	1.305970885E1
2.088000000E1	1.313296180E1
2.092000000E1	1.333007896E1
2.096000000E1	1.345940327E1
2.100000000E1	1.405242266E1
2.104000000E1	1.510883623E1
2.108000000E1	1.675151767E1
2.112000000E1	1.916185939E1
2.116000000E1	2.239178461E1
2.120000000E1	2.650971245E1
2.124000000E1	3.115580695E1
2.128000000E1	3.625967090E1
2.132000000E1	4.151718208E1
2.136000000E1	4.663653245E1
2.140000000E1	5.139645232E1
2.144000000E1	5.612173933E1
2.148000000E1	6.053692660E1
2.152000000E1	6.447631056E1
2.156000000E1	6.784353265E1
2.160000000E1	7.051105972E1
2.164000000E1	7.256310379E1
2.168000000E1	7.381032689E1
2.172000000E1	7.449607088E1
2.176000000E1	7.453459896E1
2.180000000E1	7.403629365E1
2.184000000E1	7.276258641E1
2.188000000E1	7.086040828E1
2.192000000E1	6.805272779E1
2.196000000E1	6.419795564E1
2.200000000E1	5.932973544E1
2.204000000E1	5.387599282E1
2.208000000E1	4.774387898E1
2.212000000E1	4.127579772E1
2.216000000E1	3.498573972E1
2.220000000E1	2.879142961E1
2.224000000E1	2.313710326E1
2.228000000E1	1.831150325E1
2.232000000E1	1.448805664E1
2.236000000E1	1.179766895E1
2.240000000E1	1.024759596E1
2.244000000E1	9.722383279E0
2.248000000E1	9.863157643E0
2.252000000E1	1.065387269E1
2.256000000E1	1.161438227E1
2.260000000E1	1.238730929E1
2.264000000E1	1.269256097E1
2.268000000E1	1.254856285E1
2.272000000E1	1.233465114E1
2.276000000E1	1.224674642E1
2.280000000E1	1.229465413E1
2.284000000E1	1.227316803E1
2.288000000E1	1.225046856E1
2.292000000E1	1.225920630E1
2.296000000E1	1.226979717E1
2.300000000E1	1.229376867E1
2.304000000E1	1.232967616E1
2.308000000E1	1.240878023E1
2.312000000E1	1.242051992E1
2.316000000E1	1.256822187E1
2.320000000E1	1.318036081E1
2.324000000E1	1.435751803E1
2.328000000E1	1.597319926E1
2.332000000E1	1.849789500E1
2.336000000E1	2.204660920E1
2.340000000E1	2.644364077E1
2.344000000E1	3.139286138E1
2.348000000E1	3.700614338E1
2.352000000E1	4.282203743E1
2.356000000E1	4.830397357E1
2.360000000E1	5.355150389E1
2.364000000E1	5.848597516E1
2.368000000E1	6.290805975E1
2.372000000E1	6.673003636E1
2.376000000E1	7.012157769E1
2.380000000E1	7.277963589E1
2.384000000E1	7.460409404E1
2.388000000E1	7.569627935E1
2.392000000E1	7.619373730E1
2.396000000E1	7.575065306E1
2.400000000E1	7.441727657E1
2.404000000E1	7.221177408E1
2.408000000E1	6.867272839E1
2.412000000E1	6.425904837E1
2.416000000E1	5.893844355E1
2.420000000E1	5.291251076E1
2.424000000E1	4.630523244E1
2.428000000E1	3.929436447E1
2.432000000E1	3.230118908E1
2.436000000E1	2.594788946E1
2.440000000E1	2.068702061E1
2.444000000E1	1.670655361E1
2.448000000E1	1.414619258E1
2.452000000E1	1.278222313E1
2.456000000E1	1.262164446E1
2.460000000E1	1.351111817E1
2.464000000E1	1.463881662E1
2.468000000E1	1.543199138E1
2.472000000E1	1.569503444E1
2.476000000E1	1.545705483E1
2.480000000E1	1.514847937E1
2.484000000E1	1.504099514E1
2.488000000E1	1.493326446E1
2.492000000E1	1.486104047E1
2.496000000E1	1.481781026E1
2.500000000E1	1.476410553E1
2.504000000E1	1.480770087E1
2.508000000E1	1.482245220E1
2.512000000E1	1.479250202E1
2.516000000E1	1.476484211E1
2.520000000E1	1.474324928E1
2.524000000E1	1.472178993E1
2.528000000E1	1.472241670E1
2.532000000E1	1.476387407E1
2.536000000E1	1.515116750E1
2.540000000E1	1.620283533E1
2.544000000E1	1.808195699E1
2.548000000E1	2.094186450E1
2.552000000E1	2.479872434E1
2.556000000E1	2.960100052E1
2.560000000E1	3.503835405E1
2.564000000E1	4.066936184E1
2.568000000E1	4.619123722E1
2.572000000E1	5.166839292E1
2.576000000E1	5.711754643E1
2.580000000E1	6.227656242E1
2.584000000E1	6.679397644E1
2.588000000E1	7.066928211E1
2.592000000E1	7.388659377E1
2.596000000E1	7.615185660E1
2.600000000E1	7.744061651E1
2.604000000E1	7.762159758E1
2.608000000E1	7.711802810E1
2.612000000E1	7.584224554E1
2.616000000E1	7.400951585E1
2.620000000E1	7.115122885E1
2.624000000E1	6.735576386E1
2.628000000E1	6.249974099E1
2.632000000E1	5.709280023E1
2.636000000E1	5.100485221E1
2.640000000E1	4.413532394E1
2.644000000E1	3.742085313E1
2.648000000E1	3.071360330E1
2.652000000E1	2.454723411E1
2.656000000E1	1.940105878E1
2.660000000E1	1.546023010E1
2.664000000E1	1.270805146E1
2.668000000E1	1.116854506E1
2.672000000E1	1.073821289E1
2.676000000E1	1.096721178E1
2.680000000E1	1.198108721E1
2.684000000E1	1.333292255E1
2.688000000E1	1.408695961E1
2.692000000E1	1.403165405E1
2.696000000E1	1.368148243E1
2.700000000E1	1.342707688E1
2.704000000E1	1.344093064E1
2.708000000E1	1.343213604E1
2.712000000E1	1.339487392E1
2.716000000E1	1.332780907E1
2.720000000E1	1.335464966E1
2.724000000E1	1.336862322E1
2.728000000E1	1.345284508E1
2.732000000E1	1.355334562E1
2.736000000E1	1.351857045E1
2.740000000E1	1.352817000E1
2.744000000E1	1.354614267E1
2.748000000E1	1.353195943E1
2.752000000E1	1.353159506E1
2.756000000E1	1.349867833E1
2.760000000E1	1.353751078E1
2.764000000E1	1.379493945E1
2.768000000E1	1.456538425E1
2.772000000E1	1.600934371E1
2.776000000E1	1.826224358E1
2.780000000E1	2.189221841E1
2.784000000E1	2.648270362E1
2.788000000E1	3.168618055E1
2.792000000E1	3.737319243E1
2.796000000E1	4.306769940E1
2.800000000E1	4.851490766E1
2.804000000E1	5.370628373E1
2.808000000E1	5.870207068E1
2.812000000E1	6.330690130E1
2.816000000E1	6.720668116E1
2.820000000E1	7.072911910E1
2.824000000E1	7.354625988E1
2.828000000E1	7.559445278E1
2.832000000E1	7.698066300E1
2.836000000E1	7.780473387E1
2.840000000E1	7.792772741E1
2.844000000E1	7.746301256E1
2.848000000E1	7.615373186E1
2.852000000E1	7.395467988E1
2.856000000E1	7.058845575E1
2.860000000E1	6.620327338E1
2.864000000E1	6.081379233E1
2.868000000E1	5.480553247E1
2.872000000E1	4.798055626E1
2.876000000E1	4.080967395E1
2.880000000E1	3.398089576E1
2.884000000E1	2.809812168E1
2.888000000E1	2.315717343E1
2.892000000E1	1.900606001E1
2.896000000E1	1.574063301E1
2.900000000E1	1.344670424E1
2.904000000E1	1.226050361E1
2.908000000E1	1.242451042E1
2.912000000E1	1.360368565E1
2.916000000E1	1.458237594E1
2.920000000E1	1.516761687E1
2.924000000E1	1.516921263E1
2.928000000E1	1.483849237E1
2.932000000E1	1.476641127E1
2.936000000E1	1.479054607E1
2.940000000E1	1.480126173E1
2.944000000E1	1.477710798E1
2.948000000E1	1.476618296E1
2.952000000E1	1.463949755E1
2.956000000E1	1.457372345E1
2.960000000E1	1.459042390E1
2.964000000E1	1.458082624E1
2.968000000E1	1.470119953E1
2.972000000E1	1.481308760E1
2.976000000E1	1.487362729E1
2.980000000E1	1.507512011E1
2.984000000E1	1.553673440E1
2.988000000E1	1.663948312E1
2.992000000E1	1.846600688E1
2.996000000E1	2.105264322E1
3.000000000E1	2.442188224E1
3.004000000E1	2.864253319E1
3.008000000E1	3.342846670E1
3.012000000E1	3.864289785E1
3.016000000E1	4.421741565E1
3.020000000E1	4.980759363E1
3.024000000E1	5.520867916E1
3.028000000E1	6.031170455E1
3.032000000E1	6.479523066E1
3.036000000E1	6.885741800E1
3.040000000E1	7.222556584E1
3.044000000E1	7.500346993E1
3.048000000E1	7.688945205E1
3.052000000E1	7.792848321E1
3.056000000E1	7.834918646E1
3.060000000E1	7.829150453E1
3.064000000E1	7.743391031E1
3.068000000E1	7.607806934E1
3.072000000E1	7.399650979E1
3.076000000E1	7.065383990E1
3.080000000E1	6.626436947E1
3.084000000E1	6.118032711E1
3.088000000E1	5.503320295E1
3.092000000E1	4.828379763E1
3.096000000E1	4.125126850E1
3.100000000E1	3.383560849E1
3.104000000E1	2.661526127E1
3.108000000E1	2.002311974E1
3.112000000E1	1.461219161E1
3.116000000E1	1.056381839E1
3.120000000E1	7.777113028E0
3.124000000E1	6.124434807E0
3.128000000E1	5.624685146E0
3.132000000E1	6.041309357E0
3.136000000E1	6.964244004E0
3.140000000E1	8.047239038E0
3.144000000E1	9.065209136E0
3.148000000E1	1.016332704E1
3.152000000E1	1.133515453E1
3.156000000E1	1.252383743E1
3.160000000E1	1.372978136E1
3.164000000E1	1.481152006E1
3.168000000E1	1.561415682E1
3.172000000E1	1.592842121E1
3.176000000E1	1.575007306E1
3.180000000E1	1.564399324E1
3.184000000E1	1.539281342E1
3.188000000E1	1.510638201E1
3.192000000E1	1.506863772E1
3.196000000E1	1.503658669E1
3.200000000E1	1.504201185E1
3.204000000E1	1.509230429E1
3.208000000E1	1.513777889E1
3.212000000E1	1.532364958E1
3.216000000E1	1.548513257E1
3.220000000E1	1.590991149E1
3.224000000E1	1.692534840E1
3.228000000E1	1.859822926E1
3.232000000E1	2.100333930E1
3.236000000E1	2.411877219E1
3.240000000E1	2.826582201E1
3.244000000E1	3.303612013E1
3.248000000E1	3.787192405E1
3.252000000E1	4.278311092E1
3.256000000E1	4.763240911E1
3.260000000E1	5.217995907E1
3.264000000E1	5.674422456E1
3.268000000E1	6.119398776E1
3.272000000E1	6.529402137E1
3.276000000E1	6.885739647E1
3.280000000E1	7.213199315E1
3.284000000E1	7.468753152E1
3.288000000E1	7.658406674E1
3.292000000E1	7.803068484E1
3.296000000E1	7.886367080E1
3.300000000E1	7.923192685E1
3.304000000E1	7.924268075E1
3.308000000E1	7.880544914E1
3.312000000E1	7.779946995E1
3.316000000E1	7.625355202E1
3.320000000E1	7.385806589E1
3.324000000E1	7.079810784E1
3.328000000E1	6.705293162E1
3.332000000E1	6.271315715E1
3.336000000E1	5.813217151E1
3.340000000E1	5.282572703E1
3.344000000E1	4.727953122E1
3.348000000E1	4.145156556E1
3.352000000E1	3.574102020E1
3.356000000E1	3.037458828E1
3.360000000E1	2.572856525E1
3.364000000E1	2.215557377E1
3.368000000E1	1.956992299E1
3.372000000E1	1.796342869E1
3.376000000E1	1.705074671E1
3.380000000E1	1.672770265E1
3.384000000E1	1.671625907E1
3.388000000E1	1.704855882E1
3.392000000E1	1.746286098E1
3.396000000E1	1.779109992E1
3.400000000E1	1.796668161E1
3.404000000E1	1.797154530E1
3.408000000E1	1.793356237E1
3.412000000E1	1.782735620E1
3.416000000E1	1.768318092E1
3.420000000E1	1.760847537E1
3.424000000E1	1.749459583E1
3.428000000E1	1.744413794E1
3.432000000E1	1.741995189E1
3.436000000E1	1.746373294E1
3.440000000E1	1.753798487E1
3.444000000E1	1.764658335E1
3.448000000E1	1.786312751E1
3.452000000E1	1.830453493E1
3.456000000E1	1.937602260E1
3.460000000E1	2.114658436E1
3.464000000E1	2.398445099E1
3.468000000E1	2.799173426E1
3.472000000E1	3.282916134E1
3.476000000E1	3.803641990E1
3.480000000E1	4.310579330E1
3.484000000E1	4.798867739E1
3.488000000E1	5.249095472E1
3.492000000E1	5.706813266E1
3.496000000E1	6.161974223E1
3.500000000E1	6.593426493E1
3.504000000E1	6.994896207E1
3.508000000E1	7.350109742E1
3.512000000E1	7.651549050E1
3.516000000E1	7.871173960E1
3.520000000E1	8.020305614E1
3.524000000E1	8.092160436E1
3.528000000E1	8.097645385E1
3.532000000E1	8.068918516E1
3.536000000E1	7.999361763E1
3.540000000E1	7.867999116E1
3.544000000E1	7.658302233E1
3.548000000E1	7.391994378E1
3.552000000E1	7.047796670E1
3.556000000E1	6.632541246E1
3.560000000E1	6.174348130E1
3.564000000E1	5.638919939E1
3.568000000E1	5.031563304E1
3.572000000E1	4.403690720E1
3.576000000E1	3.765716704E1
3.580000000E1	3.148248396E1
3.584000000E1	2.605966151E1
3.588000000E1	2.159262918E1
3.592000000E1	1.829276125E1
3.596000000E1	1.598034692E1
3.600000000E1	1.455807937E1
3.604000000E1	1.397582941E1
3.608000000E1	1.435803221E1
3.612000000E1	1.515164605E1
3.616000000E1	1.605165111E1
3.620000000E1	1.679995436E1
3.624000000E1	1.716832612E1
3.628000000E1	1.719169727E1
3.632000000E1	1.713216723E1
3.636000000E1	1.684542880E1
3.640000000E1	1.671553084E1
3.644000000E1	1.650359576E1
3.648000000E1	1.648711847E1
3.652000000E1	1.653199428E1
3.656000000E1	1.666505579E1
3.660000000E1	1.688369248E1
3.664000000E1	1.723301670E1
3.668000000E1	1.791049055E1
3.672000000E1	1.877638968E1
3.676000000E1	2.019418921E1
3.680000000E1	2.218201389E1
3.684000000E1	2.490424991E1
3.688000000E1	2.815451007E1
3.692000000E1	3.195222836E1
3.696000000E1	3.588485290E1
3.700000000E1	3.987056768E1
3.704000000E1	4.382539402E1
3.708000000E1	4.747569302E1
3.712000000E1	5.099670566E1
3.716000000E1	5.428029565E1
3.720000000E1	5.722239239E1
3.724000000E1	5.967083228E1
3.728000000E1	6.165792285E1
3.732000000E1	6.313713448E1
3.736000000E1	6.433717390E1
3.740000000E1	6.515596076E1
3.744000000E1	6.576326033E1
3.748000000E1	6.622753722E1
3.752000000E1	6.690635997E1
3.756000000E1	6.753266277E1
3.760000000E1	6.776291039E1
3.764000000E1	6.792504413E1
3.768000000E1	6.778408190E1
3.772000000E1	6.740891165E1
3.776000000E1	6.617022379E1
3.780000000E1	6.426593083E1
3.784000000E1	6.143999337E1
3.788000000E1	5.791526680E1
3.792000000E1	5.374743071E1
3.796000000E1	4.892280961E1
3.800000000E1	4.366442299E1
3.804000000E1	3.811571503E1
3.808000000E1	3.231487354E1
3.812000000E1	2.667581214E1
3.816000000E1	2.171597454E1
3.820000000E1	1.746886538E1
3.824000000E1	1.423151096E1
3.828000000E1	1.201885571E1
3.832000000E1	1.081549868E1
3.836000000E1	1.045050805E1
3.840000000E1	1.089138402E1
3.844000000E1	1.183963312E1
3.848000000E1	1.292732411E1
3.852000000E1	1.376593118E1
3.856000000E1	1.404075622E1
3.860000000E1	1.378711815E1
3.864000000E1	1.343666343E1
3.868000000E1	1.329102546E1
3.872000000E1	1.314209168E1
3.876000000E1	1.315060387E1
3.880000000E1	1.324730243E1
3.884000000E1	1.347200707E1
3.888000000E1	1.404619515E1
3.892000000E1	1.483436001E1
3.896000000E1	1.596895919E1
3.900000000E1	1.749832081E1
3.904000000E1	1.994378806E1
3.908000000E1	2.277683152E1
3.912000000E1	2.597755771E1
3.916000000E1	2.953831541E1
3.920000000E1	3.323827254E1
3.924000000E1	3.698568053E1
3.928000000E1	4.066274679E1
3.932000000E1	4.405161837E1
3.936000000E1	4.734805053E1
3.940000000E1	5.050586517E1
3.944000000E1	5.365549824E1
3.948000000E1	5.655389990E1
3.952000000E1	5.917045119E1
3.956000000E1	6.145481102E1
3.960000000E1	6.343804631E1
3.964000000E1	6.502227442E1
3.968000000E1	6.596485171E1
3.972000000E1	6.634501474E1
3.976000000E1	6.624556521E1
3.980000000E1	6.590176919E1
3.984000000E1	6.531207569E1
3.988000000E1	6.458973240E1
3.992000000E1	6.306523329E1
3.996000000E1	6.075762538E1
4.000000000E1	5.747612134E1
4.004000000E1	5.365172919E1
4.008000000E1	4.912382638E1
4.012000000E1	4.391990784E1
4.016000000E1	3.825688019E1
4.020000000E1	3.265397543E1
4.024000000E1	2.718539606E1
4.028000000E1	2.182220674E1
4.032000000E1	1.747636108E1
4.036000000E1	1.455202439E1
