
t/1	ANGLE/1
0.000000000E0	8.954601295E1
4.000000000E-2	8.955750003E1
8.000000000E-2	8.958801877E1
1.200000000E-1	8.964096566E1
1.600000000E-1	8.975868257E1
2.000000000E-1	8.979410711E1
2.400000000E-1	8.980939218E1
2.800000000E-1	8.982010087E1
3.200000000E-1	8.982680842E1
3.600000000E-1	8.983912058E1
4.000000000E-1	8.985589451E1
4.400000000E-1	8.986010604E1
4.800000000E-1	8.985778520E1
5.200000000E-1	8.985053873E1
5.600000000E-1	8.984535203E1
6.000000000E-1	8.984755297E1
6.400000000E-1	8.984929621E1
6.800000000E-1	8.984812419E1
7.200000000E-1	8.984711115E1
7.600000000E-1	8.983879398E1
8.000000000E-1	8.982717920E1
8.400000000E-1	8.983877675E1
8.800000000E-1	8.984232266E1
9.200000000E-1	8.986588352E1
9.600000000E-1	8.992720711E1
1.000000000E0	8.990932001E1
1.040000000E0	8.988845354E1
1.080000000E0	8.987532537E1
1.120000000E0	8.984743121E1
1.160000000E0	8.983506223E1
1.200000000E0	8.983268866E1
1.240000000E0	8.983010267E1
1.280000000E0	8.983499253E1
1.320000000E0	8.983887962E1
1.360000000E0	8.984004729E1
1.400000000E0	8.983207506E1
1.440000000E0	8.982834255E1
1.480000000E0	8.983630024E1
1.520000000E0	8.982774871E1
1.560000000E0	8.985638814E1
1.600000000E0	8.988252551E1
1.640000000E0	8.984923888E1
1.680000000E0	8.954912564E1
1.720000000E0	8.916928690E1
1.760000000E0	8.869483232E1
1.800000000E0	8.839746081E1
1.840000000E0	8.833309822E1
1.880000000E0	8.826530546E1
1.920000000E0	8.804907489E1
1.960000000E0	8.762328632E1
2.000000000E0	8.709645624E1
2.040000000E0	8.655955623E1
2.080000000E0	8.604199904E1
2.120000000E0	8.541660060E1
2.160000000E0	8.479586024E1
2.200000000E0	8.418020111E1
2.240000000E0	8.343270527E1
2.280000000E0	8.266254183E1
2.320000000E0	8.182711554E1
2.360000000E0	8.090449090E1
2.400000000E0	7.994431971E1
2.440000000E0	7.896758134E1
2.480000000E0	7.805054001E1
2.520000000E0	7.718184914E1
2.560000000E0	7.635203274E1
2.600000000E0	7.568656493E1
2.640000000E0	7.522906135E1
2.680000000E0	7.500654689E1
2.720000000E0	7.513593935E1
2.760000000E0	7.539808662E1
2.800000000E0	7.570670076E1
2.840000000E0	7.596003921E1
2.880000000E0	7.617486769E1
2.920000000E0	7.629265901E1
2.960000000E0	7.650066327E1
3.000000000E0	7.673730925E1
3.040000000E0	7.707389944E1
3.080000000E0	7.775799932E1
3.120000000E0	7.861616234E1
3.160000000E0	7.978823739E1
3.200000000E0	8.121372091E1
3.240000000E0	8.280630789E1
3.280000000E0	8.447043975E1
3.320000000E0	8.598181518E1
3.360000000E0	8.726874162E1
3.400000000E0	8.849830169E1
3.440000000E0	8.963866509E1
3.480000000E0	9.051020285E1
3.520000000E0	9.116416309E1
3.560000000E0	9.144433816E1
3.600000000E0	9.145457679E1
3.640000000E0	9.149356083E1
3.680000000E0	9.138662050E1
3.720000000E0	9.109007701E1
3.760000000E0	9.087031472E1
3.800000000E0	9.070010935E1
3.840000000E0	9.050302762E1
3.880000000E0	9.044742874E1
3.920000000E0	9.040410615E1
3.960000000E0	9.040888962E1
4.000000000E0	9.043080542E1
4.040000000E0	9.043677700E1
4.080000000E0	9.039331857E1
4.120000000E0	9.020486492E1
4.160000000E0	9.009278724E1
4.200000000E0	8.983196835E1
4.240000000E0	8.966496182E1
4.280000000E0	8.939909046E1
4.320000000E0	8.900789364E1
4.360000000E0	8.843326310E1
4.400000000E0	8.772388888E1
4.440000000E0	8.694975453E1
4.480000000E0	8.619577731E1
4.520000000E0	8.554778444E1
4.560000000E0	8.489415479E1
4.600000000E0	8.422155864E1
4.640000000E0	8.361477677E1
4.680000000E0	8.296687638E1
4.720000000E0	8.231846727E1
4.760000000E0	8.163786462E1
4.800000000E0	8.086843894E1
4.840000000E0	8.011136064E1
4.880000000E0	7.938095382E1
4.920000000E0	7.863766917E1
4.960000000E0	7.789127449E1
5.000000000E0	7.727475103E1
5.040000000E0	7.673062808E1
5.080000000E0	7.635177436E1
5.120000000E0	7.606885842E1
5.160000000E0	7.600685432E1
5.200000000E0	7.614147910E1
5.240000000E0	7.646802565E1
5.280000000E0	7.676755113E1
5.320000000E0	7.724228881E1
5.360000000E0	7.777282699E1
5.400000000E0	7.857030107E1
5.440000000E0	7.953458412E1
5.480000000E0	8.054805015E1
5.520000000E0	8.176193861E1
5.560000000E0	8.318315338E1
5.600000000E0	8.463870042E1
5.640000000E0	8.612709194E1
5.680000000E0	8.748178469E1
5.720000000E0	8.875128417E1
5.760000000E0	8.972019152E1
5.800000000E0	9.036859377E1
5.840000000E0	9.076982776E1
5.880000000E0	9.097302878E1
5.920000000E0	9.097062354E1
5.960000000E0	9.073046091E1
6.000000000E0	9.040085712E1
6.040000000E0	9.013903896E1
6.080000000E0	8.992784711E1
6.120000000E0	8.984234255E1
6.160000000E0	8.983662080E1
6.200000000E0	8.984782772E1
6.240000000E0	8.987061124E1
6.280000000E0	9.000772859E1
6.320000000E0	9.012336743E1
6.360000000E0	9.013892412E1
6.400000000E0	9.014815861E1
6.440000000E0	9.013693542E1
6.480000000E0	9.011251548E1
6.520000000E0	8.990697049E1
6.560000000E0	8.963712669E1
6.600000000E0	8.934602020E1
6.640000000E0	8.903991005E1
6.680000000E0	8.871856061E1
6.720000000E0	8.841235729E1
6.760000000E0	8.804354488E1
6.800000000E0	8.755172466E1
6.840000000E0	8.691957173E1
6.880000000E0	8.624107909E1
6.920000000E0	8.543536400E1
6.960000000E0	8.462145163E1
7.000000000E0	8.392298026E1
7.040000000E0	8.326665945E1
7.080000000E0	8.258826223E1
7.120000000E0	8.184097006E1
7.160000000E0	8.108804419E1
7.200000000E0	8.019028051E1
7.240000000E0	7.913743203E1
7.280000000E0	7.805765426E1
7.320000000E0	7.713929019E1
7.360000000E0	7.631016485E1
7.400000000E0	7.570452382E1
7.440000000E0	7.529288143E1
7.480000000E0	7.508660924E1
7.520000000E0	7.513136363E1
7.560000000E0	7.539893233E1
7.600000000E0	7.580489076E1
7.640000000E0	7.609254465E1
7.680000000E0	7.638584972E1
7.720000000E0	7.675921615E1
7.760000000E0	7.741385332E1
7.800000000E0	7.839283584E1
7.840000000E0	7.958868182E1
7.880000000E0	8.103023005E1
7.920000000E0	8.256516162E1
7.960000000E0	8.422861089E1
8.000000000E0	8.590280346E1
8.040000000E0	8.759045123E1
8.080000000E0	8.906939017E1
8.120000000E0	9.001724397E1
8.160000000E0	9.070414842E1
8.200000000E0	9.112824796E1
8.240000000E0	9.132209652E1
8.280000000E0	9.111064244E1
8.320000000E0	9.063506968E1
8.360000000E0	9.021768013E1
8.400000000E0	8.991490318E1
8.440000000E0	8.987184710E1
8.480000000E0	8.990856429E1
8.520000000E0	9.008882181E1
8.560000000E0	9.010923012E1
8.600000000E0	9.010834561E1
8.640000000E0	9.005259896E1
8.680000000E0	8.994882530E1
8.720000000E0	8.987228003E1
8.760000000E0	8.984388845E1
8.800000000E0	8.982638896E1
8.840000000E0	8.981556439E1
8.880000000E0	8.979971997E1
8.920000000E0	8.975224090E1
8.960000000E0	8.953717267E1
9.000000000E0	8.931689255E1
9.040000000E0	8.921124576E1
9.080000000E0	8.901082320E1
9.120000000E0	8.859321720E1
9.160000000E0	8.779510093E1
9.200000000E0	8.681646072E1
9.240000000E0	8.576120608E1
9.280000000E0	8.460769616E1
9.320000000E0	8.337360875E1
9.360000000E0	8.220777301E1
9.400000000E0	8.107008046E1
9.440000000E0	7.992935760E1
9.480000000E0	7.881517143E1
9.520000000E0	7.772070706E1
9.560000000E0	7.673819504E1
9.600000000E0	7.590839453E1
9.640000000E0	7.526924108E1
9.680000000E0	7.483570737E1
9.720000000E0	7.462506204E1
9.760000000E0	7.472767402E1
9.800000000E0	7.507641853E1
9.840000000E0	7.542186831E1
9.880000000E0	7.580425429E1
9.920000000E0	7.617722512E1
9.960000000E0	7.644410889E1
1.000000000E1	7.697427420E1
1.004000000E1	7.791969621E1
1.008000000E1	7.899991739E1
1.012000000E1	8.027270564E1
1.016000000E1	8.173267197E1
1.020000000E1	8.334107689E1
1.024000000E1	8.479614814E1
1.028000000E1	8.615121779E1
1.032000000E1	8.733792078E1
1.036000000E1	8.843788378E1
1.040000000E1	8.935501579E1
1.044000000E1	8.998062844E1
1.048000000E1	9.029743877E1
1.052000000E1	9.043342108E1
1.056000000E1	9.027161453E1
1.060000000E1	8.981655326E1
1.064000000E1	8.924918284E1
1.068000000E1	8.891908122E1
1.072000000E1	8.880893193E1
1.076000000E1	8.889778177E1
1.080000000E1	8.896064900E1
1.084000000E1	8.906254173E1
1.088000000E1	8.917877798E1
1.092000000E1	8.920246485E1
1.096000000E1	8.920802161E1
1.100000000E1	8.916919753E1
1.104000000E1	8.915839298E1
1.108000000E1	8.914489475E1
1.112000000E1	8.921287871E1
1.116000000E1	8.922085911E1
1.120000000E1	8.922114278E1
1.124000000E1	8.900591113E1
1.128000000E1	8.887441953E1
1.132000000E1	8.864233760E1
1.136000000E1	8.836134509E1
1.140000000E1	8.799400984E1
1.144000000E1	8.740853609E1
1.148000000E1	8.663072358E1
1.152000000E1	8.562401660E1
1.156000000E1	8.453425145E1
1.160000000E1	8.349171218E1
1.164000000E1	8.246148401E1
1.168000000E1	8.144258854E1
1.172000000E1	8.036124180E1
1.176000000E1	7.909636685E1
1.180000000E1	7.780385834E1
1.184000000E1	7.652381615E1
1.188000000E1	7.545208360E1
1.192000000E1	7.455228845E1
1.196000000E1	7.385800839E1
1.200000000E1	7.338669636E1
1.204000000E1	7.315371930E1
1.208000000E1	7.321102262E1
1.212000000E1	7.349985629E1
1.216000000E1	7.378221214E1
1.220000000E1	7.396517248E1
1.224000000E1	7.420792905E1
1.228000000E1	7.455853123E1
1.232000000E1	7.499476035E1
1.236000000E1	7.563959608E1
1.240000000E1	7.643203061E1
1.244000000E1	7.746857079E1
1.248000000E1	7.875915048E1
1.252000000E1	8.012092916E1
1.256000000E1	8.164534566E1
1.260000000E1	8.293826564E1
1.264000000E1	8.425232881E1
1.268000000E1	8.570787902E1
1.272000000E1	8.729583824E1
1.276000000E1	8.867874295E1
1.280000000E1	8.972082377E1
1.284000000E1	9.052891589E1
1.288000000E1	9.102256777E1
1.292000000E1	9.117388893E1
1.296000000E1	9.094031042E1
1.300000000E1	9.058932120E1
1.304000000E1	9.033336573E1
1.308000000E1	9.039300211E1
1.312000000E1	9.048655876E1
1.316000000E1	9.058460264E1
1.320000000E1	9.054816484E1
1.324000000E1	9.048399218E1
1.328000000E1	9.043782163E1
1.332000000E1	9.030092946E1
1.336000000E1	9.016516824E1
1.340000000E1	9.008679974E1
1.344000000E1	8.984716629E1
1.348000000E1	8.958228714E1
1.352000000E1	8.932234615E1
1.356000000E1	8.894761013E1
1.360000000E1	8.837174829E1
1.364000000E1	8.769062739E1
1.368000000E1	8.685915409E1
1.372000000E1	8.591465103E1
1.376000000E1	8.480040344E1
1.380000000E1	8.353644256E1
1.384000000E1	8.224697738E1
1.388000000E1	8.100531896E1
1.392000000E1	7.973744012E1
1.396000000E1	7.851558043E1
1.400000000E1	7.734059580E1
1.404000000E1	7.631322146E1
1.408000000E1	7.550549524E1
1.412000000E1	7.495502160E1
1.416000000E1	7.456538164E1
1.420000000E1	7.445707390E1
1.424000000E1	7.456647205E1
1.428000000E1	7.479175042E1
1.432000000E1	7.501921290E1
1.436000000E1	7.522727806E1
1.440000000E1	7.535092936E1
1.444000000E1	7.554012555E1
1.448000000E1	7.594519207E1
1.452000000E1	7.673080687E1
1.456000000E1	7.793163092E1
1.460000000E1	7.931324478E1
1.464000000E1	8.072705922E1
1.468000000E1	8.225150423E1
1.472000000E1	8.377995389E1
1.476000000E1	8.505072528E1
1.480000000E1	8.639369208E1
1.484000000E1	8.785321667E1
1.488000000E1	8.917341081E1
1.492000000E1	9.004239210E1
1.496000000E1	9.066753879E1
1.500000000E1	9.100854916E1
1.504000000E1	9.111798742E1
1.508000000E1	9.096132538E1
1.512000000E1	9.064682301E1
1.516000000E1	9.041768833E1
1.520000000E1	9.034001302E1
1.524000000E1	9.039922569E1
1.528000000E1	9.047844283E1
1.532000000E1	9.065802301E1
1.536000000E1	9.069446569E1
1.540000000E1	9.061196330E1
1.544000000E1	9.048693193E1
1.548000000E1	9.045292690E1
1.552000000E1	9.043434996E1
1.556000000E1	9.039934290E1
1.560000000E1	9.034258170E1
1.564000000E1	9.028145300E1
1.568000000E1	9.022943020E1
1.572000000E1	9.021245909E1
1.576000000E1	9.017622345E1
1.580000000E1	8.989048254E1
1.584000000E1	8.976753647E1
1.588000000E1	8.951545584E1
1.592000000E1	8.899915855E1
1.596000000E1	8.828155027E1
1.600000000E1	8.720115775E1
1.604000000E1	8.593163718E1
1.608000000E1	8.458815022E1
1.612000000E1	8.335104146E1
1.616000000E1	8.215134216E1
1.620000000E1	8.098908179E1
1.624000000E1	7.994827261E1
1.628000000E1	7.889719107E1
1.632000000E1	7.783839511E1
1.636000000E1	7.697542333E1
1.640000000E1	7.635454695E1
1.644000000E1	7.593362962E1
1.648000000E1	7.582880694E1
1.652000000E1	7.592066229E1
1.656000000E1	7.622842160E1
1.660000000E1	7.678504534E1
1.664000000E1	7.737672491E1
1.668000000E1	7.805718336E1
1.672000000E1	7.878417985E1
1.676000000E1	7.955230254E1
1.680000000E1	8.040729127E1
1.684000000E1	8.133574883E1
1.688000000E1	8.235389001E1
1.692000000E1	8.341628318E1
1.696000000E1	8.455409773E1
1.700000000E1	8.583964937E1
1.704000000E1	8.715957002E1
1.708000000E1	8.853829953E1
1.712000000E1	8.978447102E1
1.716000000E1	9.078775527E1
1.720000000E1	9.164532775E1
1.724000000E1	9.221027186E1
1.728000000E1	9.234933481E1
1.732000000E1	9.206131552E1
1.736000000E1	9.152059203E1
1.740000000E1	9.108266615E1
1.744000000E1	9.097328057E1
1.748000000E1	9.100240679E1
1.752000000E1	9.108421830E1
1.756000000E1	9.130571194E1
1.760000000E1	9.135182078E1
1.764000000E1	9.138325636E1
1.768000000E1	9.141686482E1
1.772000000E1	9.135971403E1
1.776000000E1	9.134301271E1
1.780000000E1	9.133307651E1
1.784000000E1	9.134770869E1
1.788000000E1	9.136883516E1
1.792000000E1	9.140841897E1
1.796000000E1	9.139968401E1
1.800000000E1	9.139982341E1
1.804000000E1	9.135542070E1
1.808000000E1	9.133717745E1
1.812000000E1	9.132223584E1
1.816000000E1	9.130644585E1
1.820000000E1	9.131090589E1
1.824000000E1	9.131583454E1
1.828000000E1	9.132633375E1
1.832000000E1	9.133619942E1
1.836000000E1	9.133324879E1
1.840000000E1	9.132879545E1
1.844000000E1	9.132122027E1
1.848000000E1	9.130345116E1
1.852000000E1	9.131469732E1
1.856000000E1	9.133004116E1
1.860000000E1	9.131624334E1
1.864000000E1	9.130147782E1
1.868000000E1	9.129623087E1
1.872000000E1	9.111722783E1
1.876000000E1	9.081555278E1
1.880000000E1	9.045558020E1
1.884000000E1	9.003002813E1
1.888000000E1	8.952043419E1
1.892000000E1	8.874299598E1
1.896000000E1	8.774388496E1
1.900000000E1	8.649791000E1
1.904000000E1	8.504310246E1
1.908000000E1	8.356480676E1
1.912000000E1	8.209112224E1
1.916000000E1	8.068139019E1
1.920000000E1	7.916393768E1
1.924000000E1	7.770461222E1
1.928000000E1	7.627820594E1
1.932000000E1	7.514502737E1
1.936000000E1	7.425399578E1
1.940000000E1	7.372845048E1
1.944000000E1	7.350327293E1
1.948000000E1	7.359333038E1
1.952000000E1	7.391671447E1
1.956000000E1	7.445936432E1
1.960000000E1	7.502860249E1
1.964000000E1	7.569146459E1
1.968000000E1	7.660290890E1
1.972000000E1	7.782982075E1
1.976000000E1	7.938296812E1
1.980000000E1	8.109822569E1
1.984000000E1	8.302850364E1
1.988000000E1	8.497174701E1
1.992000000E1	8.674892285E1
1.996000000E1	8.839277415E1
2.000000000E1	8.991069932E1
2.004000000E1	9.115587175E1
2.008000000E1	9.217271983E1
2.012000000E1	9.283732851E1
2.016000000E1	9.307135755E1
2.020000000E1	9.288080987E1
2.024000000E1	9.232708929E1
2.028000000E1	9.190128866E1
2.032000000E1	9.175613398E1
2.036000000E1	9.184664718E1
2.040000000E1	9.196742392E1
2.044000000E1	9.200838782E1
2.048000000E1	9.198559301E1
2.052000000E1	9.195780625E1
2.056000000E1	9.191676427E1
2.060000000E1	9.184949865E1
2.064000000E1	9.178667380E1
2.068000000E1	9.172448848E1
2.072000000E1	9.170851898E1
2.076000000E1	9.171878386E1
2.080000000E1	9.172191167E1
2.084000000E1	9.167872874E1
2.088000000E1	9.162339623E1
2.092000000E1	9.142750907E1
2.096000000E1	9.127034466E1
2.100000000E1	9.093707169E1
2.104000000E1	9.051107961E1
2.108000000E1	9.015252748E1
2.112000000E1	8.956516806E1
2.116000000E1	8.893079879E1
2.120000000E1	8.810679251E1
2.124000000E1	8.705927294E1
2.128000000E1	8.582944678E1
2.132000000E1	8.442223892E1
2.136000000E1	8.297509276E1
2.140000000E1	8.147742256E1
2.144000000E1	7.984102053E1
2.148000000E1	7.815354266E1
2.152000000E1	7.649635480E1
2.156000000E1	7.488345145E1
2.160000000E1	7.359587725E1
2.164000000E1	7.264052272E1
2.168000000E1	7.205682195E1
2.172000000E1	7.170102351E1
2.176000000E1	7.166974479E1
2.180000000E1	7.183472240E1
2.184000000E1	7.222605929E1
2.188000000E1	7.277307575E1
2.192000000E1	7.349813489E1
2.196000000E1	7.440517033E1
2.200000000E1	7.565308564E1
2.204000000E1	7.722497315E1
2.208000000E1	7.902582512E1
2.212000000E1	8.087582453E1
2.216000000E1	8.291118701E1
2.220000000E1	8.489875428E1
2.224000000E1	8.678599649E1
2.228000000E1	8.853006804E1
2.232000000E1	9.006352644E1
2.236000000E1	9.129427034E1
2.240000000E1	9.223493662E1
2.244000000E1	9.284414048E1
2.248000000E1	9.319904047E1
2.252000000E1	9.335383948E1
2.256000000E1	9.317774960E1
2.260000000E1	9.277573725E1
2.264000000E1	9.238895745E1
2.268000000E1	9.229199584E1
2.272000000E1	9.233515908E1
2.276000000E1	9.252130380E1
2.280000000E1	9.260806678E1
2.284000000E1	9.259088404E1
2.288000000E1	9.257310348E1
2.292000000E1	9.259300359E1
2.296000000E1	9.259833331E1
2.300000000E1	9.258883679E1
2.304000000E1	9.257329082E1
2.308000000E1	9.254417803E1
2.312000000E1	9.239224002E1
2.316000000E1	9.222951346E1
2.320000000E1	9.174005851E1
2.324000000E1	9.133730692E1
2.328000000E1	9.091635820E1
2.332000000E1	9.046889429E1
2.336000000E1	8.979246312E1
2.340000000E1	8.882483773E1
2.344000000E1	8.770348983E1
2.348000000E1	8.635340840E1
2.352000000E1	8.491601303E1
2.356000000E1	8.321956142E1
2.360000000E1	8.140499281E1
2.364000000E1	7.967134638E1
2.368000000E1	7.799748644E1
2.372000000E1	7.649764586E1
2.376000000E1	7.508544808E1
2.380000000E1	7.400461272E1
2.384000000E1	7.317912901E1
2.388000000E1	7.267723613E1
2.392000000E1	7.254758362E1
2.396000000E1	7.267199573E1
2.400000000E1	7.305158108E1
2.404000000E1	7.362481831E1
2.408000000E1	7.452481054E1
2.412000000E1	7.557993238E1
2.416000000E1	7.701175804E1
2.420000000E1	7.859550954E1
2.424000000E1	8.033173450E1
2.428000000E1	8.217835938E1
2.432000000E1	8.424858701E1
2.436000000E1	8.605018879E1
2.440000000E1	8.756092984E1
2.444000000E1	8.887835827E1
2.448000000E1	9.003732317E1
2.452000000E1	9.076186578E1
2.456000000E1	9.135728404E1
2.460000000E1	9.165750782E1
2.464000000E1	9.165409359E1
2.468000000E1	9.150646978E1
2.472000000E1	9.130568259E1
2.476000000E1	9.132741995E1
2.480000000E1	9.146741995E1
2.484000000E1	9.169414326E1
2.488000000E1	9.191970278E1
2.492000000E1	9.195289835E1
2.496000000E1	9.192865203E1
2.500000000E1	9.182748187E1
2.504000000E1	9.173805147E1
2.508000000E1	9.170766891E1
2.512000000E1	9.170684990E1
2.516000000E1	9.168805305E1
2.520000000E1	9.167600020E1
2.524000000E1	9.167418833E1
2.528000000E1	9.167258418E1
2.532000000E1	9.152962040E1
2.536000000E1	9.123514479E1
2.540000000E1	9.078453952E1
2.544000000E1	9.044581795E1
2.548000000E1	8.985938428E1
2.552000000E1	8.913475150E1
2.556000000E1	8.808788384E1
2.560000000E1	8.677344165E1
2.564000000E1	8.527105804E1
2.568000000E1	8.369626300E1
2.572000000E1	8.185280576E1
2.576000000E1	7.981504547E1
2.580000000E1	7.769857700E1
2.584000000E1	7.564546558E1
2.588000000E1	7.386739845E1
2.592000000E1	7.242296709E1
2.596000000E1	7.128028967E1
2.600000000E1	7.057900365E1
2.604000000E1	7.032648613E1
2.608000000E1	7.048828718E1
2.612000000E1	7.092120535E1
2.616000000E1	7.166150306E1
2.620000000E1	7.269041436E1
2.624000000E1	7.385947326E1
2.628000000E1	7.528912165E1
2.632000000E1	7.685835202E1
2.636000000E1	7.871163587E1
2.640000000E1	7.881377416E1
2.644000000E1	8.068696697E1
2.648000000E1	8.256599964E1
2.652000000E1	8.437520913E1
2.656000000E1	8.630175758E1
2.660000000E1	8.808954396E1
2.664000000E1	8.963017288E1
2.668000000E1	9.071488540E1
2.672000000E1	9.127617813E1
2.676000000E1	9.138753155E1
2.680000000E1	9.134174813E1
2.684000000E1	9.110012269E1
2.688000000E1	9.069842315E1
2.692000000E1	9.052827257E1
2.696000000E1	9.063581753E1
2.700000000E1	9.085632159E1
2.704000000E1	9.106219085E1
2.708000000E1	9.123281906E1
2.712000000E1	9.122529575E1
2.716000000E1	9.119172775E1
2.720000000E1	9.118722251E1
2.724000000E1	9.116694720E1
2.728000000E1	9.113962755E1
2.732000000E1	9.114214484E1
2.736000000E1	9.108166901E1
2.740000000E1	9.100998584E1
2.744000000E1	9.097290770E1
2.748000000E1	9.097023694E1
2.752000000E1	9.097000480E1
2.756000000E1	9.096831537E1
2.760000000E1	9.091922601E1
2.764000000E1	9.064045701E1
2.768000000E1	9.010574947E1
2.772000000E1	8.973394511E1
2.776000000E1	8.921878576E1
2.780000000E1	8.867499401E1
2.784000000E1	8.782940188E1
2.788000000E1	8.666774219E1
2.792000000E1	8.521042515E1
2.796000000E1	8.360134846E1
2.800000000E1	8.182141518E1
2.804000000E1	7.998031526E1
2.808000000E1	7.825465880E1
2.812000000E1	7.640407355E1
2.816000000E1	7.471895417E1
2.820000000E1	7.317119492E1
2.824000000E1	7.190680743E1
2.828000000E1	7.107035899E1
2.832000000E1	7.051582762E1
2.836000000E1	7.028248882E1
2.840000000E1	7.029325153E1
2.844000000E1	7.047376370E1
2.848000000E1	7.082908635E1
2.852000000E1	7.143860552E1
2.856000000E1	7.226047065E1
2.860000000E1	7.329549100E1
2.864000000E1	7.464125075E1
2.868000000E1	7.625416822E1
2.872000000E1	7.805675285E1
2.876000000E1	7.999799211E1
2.880000000E1	8.221819308E1
2.884000000E1	8.429983229E1
2.888000000E1	8.617104339E1
2.892000000E1	8.784811860E1
2.896000000E1	8.900526645E1
2.900000000E1	8.986787973E1
2.904000000E1	9.043925691E1
2.908000000E1	9.080059911E1
2.912000000E1	9.092425918E1
2.916000000E1	9.070451327E1
2.920000000E1	9.031241273E1
2.924000000E1	9.000302758E1
2.928000000E1	8.992093478E1
2.932000000E1	8.998475876E1
2.936000000E1	9.007120570E1
2.940000000E1	9.011479986E1
2.944000000E1	9.011621534E1
2.948000000E1	9.011423416E1
2.952000000E1	9.031970542E1
2.956000000E1	9.037807371E1
2.960000000E1	9.038247584E1
2.964000000E1	9.034728918E1
2.968000000E1	9.033133401E1
2.972000000E1	9.030367241E1
2.976000000E1	9.015536885E1
2.980000000E1	9.005784753E1
2.984000000E1	8.973726318E1
2.988000000E1	8.920360490E1
2.992000000E1	8.889204762E1
2.996000000E1	8.840382942E1
3.000000000E1	8.770752104E1
3.004000000E1	8.685722530E1
3.008000000E1	8.584704138E1
3.012000000E1	8.461415428E1
3.016000000E1	8.320517181E1
3.020000000E1	8.159279541E1
3.024000000E1	7.971071922E1
3.028000000E1	7.769863168E1
3.032000000E1	7.560222101E1
3.036000000E1	7.371523142E1
3.040000000E1	7.203954756E1
3.044000000E1	7.077511022E1
3.048000000E1	6.978489143E1
3.052000000E1	6.925871046E1
3.056000000E1	6.908228468E1
3.060000000E1	6.920909610E1
3.064000000E1	6.955339674E1
3.068000000E1	7.001008766E1
3.072000000E1	7.074849620E1
3.076000000E1	7.168412982E1
3.080000000E1	7.281088474E1
3.084000000E1	7.402331584E1
3.088000000E1	7.551396764E1
3.092000000E1	7.719654721E1
3.096000000E1	7.904877470E1
3.100000000E1	8.112781933E1
3.104000000E1	8.312009888E1
3.108000000E1	8.520323096E1
3.112000000E1	8.738277676E1
3.116000000E1	8.945430562E1
3.120000000E1	9.088580617E1
3.124000000E1	9.176858135E1
3.128000000E1	9.226278066E1
3.132000000E1	9.239165628E1
3.136000000E1	9.199173946E1
3.140000000E1	9.126606231E1
3.144000000E1	9.042736515E1
3.148000000E1	8.983427303E1
3.152000000E1	8.942308539E1
3.156000000E1	8.912511291E1
3.160000000E1	8.883958797E1
3.164000000E1	8.857258898E1
3.168000000E1	8.823944445E1
3.172000000E1	8.791022997E1
3.176000000E1	8.791611584E1
3.180000000E1	8.820098304E1
3.184000000E1	8.844297401E1
3.188000000E1	8.856848941E1
3.192000000E1	8.872759796E1
3.196000000E1	8.884996311E1
3.200000000E1	8.885804178E1
3.204000000E1	8.882072226E1
3.208000000E1	8.874795991E1
3.212000000E1	8.862137127E1
3.216000000E1	8.854263335E1
3.220000000E1	8.827682020E1
3.224000000E1	8.818811919E1
3.228000000E1	8.808645375E1
3.232000000E1	8.792043849E1
3.236000000E1	8.755314677E1
3.240000000E1	8.696856219E1
3.244000000E1	8.616089101E1
3.248000000E1	8.517200841E1
3.252000000E1	8.394902556E1
3.256000000E1	8.259759694E1
3.260000000E1	8.112763970E1
3.264000000E1	7.944830150E1
3.268000000E1	7.744831159E1
3.272000000E1	7.549699421E1
3.276000000E1	7.374885951E1
3.280000000E1	7.222622589E1
3.284000000E1	7.094798611E1
3.288000000E1	6.998242928E1
3.292000000E1	6.928602714E1
3.296000000E1	6.888839541E1
3.300000000E1	6.873919389E1
3.304000000E1	6.882291290E1
3.308000000E1	6.909523371E1
3.312000000E1	6.948591275E1
3.316000000E1	7.003388001E1
3.320000000E1	7.073283625E1
3.324000000E1	7.164832817E1
3.328000000E1	7.279535591E1
3.332000000E1	7.398590833E1
3.336000000E1	7.534312850E1
3.340000000E1	7.666257757E1
3.344000000E1	7.802566756E1
3.348000000E1	7.965436585E1
3.352000000E1	8.123089153E1
3.356000000E1	8.280390692E1
3.360000000E1	8.414320169E1
3.364000000E1	8.531970769E1
3.368000000E1	8.645784820E1
3.372000000E1	8.739955988E1
3.376000000E1	8.800518948E1
3.380000000E1	8.828234623E1
3.384000000E1	8.831710993E1
3.388000000E1	8.834399392E1
3.392000000E1	8.826507029E1
3.396000000E1	8.801848620E1
3.400000000E1	8.778600045E1
3.404000000E1	8.765759832E1
3.408000000E1	8.770534780E1
3.412000000E1	8.791911959E1
3.416000000E1	8.803651396E1
3.420000000E1	8.822260405E1
3.424000000E1	8.827305038E1
3.428000000E1	8.829047783E1
3.432000000E1	8.831315598E1
3.436000000E1	8.826418616E1
3.440000000E1	8.824375989E1
3.444000000E1	8.818329790E1
3.448000000E1	8.794670485E1
3.452000000E1	8.760214285E1
3.456000000E1	8.701708901E1
3.460000000E1	8.642433906E1
3.464000000E1	8.584181529E1
3.468000000E1	8.523631770E1
3.472000000E1	8.445718363E1
3.476000000E1	8.354534777E1
3.480000000E1	8.248121988E1
3.484000000E1	8.135639643E1
3.488000000E1	8.006368225E1
3.492000000E1	7.868903660E1
3.496000000E1	7.707235403E1
3.500000000E1	7.521951232E1
3.504000000E1	7.323626960E1
3.508000000E1	7.118730245E1
3.512000000E1	6.949159121E1
3.516000000E1	6.822496228E1
3.520000000E1	6.738265828E1
3.524000000E1	6.694203801E1
3.528000000E1	6.681936721E1
3.532000000E1	6.695598025E1
3.536000000E1	6.735767351E1
3.540000000E1	6.791199916E1
3.544000000E1	6.865701026E1
3.548000000E1	6.959046868E1
3.552000000E1	7.070954109E1
3.556000000E1	7.201393464E1
3.560000000E1	7.354136748E1
3.564000000E1	7.508838718E1
3.568000000E1	7.673860236E1
3.572000000E1	7.845688428E1
3.576000000E1	8.026850910E1
3.580000000E1	8.198317302E1
3.584000000E1	8.359186845E1
3.588000000E1	8.525249834E1
3.592000000E1	8.681217596E1
3.596000000E1	8.792024924E1
3.600000000E1	8.870075969E1
3.604000000E1	8.922643245E1
3.608000000E1	8.948784795E1
3.612000000E1	8.949517011E1
3.616000000E1	8.919064564E1
3.620000000E1	8.879649295E1
3.624000000E1	8.852869951E1
3.628000000E1	8.845471332E1
3.632000000E1	8.852746359E1
3.636000000E1	8.860794545E1
3.640000000E1	8.881221226E1
3.644000000E1	8.886040111E1
3.648000000E1	8.889305803E1
3.652000000E1	8.887055349E1
3.656000000E1	8.883407725E1
3.660000000E1	8.861717764E1
3.664000000E1	8.847771478E1
3.668000000E1	8.826212361E1
3.672000000E1	8.818442633E1
3.676000000E1	8.792750838E1
3.680000000E1	8.761387656E1
3.684000000E1	8.705646426E1
3.688000000E1	8.639828075E1
3.692000000E1	8.552432832E1
3.696000000E1	8.455381387E1
3.700000000E1	8.349351164E1
3.704000000E1	8.236055830E1
3.708000000E1	8.121133194E1
3.712000000E1	8.017179107E1
3.716000000E1	7.908473403E1
3.720000000E1	7.802272337E1
3.724000000E1	7.699520447E1
3.728000000E1	7.612529469E1
3.732000000E1	7.550822381E1
3.736000000E1	7.504902949E1
3.740000000E1	7.480176469E1
3.744000000E1	7.475761735E1
3.748000000E1	7.477536266E1
3.752000000E1	7.476356544E1
3.756000000E1	7.467917646E1
3.760000000E1	7.444064687E1
3.764000000E1	7.418306871E1
3.768000000E1	7.406757037E1
3.772000000E1	7.390048509E1
3.776000000E1	7.403504874E1
3.780000000E1	7.425938911E1
3.784000000E1	7.465839069E1
3.788000000E1	7.551830427E1
3.792000000E1	7.660747688E1
3.796000000E1	7.793724882E1
3.800000000E1	7.936093447E1
3.804000000E1	8.104983631E1
3.808000000E1	8.290337820E1
3.812000000E1	8.478064178E1
3.816000000E1	8.667350668E1
3.820000000E1	8.839597344E1
3.824000000E1	8.973830957E1
3.828000000E1	9.075118086E1
3.832000000E1	9.155865792E1
3.836000000E1	9.206134505E1
3.840000000E1	9.221467328E1
3.844000000E1	9.208396321E1
3.848000000E1	9.174182619E1
3.852000000E1	9.130771200E1
3.856000000E1	9.098613243E1
3.860000000E1	9.093508849E1
3.864000000E1	9.098422133E1
3.868000000E1	9.106060288E1
3.872000000E1	9.120947539E1
3.876000000E1	9.118214681E1
3.880000000E1	9.111381891E1
3.884000000E1	9.090964667E1
3.888000000E1	9.066319880E1
3.892000000E1	9.041422052E1
3.896000000E1	9.032255975E1
3.900000000E1	9.012420255E1
3.904000000E1	8.977747552E1
3.908000000E1	8.911852823E1
3.912000000E1	8.835899105E1
3.916000000E1	8.750664499E1
3.920000000E1	8.666499065E1
3.924000000E1	8.575190899E1
3.928000000E1	8.478895523E1
3.932000000E1	8.377179835E1
3.936000000E1	8.283318461E1
3.940000000E1	8.184354925E1
3.944000000E1	8.084724856E1
3.948000000E1	7.984221273E1
3.952000000E1	7.879194945E1
3.956000000E1	7.782027900E1
3.960000000E1	7.701756624E1
3.964000000E1	7.632393824E1
3.968000000E1	7.590283250E1
3.972000000E1	7.560412925E1
3.976000000E1	7.552656986E1
3.980000000E1	7.568699836E1
3.984000000E1	7.599146187E1
3.988000000E1	7.628892845E1
3.992000000E1	7.665162945E1
3.996000000E1	7.697251406E1
4.000000000E1	7.763864300E1
4.004000000E1	7.847185576E1
4.008000000E1	7.952708873E1
4.012000000E1	8.071086255E1
4.016000000E1	8.211909009E1
4.020000000E1	8.368796954E1
4.024000000E1	8.539081750E1
4.028000000E1	8.700142129E1
4.032000000E1	8.857754509E1
4.036000000E1	8.995403166E1
