
t/1	ANGLE/1
0.000000000E0	-7.541038505E1
4.000000000E-2	-7.540958717E1
8.000000000E-2	-7.541083313E1
1.200000000E-1	-7.541532509E1
1.600000000E-1	-7.543037102E1
2.000000000E-1	-7.545234117E1
2.400000000E-1	-7.549662895E1
2.800000000E-1	-7.554487434E1
3.200000000E-1	-7.560380862E1
3.600000000E-1	-7.562853379E1
4.000000000E-1	-7.563415516E1
4.400000000E-1	-7.565860423E1
4.800000000E-1	-7.566975210E1
5.200000000E-1	-7.568330012E1
5.600000000E-1	-7.568975651E1
6.000000000E-1	-7.571020359E1
6.400000000E-1	-7.572310943E1
6.800000000E-1	-7.572835694E1
7.200000000E-1	-7.574056102E1
7.600000000E-1	-7.574190705E1
8.000000000E-1	-7.573673552E1
8.400000000E-1	-7.573445346E1
8.800000000E-1	-7.573858153E1
9.200000000E-1	-7.573779080E1
9.600000000E-1	-7.573142783E1
1.000000000E0	-7.574329057E1
1.040000000E0	-7.574097701E1
1.080000000E0	-7.573961490E1
1.120000000E0	-7.573019886E1
1.160000000E0	-7.572267235E1
1.200000000E0	-7.571584291E1
1.240000000E0	-7.571079315E1
1.280000000E0	-7.573061063E1
1.320000000E0	-7.576096159E1
1.360000000E0	-7.573860625E1
1.400000000E0	-7.572582251E1
1.440000000E0	-7.573151878E1
1.480000000E0	-7.572074043E1
1.520000000E0	-7.573610149E1
1.560000000E0	-7.575482548E1
1.600000000E0	-7.581610136E1
1.640000000E0	-7.587814577E1
1.680000000E0	-7.593688206E1
1.720000000E0	-7.598276180E1
1.760000000E0	-7.600662427E1
1.800000000E0	-7.603111870E1
1.840000000E0	-7.609899133E1
1.880000000E0	-7.614981332E1
1.920000000E0	-7.634624533E1
1.960000000E0	-7.632916119E1
2.000000000E0	-7.641441235E1
2.040000000E0	-7.645223111E1
2.080000000E0	-7.647069330E1
2.120000000E0	-7.647224899E1
2.160000000E0	-7.647607740E1
2.200000000E0	-7.648105731E1
2.240000000E0	-7.648626623E1
2.280000000E0	-7.648800983E1
2.320000000E0	-7.648983462E1
2.360000000E0	-7.647289475E1
2.400000000E0	-7.643303017E1
2.440000000E0	-7.643849463E1
2.480000000E0	-7.644554191E1
2.520000000E0	-7.646013308E1
2.560000000E0	-7.646350512E1
2.600000000E0	-7.648498062E1
2.640000000E0	-7.649520615E1
2.680000000E0	-7.649336337E1
2.720000000E0	-7.649259628E1
2.760000000E0	-7.649937851E1
2.800000000E0	-7.650928048E1
2.840000000E0	-7.650528796E1
2.880000000E0	-7.649736785E1
2.920000000E0	-7.649538551E1
2.960000000E0	-7.650739256E1
3.000000000E0	-7.649374537E1
3.040000000E0	-7.649185833E1
3.080000000E0	-7.649200899E1
3.120000000E0	-7.649557217E1
3.160000000E0	-7.649854731E1
3.200000000E0	-7.650324605E1
3.240000000E0	-7.640941476E1
3.280000000E0	-7.643769358E1
3.320000000E0	-7.643198980E1
3.360000000E0	-7.640575236E1
3.400000000E0	-7.634633640E1
3.440000000E0	-7.627531881E1
3.480000000E0	-7.627272962E1
3.520000000E0	-7.622377266E1
3.560000000E0	-7.614586692E1
3.600000000E0	-7.615394509E1
3.640000000E0	-7.617143337E1
3.680000000E0	-7.653628820E1
3.720000000E0	-7.713983000E1
3.760000000E0	-7.850488095E1
3.800000000E0	-8.176816678E1
3.840000000E0	-8.705730168E1
3.880000000E0	-9.391381473E1
3.920000000E0	-1.013368472E2
3.960000000E0	-1.087753893E2
4.000000000E0	-1.156612774E2
4.040000000E0	-1.220657617E2
4.080000000E0	-1.274164666E2
4.120000000E0	-1.313809057E2
4.160000000E0	-1.335893822E2
4.200000000E0	-1.358208312E2
4.240000000E0	-1.386341875E2
4.280000000E0	-1.411653780E2
4.320000000E0	-1.432002248E2
4.360000000E0	-1.446331466E2
4.400000000E0	-1.459528935E2
4.440000000E0	-1.471742036E2
4.480000000E0	-1.480749519E2
4.520000000E0	-1.490295353E2
4.560000000E0	-1.491247528E2
4.600000000E0	-1.473432449E2
4.640000000E0	-1.437936085E2
4.680000000E0	-1.378676077E2
4.720000000E0	-1.296534194E2
4.760000000E0	-1.204908211E2
4.800000000E0	-1.107307983E2
4.840000000E0	-1.009293161E2
4.880000000E0	-9.178312715E1
4.920000000E0	-8.418791263E1
4.960000000E0	-7.860738284E1
5.000000000E0	-7.504170691E1
5.040000000E0	-7.331864247E1
5.080000000E0	-7.294722615E1
5.120000000E0	-7.321184176E1
5.160000000E0	-7.394673033E1
5.200000000E0	-7.407745516E1
5.240000000E0	-7.478099421E1
5.280000000E0	-7.528108438E1
5.320000000E0	-7.535548168E1
5.360000000E0	-7.534690284E1
5.400000000E0	-7.528690615E1
5.440000000E0	-7.535167330E1
5.480000000E0	-7.531888650E1
5.520000000E0	-7.538012953E1
5.560000000E0	-7.552790922E1
5.600000000E0	-7.592712405E1
5.640000000E0	-7.675938950E1
5.680000000E0	-7.835854059E1
5.720000000E0	-8.154745269E1
5.760000000E0	-8.595614679E1
5.800000000E0	-9.125171319E1
5.840000000E0	-1.035297139E2
5.880000000E0	-1.035957137E2
5.920000000E0	-1.095096216E2
5.960000000E0	-1.150232486E2
6.000000000E0	-1.202507656E2
6.040000000E0	-1.251609554E2
6.080000000E0	-1.284222747E2
6.120000000E0	-1.314949492E2
6.160000000E0	-1.345873765E2
6.200000000E0	-1.373742644E2
6.240000000E0	-1.397436117E2
6.280000000E0	-1.416381775E2
6.320000000E0	-1.433323191E2
6.360000000E0	-1.448288876E2
6.400000000E0	-1.457964589E2
6.440000000E0	-1.465231373E2
6.480000000E0	-1.468291042E2
6.520000000E0	-1.460850035E2
6.560000000E0	-1.437317090E2
6.600000000E0	-1.393621278E2
6.640000000E0	-1.327529791E2
6.680000000E0	-1.157391824E2
6.720000000E0	-1.157612527E2
6.760000000E0	-1.059291647E2
6.800000000E0	-9.646797429E1
6.840000000E0	-8.798327835E1
6.880000000E0	-8.146317569E1
6.920000000E0	-7.689133897E1
6.960000000E0	-7.452019597E1
7.000000000E0	-7.375025350E1
7.040000000E0	-7.379864038E1
7.080000000E0	-7.449340727E1
7.120000000E0	-7.468921779E1
7.160000000E0	-7.457039679E1
7.200000000E0	-7.494293575E1
7.240000000E0	-7.494282292E1
7.280000000E0	-7.494090433E1
7.320000000E0	-7.473746559E1
7.360000000E0	-7.477217216E1
7.400000000E0	-7.483346610E1
7.440000000E0	-7.487779812E1
7.480000000E0	-7.508026709E1
7.520000000E0	-7.529964280E1
7.560000000E0	-7.594672645E1
7.600000000E0	-7.712253725E1
7.640000000E0	-7.937038146E1
7.680000000E0	-8.296065150E1
7.720000000E0	-8.750786207E1
7.760000000E0	-9.283651664E1
7.800000000E0	-9.797918429E1
7.840000000E0	-1.034507828E2
7.880000000E0	-1.083766765E2
7.920000000E0	-1.128665141E2
7.960000000E0	-1.173327367E2
8.000000000E0	-1.217631672E2
8.040000000E0	-1.260312777E2
8.080000000E0	-1.297620791E2
8.120000000E0	-1.329178156E2
8.160000000E0	-1.355735763E2
8.200000000E0	-1.380037670E2
8.240000000E0	-1.405044002E2
8.280000000E0	-1.426478914E2
8.320000000E0	-1.445165559E2
8.360000000E0	-1.459943259E2
8.400000000E0	-1.472008442E2
8.440000000E0	-1.481599041E2
8.480000000E0	-1.482682914E2
8.520000000E0	-1.472468533E2
8.560000000E0	-1.445595024E2
8.600000000E0	-1.399280446E2
8.640000000E0	-1.340740840E2
8.680000000E0	-1.268781744E2
8.720000000E0	-1.186468165E2
8.760000000E0	-1.097213228E2
8.800000000E0	-1.011129078E2
8.840000000E0	-9.325936283E1
8.880000000E0	-8.682958851E1
8.920000000E0	-8.189777571E1
8.960000000E0	-7.873994955E1
9.000000000E0	-7.729063184E1
9.040000000E0	-7.636635183E1
9.080000000E0	-7.514814371E1
9.120000000E0	-7.526534044E1
9.160000000E0	-7.607725411E1
9.200000000E0	-7.648778382E1
9.240000000E0	-7.658166328E1
9.280000000E0	-7.652434861E1
9.320000000E0	-7.631306848E1
9.360000000E0	-7.629121164E1
9.400000000E0	-7.636744982E1
9.440000000E0	-7.645369511E1
9.480000000E0	-7.661195975E1
9.520000000E0	-7.671305342E1
9.560000000E0	-7.699950936E1
9.600000000E0	-7.773652098E1
9.640000000E0	-7.925272748E1
9.680000000E0	-8.175169638E1
9.720000000E0	-8.531048982E1
9.760000000E0	-8.992746122E1
9.800000000E0	-9.485852285E1
9.840000000E0	-1.003284561E2
9.880000000E0	-1.053256241E2
9.920000000E0	-1.106755224E2
9.960000000E0	-1.160958856E2
1.000000000E1	-1.212561262E2
1.004000000E1	-1.255855307E2
1.008000000E1	-1.282834026E2
1.012000000E1	-1.300335636E2
1.016000000E1	-1.322611137E2
1.020000000E1	-1.350853607E2
1.024000000E1	-1.372553262E2
1.028000000E1	-1.392256599E2
1.032000000E1	-1.411221374E2
1.036000000E1	-1.428916000E2
1.040000000E1	-1.443132282E2
1.044000000E1	-1.455327379E2
1.048000000E1	-1.463572900E2
1.052000000E1	-1.466240712E2
1.056000000E1	-1.461875261E2
1.060000000E1	-1.448262508E2
1.064000000E1	-1.421399761E2
1.068000000E1	-1.380509440E2
1.072000000E1	-1.329508583E2
1.076000000E1	-1.267463214E2
1.080000000E1	-1.198470814E2
1.084000000E1	-1.123700971E2
1.088000000E1	-1.045078847E2
1.092000000E1	-9.643502256E1
1.096000000E1	-8.926901856E1
1.100000000E1	-8.364180544E1
1.104000000E1	-7.961321260E1
1.108000000E1	-7.759736564E1
1.112000000E1	-7.674941393E1
1.116000000E1	-7.613627580E1
1.120000000E1	-7.562509017E1
1.124000000E1	-7.601330492E1
1.128000000E1	-7.658285516E1
1.132000000E1	-7.688595094E1
1.136000000E1	-7.679089685E1
1.140000000E1	-7.651693109E1
1.144000000E1	-7.644193243E1
1.148000000E1	-7.631883657E1
1.152000000E1	-7.638722750E1
1.156000000E1	-7.642483083E1
1.160000000E1	-7.648971069E1
1.164000000E1	-7.654375535E1
1.168000000E1	-7.659434941E1
1.172000000E1	-7.660560281E1
1.176000000E1	-7.660325496E1
1.180000000E1	-7.659939453E1
1.184000000E1	-7.660678271E1
1.188000000E1	-7.661488713E1
1.192000000E1	-7.660234269E1
1.196000000E1	-7.673522182E1
1.200000000E1	-7.701817005E1
1.204000000E1	-7.776654993E1
1.208000000E1	-7.875683036E1
1.212000000E1	-8.091711434E1
1.216000000E1	-8.486903861E1
1.220000000E1	-9.031517271E1
1.224000000E1	-9.612318052E1
1.228000000E1	-1.020201625E2
1.232000000E1	-1.076341706E2
1.236000000E1	-1.124496106E2
1.240000000E1	-1.170956701E2
1.244000000E1	-1.213538888E2
1.248000000E1	-1.247905077E2
1.252000000E1	-1.272109204E2
1.256000000E1	-1.294947475E2
1.260000000E1	-1.320789606E2
1.264000000E1	-1.343540446E2
1.268000000E1	-1.364402284E2
1.272000000E1	-1.384937393E2
1.276000000E1	-1.401713345E2
1.280000000E1	-1.414535361E2
1.284000000E1	-1.423742364E2
1.288000000E1	-1.432088497E2
1.292000000E1	-1.431947159E2
1.296000000E1	-1.424214573E2
1.300000000E1	-1.405119146E2
1.304000000E1	-1.366006230E2
1.308000000E1	-1.312715055E2
1.312000000E1	-1.247346140E2
1.316000000E1	-1.172539911E2
1.320000000E1	-1.093556357E2
1.324000000E1	-1.014144198E2
1.328000000E1	-9.430683817E1
1.332000000E1	-8.858517029E1
1.336000000E1	-8.468080854E1
1.340000000E1	-8.242659271E1
1.344000000E1	-8.096016519E1
1.348000000E1	-8.002213235E1
1.352000000E1	-7.927791347E1
1.356000000E1	-7.814215080E1
1.360000000E1	-7.836175115E1
1.364000000E1	-7.864627187E1
1.368000000E1	-7.885102113E1
1.372000000E1	-7.890494025E1
1.376000000E1	-7.887254076E1
1.380000000E1	-7.882088837E1
1.384000000E1	-7.886465740E1
1.388000000E1	-7.885374205E1
1.392000000E1	-7.887207413E1
1.396000000E1	-7.893112491E1
1.400000000E1	-7.907881120E1
1.404000000E1	-7.924908907E1
1.408000000E1	-7.974744955E1
1.412000000E1	-8.066254197E1
1.416000000E1	-8.266587824E1
1.420000000E1	-8.599385662E1
1.424000000E1	-9.038330270E1
1.428000000E1	-9.553821843E1
1.432000000E1	-1.001095574E2
1.436000000E1	-1.042840353E2
1.440000000E1	-1.085910958E2
1.444000000E1	-1.170973405E2
1.448000000E1	-1.171616511E2
1.452000000E1	-1.206561874E2
1.456000000E1	-1.236407563E2
1.460000000E1	-1.255022528E2
1.464000000E1	-1.271138381E2
1.468000000E1	-1.295707176E2
1.472000000E1	-1.321794123E2
1.476000000E1	-1.345859153E2
1.480000000E1	-1.388130425E2
1.484000000E1	-1.387879604E2
1.488000000E1	-1.407488511E2
1.492000000E1	-1.426626797E2
1.496000000E1	-1.439964814E2
1.500000000E1	-1.453828140E2
1.504000000E1	-1.464395130E2
1.508000000E1	-1.466883850E2
1.512000000E1	-1.459096014E2
1.516000000E1	-1.436943875E2
1.520000000E1	-1.405021859E2
1.524000000E1	-1.358889143E2
1.528000000E1	-1.296930685E2
1.532000000E1	-1.228293640E2
1.536000000E1	-1.146494882E2
1.540000000E1	-1.062266052E2
1.544000000E1	-9.782333404E1
1.548000000E1	-9.044767755E1
1.552000000E1	-8.457989904E1
1.556000000E1	-8.046861468E1
1.560000000E1	-7.770705992E1
1.564000000E1	-7.640328454E1
1.568000000E1	-7.587489347E1
1.572000000E1	-7.575850746E1
1.576000000E1	-7.567094153E1
1.580000000E1	-7.607362224E1
1.584000000E1	-7.642460325E1
1.588000000E1	-7.655057303E1
1.592000000E1	-7.643856448E1
1.596000000E1	-7.620821223E1
1.600000000E1	-7.623755573E1
1.604000000E1	-7.628712858E1
1.608000000E1	-7.637594904E1
1.612000000E1	-7.667906642E1
1.616000000E1	-7.704626361E1
1.620000000E1	-7.751836798E1
1.624000000E1	-7.865681790E1
1.628000000E1	-8.045389332E1
1.632000000E1	-8.312427304E1
1.636000000E1	-8.673778116E1
1.640000000E1	-9.082585401E1
1.644000000E1	-9.527991237E1
1.648000000E1	-9.988413157E1
1.652000000E1	-1.044094127E2
1.656000000E1	-1.090974789E2
1.660000000E1	-1.135047973E2
1.664000000E1	-1.175406657E2
1.668000000E1	-1.209074129E2
1.672000000E1	-1.238139514E2
1.676000000E1	-1.262396789E2
1.680000000E1	-1.291780031E2
1.684000000E1	-1.355397019E2
1.688000000E1	-1.355720470E2
1.692000000E1	-1.382103416E2
1.696000000E1	-1.403603593E2
1.700000000E1	-1.420977120E2
1.704000000E1	-1.437166833E2
1.708000000E1	-1.448582465E2
1.712000000E1	-1.458277189E2
1.716000000E1	-1.462628452E2
1.720000000E1	-1.460030641E2
1.724000000E1	-1.445991222E2
1.728000000E1	-1.415599257E2
1.732000000E1	-1.367144035E2
1.736000000E1	-1.304899462E2
1.740000000E1	-1.234655908E2
1.744000000E1	-1.157629853E2
1.748000000E1	-1.076646590E2
1.752000000E1	-9.984170831E1
1.756000000E1	-9.270582537E1
1.760000000E1	-8.686788244E1
1.764000000E1	-8.260299047E1
1.768000000E1	-7.921599300E1
1.772000000E1	-7.702398514E1
1.776000000E1	-7.564125958E1
1.780000000E1	-7.451890766E1
1.784000000E1	-7.452135183E1
1.788000000E1	-7.447334464E1
1.792000000E1	-7.459010686E1
1.796000000E1	-7.489243933E1
1.800000000E1	-7.522293491E1
1.804000000E1	-7.519308146E1
1.808000000E1	-7.511639277E1
1.812000000E1	-7.509562020E1
1.816000000E1	-7.511488706E1
1.820000000E1	-7.511411913E1
1.824000000E1	-7.519071919E1
1.828000000E1	-7.572544200E1
1.832000000E1	-7.572511773E1
1.836000000E1	-7.629350396E1
1.840000000E1	-7.725876630E1
1.844000000E1	-7.899397901E1
1.848000000E1	-8.203081640E1
1.852000000E1	-8.571763540E1
1.856000000E1	-9.004747498E1
1.860000000E1	-9.515269336E1
1.864000000E1	-1.002392278E2
1.868000000E1	-1.051414154E2
1.872000000E1	-1.103030083E2
1.876000000E1	-1.151978069E2
1.880000000E1	-1.197610100E2
1.884000000E1	-1.231010914E2
1.888000000E1	-1.251690780E2
1.892000000E1	-1.276403472E2
1.896000000E1	-1.305840331E2
1.900000000E1	-1.333460825E2
1.904000000E1	-1.356176914E2
1.908000000E1	-1.375064540E2
1.912000000E1	-1.392161906E2
1.916000000E1	-1.407320289E2
1.920000000E1	-1.421023500E2
1.924000000E1	-1.432913769E2
1.928000000E1	-1.439328385E2
1.932000000E1	-1.440554964E2
1.936000000E1	-1.431739007E2
1.940000000E1	-1.409153645E2
1.944000000E1	-1.372915918E2
1.948000000E1	-1.318952648E2
1.952000000E1	-1.250271950E2
1.956000000E1	-1.170197404E2
1.960000000E1	-1.082038918E2
1.964000000E1	-9.921591868E1
1.968000000E1	-9.100236902E1
1.972000000E1	-8.429906108E1
1.976000000E1	-7.936153118E1
1.980000000E1	-7.667763862E1
1.984000000E1	-7.516225677E1
1.988000000E1	-7.485664468E1
1.992000000E1	-7.485196815E1
1.996000000E1	-7.491030390E1
2.000000000E1	-7.479421060E1
2.004000000E1	-7.509813302E1
2.008000000E1	-7.538252396E1
2.012000000E1	-7.557573064E1
2.016000000E1	-7.553333614E1
2.020000000E1	-7.555176161E1
2.024000000E1	-7.544121481E1
2.028000000E1	-7.548033168E1
2.032000000E1	-7.551660926E1
2.036000000E1	-7.554242298E1
2.040000000E1	-7.568350906E1
2.044000000E1	-7.614269168E1
2.048000000E1	-7.704076034E1
2.052000000E1	-7.861363826E1
2.056000000E1	-8.147249299E1
2.060000000E1	-8.574813444E1
2.064000000E1	-9.062670484E1
2.068000000E1	-9.597040136E1
2.072000000E1	-1.015916346E2
2.076000000E1	-1.067277661E2
2.080000000E1	-1.116125347E2
2.084000000E1	-1.162195725E2
2.088000000E1	-1.209294140E2
2.092000000E1	-1.246210881E2
2.096000000E1	-1.269995770E2
2.100000000E1	-1.293635593E2
2.104000000E1	-1.318602257E2
2.108000000E1	-1.342760383E2
2.112000000E1	-1.366259490E2
2.116000000E1	-1.387171162E2
2.120000000E1	-1.404045354E2
2.124000000E1	-1.414599512E2
2.128000000E1	-1.422208981E2
2.132000000E1	-1.427231756E2
2.136000000E1	-1.425223497E2
2.140000000E1	-1.414876104E2
2.144000000E1	-1.391243649E2
2.148000000E1	-1.352232826E2
2.152000000E1	-1.298467070E2
2.156000000E1	-1.237982520E2
2.160000000E1	-1.170483757E2
2.164000000E1	-1.100031119E2
2.168000000E1	-1.029408892E2
2.172000000E1	-9.625602460E1
2.176000000E1	-9.028065479E1
2.180000000E1	-8.524309415E1
2.184000000E1	-8.146619303E1
2.188000000E1	-7.954153909E1
2.192000000E1	-7.847324576E1
2.196000000E1	-7.827171247E1
2.200000000E1	-7.755623082E1
2.204000000E1	-7.782366630E1
2.208000000E1	-7.828373590E1
2.212000000E1	-7.862530226E1
2.216000000E1	-7.880416704E1
2.220000000E1	-7.872057763E1
2.224000000E1	-7.856939917E1
2.228000000E1	-7.860968103E1
2.232000000E1	-7.863310037E1
2.236000000E1	-7.880452279E1
2.240000000E1	-7.923806358E1
2.244000000E1	-7.969200428E1
2.248000000E1	-7.994257949E1
2.252000000E1	-8.026190597E1
2.256000000E1	-8.083984651E1
2.260000000E1	-8.182118402E1
2.264000000E1	-8.354527606E1
2.268000000E1	-8.611596228E1
2.272000000E1	-8.953502681E1
2.276000000E1	-9.349037566E1
2.280000000E1	-9.801517866E1
2.284000000E1	-1.025076235E2
2.288000000E1	-1.065744087E2
2.292000000E1	-1.149419414E2
2.296000000E1	-1.149312136E2
2.300000000E1	-1.189207932E2
2.304000000E1	-1.218859477E2
2.308000000E1	-1.239210219E2
2.312000000E1	-1.257258238E2
2.316000000E1	-1.284399707E2
2.320000000E1	-1.343941020E2
2.324000000E1	-1.343716720E2
2.328000000E1	-1.369466794E2
2.332000000E1	-1.392699320E2
2.336000000E1	-1.413375224E2
2.340000000E1	-1.430798127E2
2.344000000E1	-1.443359002E2
2.348000000E1	-1.450635836E2
2.352000000E1	-1.450996204E2
2.356000000E1	-1.442116322E2
2.360000000E1	-1.422350785E2
2.364000000E1	-1.384857727E2
2.368000000E1	-1.330677290E2
2.372000000E1	-1.264499752E2
2.376000000E1	-1.116758756E2
2.380000000E1	-1.116666389E2
2.384000000E1	-1.040740411E2
2.388000000E1	-9.681885732E1
2.392000000E1	-9.048068297E1
2.396000000E1	-8.529714384E1
2.400000000E1	-8.157527741E1
2.404000000E1	-7.944361187E1
2.408000000E1	-7.806976195E1
2.412000000E1	-7.703623936E1
2.416000000E1	-7.707940595E1
2.420000000E1	-7.725363823E1
2.424000000E1	-7.777133181E1
2.428000000E1	-7.808052103E1
2.432000000E1	-7.816327408E1
2.436000000E1	-7.808294120E1
2.440000000E1	-7.800866972E1
2.444000000E1	-7.798374561E1
2.448000000E1	-7.805869857E1
2.452000000E1	-7.815354164E1
2.456000000E1	-7.820947750E1
2.460000000E1	-7.829820627E1
2.464000000E1	-7.837329947E1
2.468000000E1	-7.838493536E1
2.472000000E1	-7.862643578E1
2.476000000E1	-7.913119106E1
2.480000000E1	-8.022967497E1
2.484000000E1	-8.185279070E1
2.488000000E1	-8.460478468E1
2.492000000E1	-8.872191932E1
2.496000000E1	-9.349124896E1
2.500000000E1	-9.834372239E1
2.504000000E1	-1.030066410E2
2.508000000E1	-1.070721454E2
2.512000000E1	-1.108298966E2
2.516000000E1	-1.144132324E2
2.520000000E1	-1.179735975E2
2.524000000E1	-1.207594246E2
2.528000000E1	-1.223806205E2
2.532000000E1	-1.243733836E2
2.536000000E1	-1.270544218E2
2.540000000E1	-1.299400779E2
2.544000000E1	-1.326727398E2
2.548000000E1	-1.352044149E2
2.552000000E1	-1.375671442E2
2.556000000E1	-1.399284257E2
2.560000000E1	-1.419274952E2
2.564000000E1	-1.436385166E2
2.568000000E1	-1.449603302E2
2.572000000E1	-1.459942316E2
2.576000000E1	-1.465570937E2
2.580000000E1	-1.464092987E2
2.584000000E1	-1.448046501E2
2.588000000E1	-1.412021710E2
2.592000000E1	-1.358775094E2
2.596000000E1	-1.294520113E2
2.600000000E1	-1.219385322E2
2.604000000E1	-1.140214329E2
2.608000000E1	-1.062347544E2
2.612000000E1	-9.847186609E1
2.616000000E1	-9.160551142E1
2.620000000E1	-8.615444575E1
2.624000000E1	-8.214884894E1
2.628000000E1	-7.918549146E1
2.632000000E1	-7.769891166E1
2.636000000E1	-7.697412571E1
2.640000000E1	-7.588314684E1
2.644000000E1	-7.573658436E1
2.648000000E1	-7.616270910E1
2.652000000E1	-7.660736864E1
2.656000000E1	-7.683582333E1
2.660000000E1	-7.676956788E1
2.664000000E1	-7.678699901E1
2.668000000E1	-7.689752900E1
2.672000000E1	-7.708965182E1
2.676000000E1	-7.710763769E1
2.680000000E1	-7.710754320E1
2.684000000E1	-7.716831644E1
2.688000000E1	-7.727201356E1
2.692000000E1	-7.762868972E1
2.696000000E1	-7.830236148E1
2.700000000E1	-7.933208015E1
2.704000000E1	-8.105845803E1
2.708000000E1	-8.400660739E1
2.712000000E1	-8.795871488E1
2.716000000E1	-9.223943127E1
2.720000000E1	-9.720150913E1
2.724000000E1	-1.024639836E2
2.728000000E1	-1.073396340E2
2.732000000E1	-1.122753213E2
2.736000000E1	-1.169677380E2
2.740000000E1	-1.208737951E2
2.744000000E1	-1.244592781E2
2.748000000E1	-1.269562390E2
2.752000000E1	-1.293599242E2
2.756000000E1	-1.321003893E2
2.760000000E1	-1.348127280E2
2.764000000E1	-1.373706049E2
2.768000000E1	-1.395445935E2
2.772000000E1	-1.411499603E2
2.776000000E1	-1.426043027E2
2.780000000E1	-1.435936793E2
2.784000000E1	-1.441778363E2
2.788000000E1	-1.439047704E2
2.792000000E1	-1.426247730E2
2.796000000E1	-1.398004346E2
2.800000000E1	-1.352607791E2
2.804000000E1	-1.297068175E2
2.808000000E1	-1.231366647E2
2.812000000E1	-1.158607711E2
2.816000000E1	-1.087983760E2
2.820000000E1	-1.017711716E2
2.824000000E1	-9.576927275E1
2.828000000E1	-9.068032485E1
2.832000000E1	-8.673632543E1
2.836000000E1	-8.404304176E1
2.840000000E1	-8.240968226E1
2.844000000E1	-8.122039505E1
2.848000000E1	-8.086652647E1
2.852000000E1	-8.018625627E1
2.856000000E1	-8.052889835E1
2.860000000E1	-8.091725279E1
2.864000000E1	-8.129953287E1
2.868000000E1	-8.127347437E1
2.872000000E1	-8.115495589E1
2.876000000E1	-8.115254893E1
2.880000000E1	-8.107457933E1
2.884000000E1	-8.115707980E1
2.888000000E1	-8.129960595E1
2.892000000E1	-8.154437120E1
2.896000000E1	-8.198021231E1
2.900000000E1	-8.272570978E1
2.904000000E1	-8.433210161E1
2.908000000E1	-8.664057307E1
2.912000000E1	-8.985743618E1
2.916000000E1	-9.336657974E1
2.920000000E1	-9.744089742E1
2.924000000E1	-1.017217062E2
2.928000000E1	-1.060619424E2
2.932000000E1	-1.104816431E2
2.936000000E1	-1.147583127E2
2.940000000E1	-1.185378571E2
2.944000000E1	-1.222143893E2
2.948000000E1	-1.248021828E2
2.952000000E1	-1.273514933E2
2.956000000E1	-1.301943260E2
2.960000000E1	-1.333139310E2
2.964000000E1	-1.363722550E2
2.968000000E1	-1.392942665E2
2.972000000E1	-1.414962726E2
2.976000000E1	-1.433109280E2
2.980000000E1	-1.448837494E2
2.984000000E1	-1.462321110E2
2.988000000E1	-1.471257160E2
2.992000000E1	-1.466285674E2
2.996000000E1	-1.466230195E2
3.000000000E1	-1.448914754E2
3.004000000E1	-1.417363868E2
3.008000000E1	-1.373222557E2
3.012000000E1	-1.311895045E2
3.016000000E1	-1.242322494E2
3.020000000E1	-1.166653122E2
3.024000000E1	-1.089980576E2
3.028000000E1	-1.013064899E2
3.032000000E1	-9.428687048E1
3.036000000E1	-8.845520074E1
3.040000000E1	-8.363735087E1
3.044000000E1	-8.047489573E1
3.048000000E1	-7.855293879E1
3.052000000E1	-7.719203972E1
3.056000000E1	-7.608898904E1
3.060000000E1	-7.614889475E1
3.064000000E1	-7.668182298E1
3.068000000E1	-7.706017756E1
3.072000000E1	-7.726082042E1
3.076000000E1	-7.712699757E1
3.080000000E1	-7.698842727E1
3.084000000E1	-7.679944432E1
3.088000000E1	-7.671334211E1
3.092000000E1	-7.674974091E1
3.096000000E1	-7.684059730E1
3.100000000E1	-7.697685401E1
3.104000000E1	-7.713912526E1
3.108000000E1	-7.750082193E1
3.112000000E1	-7.796470256E1
3.116000000E1	-7.867353419E1
3.120000000E1	-7.977373688E1
3.124000000E1	-8.171538552E1
3.128000000E1	-8.474735565E1
3.132000000E1	-8.868427440E1
3.136000000E1	-9.354168079E1
3.140000000E1	-9.855351591E1
3.144000000E1	-1.033295589E2
3.148000000E1	-1.086149998E2
3.152000000E1	-1.139359596E2
3.156000000E1	-1.189758228E2
3.160000000E1	-1.230198213E2
3.164000000E1	-1.255529692E2
3.168000000E1	-1.280013860E2
3.172000000E1	-1.307401055E2
3.176000000E1	-1.336506380E2
3.180000000E1	-1.364161132E2
3.184000000E1	-1.387848859E2
3.188000000E1	-1.408455440E2
3.192000000E1	-1.425707441E2
3.196000000E1	-1.442908514E2
3.200000000E1	-1.456395403E2
3.204000000E1	-1.466411054E2
3.208000000E1	-1.470722160E2
3.212000000E1	-1.465215243E2
3.216000000E1	-1.448701654E2
3.220000000E1	-1.386939236E2
3.224000000E1	-1.386312562E2
3.228000000E1	-1.341751686E2
3.232000000E1	-1.285587792E2
3.236000000E1	-1.225768398E2
3.240000000E1	-1.156181256E2
3.244000000E1	-1.089975501E2
3.248000000E1	-1.019879116E2
3.252000000E1	-9.576327696E1
3.256000000E1	-9.019531949E1
3.260000000E1	-8.195155671E1
3.264000000E1	-8.187752961E1
3.268000000E1	-7.971040383E1
3.272000000E1	-7.872460552E1
3.276000000E1	-7.767578452E1
3.280000000E1	-7.717369905E1
3.284000000E1	-7.733151344E1
3.288000000E1	-7.759837142E1
3.292000000E1	-7.783433735E1
3.296000000E1	-7.784763200E1
3.300000000E1	-7.778848164E1
3.304000000E1	-7.784914547E1
3.308000000E1	-7.791298457E1
3.312000000E1	-7.792349813E1
3.316000000E1	-7.792574406E1
3.320000000E1	-7.793397747E1
3.324000000E1	-7.802998958E1
3.328000000E1	-7.828437600E1
3.332000000E1	-7.874189370E1
3.336000000E1	-7.952090489E1
3.340000000E1	-8.061205299E1
3.344000000E1	-8.272067966E1
3.348000000E1	-8.650572941E1
3.352000000E1	-9.149199527E1
3.356000000E1	-9.684223612E1
3.360000000E1	-1.022949887E2
3.364000000E1	-1.074123003E2
3.368000000E1	-1.123505815E2
3.372000000E1	-1.172691226E2
3.376000000E1	-1.217046841E2
3.380000000E1	-1.252392598E2
3.384000000E1	-1.283366051E2
3.388000000E1	-1.314196808E2
3.392000000E1	-1.342726256E2
3.396000000E1	-1.368799014E2
3.400000000E1	-1.391515200E2
3.404000000E1	-1.409473077E2
3.408000000E1	-1.424606881E2
3.412000000E1	-1.437686360E2
3.416000000E1	-1.448144643E2
3.420000000E1	-1.457812482E2
3.424000000E1	-1.462827567E2
3.428000000E1	-1.462207950E2
3.432000000E1	-1.453517521E2
3.436000000E1	-1.433811856E2
3.440000000E1	-1.406640560E2
3.444000000E1	-1.364801493E2
3.448000000E1	-1.311312126E2
3.452000000E1	-1.252567552E2
3.456000000E1	-1.187573766E2
3.460000000E1	-1.113984908E2
3.464000000E1	-1.044433581E2
3.468000000E1	-9.745278591E1
3.472000000E1	-9.150975542E1
3.476000000E1	-8.675812094E1
3.480000000E1	-8.335995507E1
3.484000000E1	-8.152695826E1
3.488000000E1	-7.931545176E1
3.492000000E1	-7.847550898E1
3.496000000E1	-7.810025320E1
3.500000000E1	-7.818794726E1
3.504000000E1	-7.877420154E1
3.508000000E1	-7.901278678E1
3.512000000E1	-7.932111841E1
3.516000000E1	-7.943794853E1
3.520000000E1	-7.941294232E1
3.524000000E1	-7.937726526E1
3.528000000E1	-7.934503448E1
3.532000000E1	-7.933581413E1
3.536000000E1	-7.935992095E1
3.540000000E1	-7.938031549E1
3.544000000E1	-7.943425738E1
3.548000000E1	-7.962890103E1
3.552000000E1	-8.003597135E1
3.556000000E1	-8.086415470E1
3.560000000E1	-8.186162300E1
3.564000000E1	-8.365586502E1
3.568000000E1	-8.632579601E1
3.572000000E1	-8.967478471E1
3.576000000E1	-9.356449200E1
3.580000000E1	-9.779790650E1
3.584000000E1	-1.023027907E2
3.588000000E1	-1.070109280E2
3.592000000E1	-1.118732899E2
3.596000000E1	-1.166741600E2
3.600000000E1	-1.207466966E2
3.604000000E1	-1.238940334E2
3.608000000E1	-1.268090249E2
3.612000000E1	-1.297703959E2
3.616000000E1	-1.326525549E2
3.620000000E1	-1.353581107E2
3.624000000E1	-1.377561957E2
3.628000000E1	-1.399225948E2
3.632000000E1	-1.417194358E2
3.636000000E1	-1.431532531E2
3.640000000E1	-1.446069894E2
3.644000000E1	-1.457201897E2
3.648000000E1	-1.462189686E2
3.652000000E1	-1.460474228E2
3.656000000E1	-1.457512960E2
3.660000000E1	-1.445987144E2
3.664000000E1	-1.420772377E2
3.668000000E1	-1.380921696E2
3.672000000E1	-1.325552305E2
3.676000000E1	-1.261378287E2
3.680000000E1	-1.191836716E2
3.684000000E1	-1.121577519E2
3.688000000E1	-1.051883545E2
3.692000000E1	-9.827778700E1
3.696000000E1	-9.218379976E1
3.700000000E1	-8.732050017E1
3.704000000E1	-8.347158672E1
3.708000000E1	-8.085768050E1
3.712000000E1	-7.909224178E1
3.716000000E1	-7.799897720E1
3.720000000E1	-7.693410547E1
3.724000000E1	-7.632169638E1
3.728000000E1	-7.660682028E1
3.732000000E1	-7.720468104E1
3.736000000E1	-7.728471985E1
3.740000000E1	-7.728313185E1
3.744000000E1	-7.731484461E1
3.748000000E1	-7.728605233E1
3.752000000E1	-7.730221225E1
3.756000000E1	-7.733051227E1
3.760000000E1	-7.735679675E1
3.764000000E1	-7.738329328E1
3.768000000E1	-7.732016575E1
3.772000000E1	-7.753962918E1
3.776000000E1	-7.802671768E1
3.780000000E1	-7.896378437E1
3.784000000E1	-8.069926876E1
3.788000000E1	-8.351254544E1
3.792000000E1	-8.780952100E1
3.796000000E1	-9.267900168E1
3.800000000E1	-9.803928813E1
3.804000000E1	-1.037112799E2
3.808000000E1	-1.091328671E2
3.812000000E1	-1.144855253E2
3.816000000E1	-1.194910637E2
3.820000000E1	-1.239452280E2
3.824000000E1	-1.271399700E2
3.828000000E1	-1.299829914E2
3.832000000E1	-1.333480026E2
3.836000000E1	-1.361400336E2
3.840000000E1	-1.386438188E2
3.844000000E1	-1.407195580E2
3.848000000E1	-1.423385832E2
3.852000000E1	-1.436920542E2
3.856000000E1	-1.446823157E2
3.860000000E1	-1.453812504E2
3.864000000E1	-1.456671766E2
3.868000000E1	-1.449844173E2
3.872000000E1	-1.429679133E2
3.876000000E1	-1.395771422E2
3.880000000E1	-1.345049774E2
3.884000000E1	-1.283357972E2
3.888000000E1	-1.208819670E2
3.892000000E1	-1.129625150E2
3.896000000E1	-1.050375437E2
3.900000000E1	-9.766807050E1
3.904000000E1	-9.128855354E1
3.908000000E1	-8.607949829E1
3.912000000E1	-8.252355592E1
3.916000000E1	-7.999212674E1
3.920000000E1	-7.824014320E1
3.924000000E1	-7.824904306E1
3.928000000E1	-7.736606817E1
3.932000000E1	-7.745012502E1
3.936000000E1	-7.764241940E1
3.940000000E1	-7.809652219E1
3.944000000E1	-7.833494335E1
3.948000000E1	-7.840785960E1
3.952000000E1	-7.840715414E1
3.956000000E1	-7.833736344E1
3.960000000E1	-7.845711978E1
3.964000000E1	-7.844446116E1
3.968000000E1	-7.847107556E1
3.972000000E1	-7.845101191E1
3.976000000E1	-7.843215172E1
3.980000000E1	-7.834638046E1
3.984000000E1	-7.829950287E1
3.988000000E1	-7.827266397E1
3.992000000E1	-7.825471198E1
3.996000000E1	-7.824440874E1
4.000000000E1	-7.821810507E1
4.004000000E1	-7.821530869E1
4.008000000E1	-7.821356740E1
4.012000000E1	-7.819158333E1
4.016000000E1	-7.816325566E1
4.020000000E1	-7.819600407E1
4.024000000E1	-7.821419086E1
4.028000000E1	-7.824293746E1
4.032000000E1	-7.827727620E1
4.036000000E1	-7.827923319E1
4.040000000E1	-7.833197208E1
