
t/1	ANGLE/1
0.000000000E0	9.030325927E1
4.000000000E-2	9.030271960E1
8.000000000E-2	9.030366898E1
1.200000000E-1	9.032846730E1
1.600000000E-1	9.035151280E1
2.000000000E-1	9.038211321E1
2.400000000E-1	9.042748938E1
2.800000000E-1	9.047062444E1
3.200000000E-1	9.052039939E1
3.600000000E-1	9.053737014E1
4.000000000E-1	9.053733093E1
4.400000000E-1	9.054421123E1
4.800000000E-1	9.054720833E1
5.200000000E-1	9.056151699E1
5.600000000E-1	9.056917936E1
6.000000000E-1	9.057198259E1
6.400000000E-1	9.057478096E1
6.800000000E-1	9.058515510E1
7.200000000E-1	9.060063562E1
7.600000000E-1	9.059209983E1
8.000000000E-1	9.059045802E1
8.400000000E-1	9.059179481E1
8.800000000E-1	9.059775544E1
9.200000000E-1	9.059802902E1
9.600000000E-1	9.059888726E1
1.000000000E0	9.062131237E1
1.040000000E0	9.062141519E1
1.080000000E0	9.062182828E1
1.120000000E0	9.062025349E1
1.160000000E0	9.061954741E1
1.200000000E0	9.061106093E1
1.240000000E0	9.060478165E1
1.280000000E0	9.062486332E1
1.320000000E0	9.065574404E1
1.360000000E0	9.063246740E1
1.400000000E0	9.061899753E1
1.440000000E0	9.061806509E1
1.480000000E0	9.060431561E1
1.520000000E0	9.061750263E1
1.560000000E0	9.063338697E1
1.600000000E0	9.069458327E1
1.640000000E0	9.075459802E1
1.680000000E0	9.079748237E1
1.720000000E0	9.081865418E1
1.760000000E0	9.083117356E1
1.800000000E0	9.084829076E1
1.840000000E0	9.086359153E1
1.880000000E0	9.088397801E1
1.920000000E0	9.106900088E1
1.960000000E0	9.109916157E1
2.000000000E0	9.110701649E1
2.040000000E0	9.110219515E1
2.080000000E0	9.109865386E1
2.120000000E0	9.110216543E1
2.160000000E0	9.110130553E1
2.200000000E0	9.109892071E1
2.240000000E0	9.110007684E1
2.280000000E0	9.108897543E1
2.320000000E0	9.107280610E1
2.360000000E0	9.104674776E1
2.400000000E0	9.100207301E1
2.440000000E0	9.101364707E1
2.480000000E0	9.102331559E1
2.520000000E0	9.104240360E1
2.560000000E0	9.104605236E1
2.600000000E0	9.107655051E1
2.640000000E0	9.109279944E1
2.680000000E0	9.109409373E1
2.720000000E0	9.109508015E1
2.760000000E0	9.110505436E1
2.800000000E0	9.111643645E1
2.840000000E0	9.112016094E1
2.880000000E0	9.111438326E1
2.920000000E0	9.111946802E1
2.960000000E0	9.114124709E1
3.000000000E0	9.110836460E1
3.040000000E0	9.110488307E1
3.080000000E0	9.110238681E1
3.120000000E0	9.109349451E1
3.160000000E0	9.107359876E1
3.200000000E0	9.101351330E1
3.240000000E0	9.089763244E1
3.280000000E0	9.084326163E1
3.320000000E0	9.080472775E1
3.360000000E0	9.076613407E1
3.400000000E0	9.069744451E1
3.440000000E0	9.058755160E1
3.480000000E0	9.053790103E1
3.520000000E0	9.046393913E1
3.560000000E0	9.033284047E1
3.600000000E0	9.024282556E1
3.640000000E0	8.999212073E1
3.680000000E0	8.974490555E1
3.720000000E0	8.950155513E1
3.760000000E0	8.932936649E1
3.800000000E0	8.922744149E1
3.840000000E0	8.894103614E1
3.880000000E0	8.840874649E1
3.920000000E0	8.751536218E1
3.960000000E0	8.649237881E1
4.000000000E0	8.541211651E1
4.040000000E0	8.442214139E1
4.080000000E0	8.348594949E1
4.120000000E0	8.256637566E1
4.160000000E0	8.169281293E1
4.200000000E0	8.097738060E1
4.240000000E0	8.036585055E1
4.280000000E0	7.971865209E1
4.320000000E0	7.913352862E1
4.360000000E0	7.857886544E1
4.400000000E0	7.816374997E1
4.440000000E0	7.780440348E1
4.480000000E0	7.757817594E1
4.520000000E0	7.747670974E1
4.560000000E0	7.744642584E1
4.600000000E0	7.750231430E1
4.640000000E0	7.793660631E1
4.680000000E0	7.846406854E1
4.720000000E0	7.894108353E1
4.760000000E0	7.965108376E1
4.800000000E0	8.049311344E1
4.840000000E0	8.137438646E1
4.880000000E0	8.233075898E1
4.920000000E0	8.324479845E1
4.960000000E0	8.419495278E1
5.000000000E0	8.524129768E1
5.040000000E0	8.626662190E1
5.080000000E0	8.723227529E1
5.120000000E0	8.795501799E1
5.160000000E0	8.842572646E1
5.200000000E0	8.878104022E1
5.240000000E0	8.903259000E1
5.280000000E0	8.914397963E1
5.320000000E0	8.915967150E1
5.360000000E0	8.921953056E1
5.400000000E0	8.932002650E1
5.440000000E0	8.950404864E1
5.480000000E0	8.968141539E1
5.520000000E0	8.973125561E1
5.560000000E0	8.965565549E1
5.600000000E0	8.946529186E1
5.640000000E0	8.935301213E1
5.680000000E0	8.926268195E1
5.720000000E0	8.923073422E1
5.760000000E0	8.896115520E1
5.800000000E0	8.855314554E1
5.840000000E0	8.734144528E1
5.880000000E0	8.736572342E1
5.920000000E0	8.669501018E1
5.960000000E0	8.601560309E1
6.000000000E0	8.534320240E1
6.040000000E0	8.462207080E1
6.080000000E0	8.397522048E1
6.120000000E0	8.336407956E1
6.160000000E0	8.272194882E1
6.200000000E0	8.206955821E1
6.240000000E0	8.146376595E1
6.280000000E0	8.090029413E1
6.320000000E0	8.045701240E1
6.360000000E0	8.007008155E1
6.400000000E0	7.973373936E1
6.440000000E0	7.960826085E1
6.480000000E0	7.955085763E1
6.520000000E0	7.963181547E1
6.560000000E0	7.977515711E1
6.600000000E0	8.021930225E1
6.640000000E0	8.062104428E1
6.680000000E0	8.197950487E1
6.720000000E0	8.200768391E1
6.760000000E0	8.270826575E1
6.800000000E0	8.357938918E1
6.840000000E0	8.433820262E1
6.880000000E0	8.512926803E1
6.920000000E0	8.591936852E1
6.960000000E0	8.678130706E1
7.000000000E0	8.747151523E1
7.040000000E0	8.776742883E1
7.080000000E0	8.799234163E1
7.120000000E0	8.796706283E1
7.160000000E0	8.799632034E1
7.200000000E0	8.810646618E1
7.240000000E0	8.815346445E1
7.280000000E0	8.816216171E1
7.320000000E0	8.822096901E1
7.360000000E0	8.839331233E1
7.400000000E0	8.848404223E1
7.440000000E0	8.849910647E1
7.480000000E0	8.845528301E1
7.520000000E0	8.830289863E1
7.560000000E0	8.822944896E1
7.600000000E0	8.821929994E1
7.640000000E0	8.827169755E1
7.680000000E0	8.829187010E1
7.720000000E0	8.821938733E1
7.760000000E0	8.797038074E1
7.800000000E0	8.757889722E1
7.840000000E0	8.716262692E1
7.880000000E0	8.669919335E1
7.920000000E0	8.621931548E1
7.960000000E0	8.578175806E1
8.000000000E0	8.529569017E1
8.040000000E0	8.480157110E1
8.080000000E0	8.420226725E1
8.120000000E0	8.358775942E1
8.160000000E0	8.291879189E1
8.200000000E0	8.230347917E1
8.240000000E0	8.171750437E1
8.280000000E0	8.116658609E1
8.320000000E0	8.066189001E1
8.360000000E0	8.018853764E1
8.400000000E0	7.990490564E1
8.440000000E0	7.974502446E1
8.480000000E0	7.967353353E1
8.520000000E0	7.979052671E1
8.560000000E0	8.015103514E1
8.600000000E0	8.048079196E1
8.640000000E0	8.093360834E1
8.680000000E0	8.153669985E1
8.720000000E0	8.224965531E1
8.760000000E0	8.298409362E1
8.800000000E0	8.395269275E1
8.840000000E0	8.480642674E1
8.880000000E0	8.552042850E1
8.920000000E0	8.603711568E1
8.960000000E0	8.647748714E1
9.000000000E0	8.693104999E1
9.040000000E0	8.714490039E1
9.080000000E0	8.738502409E1
9.120000000E0	8.767243095E1
9.160000000E0	8.794542252E1
9.200000000E0	8.805154738E1
9.240000000E0	8.800551736E1
9.280000000E0	8.794867884E1
9.320000000E0	8.801484528E1
9.360000000E0	8.800223029E1
9.400000000E0	8.809730654E1
9.440000000E0	8.817400675E1
9.480000000E0	8.818414606E1
9.520000000E0	8.801039462E1
9.560000000E0	8.793472060E1
9.600000000E0	8.774980951E1
9.640000000E0	8.769731814E1
9.680000000E0	8.765114894E1
9.720000000E0	8.751848789E1
9.760000000E0	8.743927378E1
9.800000000E0	8.718305003E1
9.840000000E0	8.679831195E1
9.880000000E0	8.633973778E1
9.920000000E0	8.588257611E1
9.960000000E0	8.536893563E1
1.000000000E1	8.477224645E1
1.004000000E1	8.409986342E1
1.008000000E1	8.345670305E1
1.012000000E1	8.296112354E1
1.016000000E1	8.251128627E1
1.020000000E1	8.202523394E1
1.024000000E1	8.146667699E1
1.028000000E1	8.087766407E1
1.032000000E1	8.024040495E1
1.036000000E1	7.970527178E1
1.040000000E1	7.927469863E1
1.044000000E1	7.893253976E1
1.048000000E1	7.872373879E1
1.052000000E1	7.844423750E1
1.056000000E1	7.847806255E1
1.060000000E1	7.886391038E1
1.064000000E1	7.913148633E1
1.068000000E1	7.953528035E1
1.072000000E1	8.008724578E1
1.076000000E1	8.067772043E1
1.080000000E1	8.150965128E1
1.084000000E1	8.218922377E1
1.088000000E1	8.291622724E1
1.092000000E1	8.343659665E1
1.096000000E1	8.396286958E1
1.100000000E1	8.467187913E1
1.104000000E1	8.529001424E1
1.108000000E1	8.596489971E1
1.112000000E1	8.650439237E1
1.116000000E1	8.688142238E1
1.120000000E1	8.697352657E1
1.124000000E1	8.708271434E1
1.128000000E1	8.720823305E1
1.132000000E1	8.718281703E1
1.136000000E1	8.717479221E1
1.140000000E1	8.721698726E1
1.144000000E1	8.739035482E1
1.148000000E1	8.744658907E1
1.152000000E1	8.759762278E1
1.156000000E1	8.767257126E1
1.160000000E1	8.768760619E1
1.164000000E1	8.770628166E1
1.168000000E1	8.770068252E1
1.172000000E1	8.769567059E1
1.176000000E1	8.769854817E1
1.180000000E1	8.770142728E1
1.184000000E1	8.771528297E1
1.188000000E1	8.772900699E1
1.192000000E1	8.770333204E1
1.196000000E1	8.766780852E1
1.200000000E1	8.748117354E1
1.204000000E1	8.739913552E1
1.208000000E1	8.721276967E1
1.212000000E1	8.718871675E1
1.216000000E1	8.722874514E1
1.220000000E1	8.708488039E1
1.224000000E1	8.662678436E1
1.228000000E1	8.604331313E1
1.232000000E1	8.533104964E1
1.236000000E1	8.466656968E1
1.240000000E1	8.409324114E1
1.244000000E1	8.343394168E1
1.248000000E1	8.278848692E1
1.252000000E1	8.217390069E1
1.256000000E1	8.157905464E1
1.260000000E1	8.099384563E1
1.264000000E1	8.035474394E1
1.268000000E1	7.962968618E1
1.272000000E1	7.904799396E1
1.276000000E1	7.859892044E1
1.280000000E1	7.821346333E1
1.284000000E1	7.797128779E1
1.288000000E1	7.787429029E1
1.292000000E1	7.792738018E1
1.296000000E1	7.802780316E1
1.300000000E1	7.826305323E1
1.304000000E1	7.869868290E1
1.308000000E1	7.912602552E1
1.312000000E1	7.964740872E1
1.316000000E1	8.032669633E1
1.320000000E1	8.110423797E1
1.324000000E1	8.194169948E1
1.328000000E1	8.283250179E1
1.332000000E1	8.372639835E1
1.336000000E1	8.463353231E1
1.340000000E1	8.535224918E1
1.344000000E1	8.574329420E1
1.348000000E1	8.587576234E1
1.352000000E1	8.593940128E1
1.356000000E1	8.591878631E1
1.360000000E1	8.595987252E1
1.364000000E1	8.597731845E1
1.368000000E1	8.592495376E1
1.372000000E1	8.589530185E1
1.376000000E1	8.589583183E1
1.380000000E1	8.594589537E1
1.384000000E1	8.606002771E1
1.388000000E1	8.607666947E1
1.392000000E1	8.607863212E1
1.396000000E1	8.607782121E1
1.400000000E1	8.598133599E1
1.404000000E1	8.586888989E1
1.408000000E1	8.586195420E1
1.412000000E1	8.585353156E1
1.416000000E1	8.592384124E1
1.420000000E1	8.596872224E1
1.424000000E1	8.592439412E1
1.428000000E1	8.570832132E1
1.432000000E1	8.529181790E1
1.436000000E1	8.486078660E1
1.440000000E1	8.446877550E1
1.444000000E1	8.375046659E1
1.448000000E1	8.375001821E1
1.452000000E1	8.332329537E1
1.456000000E1	8.301074156E1
1.460000000E1	8.266511475E1
1.464000000E1	8.235061811E1
1.468000000E1	8.206272217E1
1.472000000E1	8.169821409E1
1.476000000E1	8.120038945E1
1.480000000E1	8.017889968E1
1.484000000E1	8.016492335E1
1.488000000E1	7.967794173E1
1.492000000E1	7.923184768E1
1.496000000E1	7.881804026E1
1.500000000E1	7.851223647E1
1.504000000E1	7.831059353E1
1.508000000E1	7.822689194E1
1.512000000E1	7.830200458E1
1.516000000E1	7.847721159E1
1.520000000E1	7.881123311E1
1.524000000E1	7.927556077E1
1.528000000E1	7.973109166E1
1.532000000E1	8.024373354E1
1.536000000E1	8.084622085E1
1.540000000E1	8.146179640E1
1.544000000E1	8.199863636E1
1.548000000E1	8.262728884E1
1.552000000E1	8.330604077E1
1.556000000E1	8.400016841E1
1.560000000E1	8.455531374E1
1.564000000E1	8.513312232E1
1.568000000E1	8.539754228E1
1.572000000E1	8.561490178E1
1.576000000E1	8.579511193E1
1.580000000E1	8.585710185E1
1.584000000E1	8.588083800E1
1.588000000E1	8.595106408E1
1.592000000E1	8.593973886E1
1.596000000E1	8.600151199E1
1.600000000E1	8.612177892E1
1.604000000E1	8.616573438E1
1.608000000E1	8.616634259E1
1.612000000E1	8.612974328E1
1.616000000E1	8.613423142E1
1.620000000E1	8.594231643E1
1.624000000E1	8.586291581E1
1.628000000E1	8.583925040E1
1.632000000E1	8.582214360E1
1.636000000E1	8.572844595E1
1.640000000E1	8.556237938E1
1.644000000E1	8.537739464E1
1.648000000E1	8.510867283E1
1.652000000E1	8.477613880E1
1.656000000E1	8.439121242E1
1.660000000E1	8.393431552E1
1.664000000E1	8.354681565E1
1.668000000E1	8.310968216E1
1.672000000E1	8.275586901E1
1.676000000E1	8.241615838E1
1.680000000E1	8.202671443E1
1.684000000E1	8.104557635E1
1.688000000E1	8.102014913E1
1.692000000E1	8.044277714E1
1.696000000E1	7.991506019E1
1.700000000E1	7.944882044E1
1.704000000E1	7.903509949E1
1.708000000E1	7.873016296E1
1.712000000E1	7.853658094E1
1.716000000E1	7.848303963E1
1.720000000E1	7.852835526E1
1.724000000E1	7.870175648E1
1.728000000E1	7.899643222E1
1.732000000E1	7.951180117E1
1.736000000E1	7.997398698E1
1.740000000E1	8.054405874E1
1.744000000E1	8.122882602E1
1.748000000E1	8.193465906E1
1.752000000E1	8.261135915E1
1.756000000E1	8.321191085E1
1.760000000E1	8.394508869E1
1.764000000E1	8.451630859E1
1.768000000E1	8.480362632E1
1.772000000E1	8.515230631E1
1.776000000E1	8.537976759E1
1.780000000E1	8.541439349E1
1.784000000E1	8.573432253E1
1.788000000E1	8.570970641E1
1.792000000E1	8.587868617E1
1.796000000E1	8.591209384E1
1.800000000E1	8.613081798E1
1.804000000E1	8.609958583E1
1.808000000E1	8.614942927E1
1.812000000E1	8.622780923E1
1.816000000E1	8.635794198E1
1.820000000E1	8.640969095E1
1.824000000E1	8.640911635E1
1.828000000E1	8.640496001E1
1.832000000E1	8.640058459E1
1.836000000E1	8.640885725E1
1.840000000E1	8.634061692E1
1.844000000E1	8.640597151E1
1.848000000E1	8.643216993E1
1.852000000E1	8.624786291E1
1.856000000E1	8.600164056E1
1.860000000E1	8.565393102E1
1.864000000E1	8.519789742E1
1.868000000E1	8.470801010E1
1.872000000E1	8.422225996E1
1.876000000E1	8.375074226E1
1.880000000E1	8.315489586E1
1.884000000E1	8.258338551E1
1.888000000E1	8.205105004E1
1.892000000E1	8.156958342E1
1.896000000E1	8.113303333E1
1.900000000E1	8.061820455E1
1.904000000E1	8.010102802E1
1.908000000E1	7.962251246E1
1.912000000E1	7.918448534E1
1.916000000E1	7.878546090E1
1.920000000E1	7.848717861E1
1.924000000E1	7.828974529E1
1.928000000E1	7.828178329E1
1.932000000E1	7.834015902E1
1.936000000E1	7.850460052E1
1.940000000E1	7.872765457E1
1.944000000E1	7.925485071E1
1.948000000E1	7.966110239E1
1.952000000E1	8.018731550E1
1.956000000E1	8.086110884E1
1.960000000E1	8.158821491E1
1.964000000E1	8.238539153E1
1.968000000E1	8.304555696E1
1.972000000E1	8.370726177E1
1.976000000E1	8.428529060E1
1.980000000E1	8.493976179E1
1.984000000E1	8.541009820E1
1.988000000E1	8.588393433E1
1.992000000E1	8.612145686E1
1.996000000E1	8.617716321E1
2.000000000E1	8.626857521E1
2.004000000E1	8.630336912E1
2.008000000E1	8.634954784E1
2.012000000E1	8.640049462E1
2.016000000E1	8.645834900E1
2.020000000E1	8.662292276E1
2.024000000E1	8.670847714E1
2.028000000E1	8.682606610E1
2.032000000E1	8.686970778E1
2.036000000E1	8.682049840E1
2.040000000E1	8.674093237E1
2.044000000E1	8.664780416E1
2.048000000E1	8.661783580E1
2.052000000E1	8.664107897E1
2.056000000E1	8.668549167E1
2.060000000E1	8.663734515E1
2.064000000E1	8.641734887E1
2.068000000E1	8.615359979E1
2.072000000E1	8.572219187E1
2.076000000E1	8.521962327E1
2.080000000E1	8.469705164E1
2.084000000E1	8.408736884E1
2.088000000E1	8.362916473E1
2.092000000E1	8.301955451E1
2.096000000E1	8.244735712E1
2.100000000E1	8.192675943E1
2.104000000E1	8.134964282E1
2.108000000E1	8.078948461E1
2.112000000E1	8.007054305E1
2.116000000E1	7.952366312E1
2.120000000E1	7.905994740E1
2.124000000E1	7.872261947E1
2.128000000E1	7.852361285E1
2.132000000E1	7.839706014E1
2.136000000E1	7.842101090E1
2.140000000E1	7.857257184E1
2.144000000E1	7.881902799E1
2.148000000E1	7.911264181E1
2.152000000E1	7.951197906E1
2.156000000E1	8.022777832E1
2.160000000E1	8.077422895E1
2.164000000E1	8.147866938E1
2.168000000E1	8.210608940E1
2.172000000E1	8.285960047E1
2.176000000E1	8.348582376E1
2.180000000E1	8.395765071E1
2.184000000E1	8.429293111E1
2.188000000E1	8.491377058E1
2.192000000E1	8.512103083E1
2.196000000E1	8.525439991E1
2.200000000E1	8.525780536E1
2.204000000E1	8.533697970E1
2.208000000E1	8.539855648E1
2.212000000E1	8.541227161E1
2.216000000E1	8.542060520E1
2.220000000E1	8.544729849E1
2.224000000E1	8.550709249E1
2.228000000E1	8.561422507E1
2.232000000E1	8.566758498E1
2.236000000E1	8.566588300E1
2.240000000E1	8.570575177E1
2.244000000E1	8.566846378E1
2.248000000E1	8.548530629E1
2.252000000E1	8.545277589E1
2.256000000E1	8.528654457E1
2.260000000E1	8.521463201E1
2.264000000E1	8.523153381E1
2.268000000E1	8.526972040E1
2.272000000E1	8.526020429E1
2.276000000E1	8.518861688E1
2.280000000E1	8.498665305E1
2.284000000E1	8.466948198E1
2.288000000E1	8.431602536E1
2.292000000E1	8.355187296E1
2.296000000E1	8.358419961E1
2.300000000E1	8.315212456E1
2.304000000E1	8.271548583E1
2.308000000E1	8.230720230E1
2.312000000E1	8.197401957E1
2.316000000E1	8.167305471E1
2.320000000E1	8.082375591E1
2.324000000E1	8.082030583E1
2.328000000E1	8.030306624E1
2.332000000E1	7.979935980E1
2.336000000E1	7.930459506E1
2.340000000E1	7.883705601E1
2.344000000E1	7.832939951E1
2.348000000E1	7.813374571E1
2.352000000E1	7.808114113E1
2.356000000E1	7.817785442E1
2.360000000E1	7.862431336E1
2.364000000E1	7.894559014E1
2.368000000E1	7.937707242E1
2.372000000E1	7.992569468E1
2.376000000E1	8.107575183E1
2.380000000E1	8.108519613E1
2.384000000E1	8.164825390E1
2.388000000E1	8.218586179E1
2.392000000E1	8.278546955E1
2.396000000E1	8.338767656E1
2.400000000E1	8.402732164E1
2.404000000E1	8.470864938E1
2.408000000E1	8.522571822E1
2.412000000E1	8.562979062E1
2.416000000E1	8.564571201E1
2.420000000E1	8.588714036E1
2.424000000E1	8.602701222E1
2.428000000E1	8.610989260E1
2.432000000E1	8.617324840E1
2.436000000E1	8.622053234E1
2.440000000E1	8.636614311E1
2.444000000E1	8.647856048E1
2.448000000E1	8.663096700E1
2.452000000E1	8.664800423E1
2.456000000E1	8.665159652E1
2.460000000E1	8.662400449E1
2.464000000E1	8.658843698E1
2.468000000E1	8.653001200E1
2.472000000E1	8.647670068E1
2.476000000E1	8.647957733E1
2.480000000E1	8.641230926E1
2.484000000E1	8.639868363E1
2.488000000E1	8.642223636E1
2.492000000E1	8.635176816E1
2.496000000E1	8.613661241E1
2.500000000E1	8.580488707E1
2.504000000E1	8.535056739E1
2.508000000E1	8.488939227E1
2.512000000E1	8.449702756E1
2.516000000E1	8.406813354E1
2.520000000E1	8.372964145E1
2.524000000E1	8.333700289E1
2.528000000E1	8.312825609E1
2.532000000E1	8.289349988E1
2.536000000E1	8.264748033E1
2.540000000E1	8.233427283E1
2.544000000E1	8.192903091E1
2.548000000E1	8.145948845E1
2.552000000E1	8.090612490E1
2.556000000E1	8.032579591E1
2.560000000E1	7.964726722E1
2.564000000E1	7.912352400E1
2.568000000E1	7.868679677E1
2.572000000E1	7.840049018E1
2.576000000E1	7.822556099E1
2.580000000E1	7.819567938E1
2.584000000E1	7.826544660E1
2.588000000E1	7.841932944E1
2.592000000E1	7.870213837E1
2.596000000E1	7.914757707E1
2.600000000E1	7.978007825E1
2.604000000E1	8.048909614E1
2.608000000E1	8.122526517E1
2.612000000E1	8.195293857E1
2.616000000E1	8.268215565E1
2.620000000E1	8.338684974E1
2.624000000E1	8.406201770E1
2.628000000E1	8.454406435E1
2.632000000E1	8.499205137E1
2.636000000E1	8.528863849E1
2.640000000E1	8.554478686E1
2.644000000E1	8.587600921E1
2.648000000E1	8.621071467E1
2.652000000E1	8.648393380E1
2.656000000E1	8.667272477E1
2.660000000E1	8.673593326E1
2.664000000E1	8.681830916E1
2.668000000E1	8.693260835E1
2.672000000E1	8.698830507E1
2.676000000E1	8.699184056E1
2.680000000E1	8.696855303E1
2.684000000E1	8.692814199E1
2.688000000E1	8.683575829E1
2.692000000E1	8.674376094E1
2.696000000E1	8.669573421E1
2.700000000E1	8.658093202E1
2.704000000E1	8.658377466E1
2.708000000E1	8.652910366E1
2.712000000E1	8.640249791E1
2.716000000E1	8.606928246E1
2.720000000E1	8.573629677E1
2.724000000E1	8.531389589E1
2.728000000E1	8.482371761E1
2.732000000E1	8.434962850E1
2.736000000E1	8.390827276E1
2.740000000E1	8.336978554E1
2.744000000E1	8.286633307E1
2.748000000E1	8.238696914E1
2.752000000E1	8.189539493E1
2.756000000E1	8.134245698E1
2.760000000E1	8.077377730E1
2.764000000E1	8.001934884E1
2.768000000E1	7.941058177E1
2.772000000E1	7.871801475E1
2.776000000E1	7.829420727E1
2.780000000E1	7.793392303E1
2.784000000E1	7.771731641E1
2.788000000E1	7.766353019E1
2.792000000E1	7.777484140E1
2.796000000E1	7.817362217E1
2.800000000E1	7.857928969E1
2.804000000E1	7.907589849E1
2.808000000E1	7.962917294E1
2.812000000E1	8.026130277E1
2.816000000E1	8.101635819E1
2.820000000E1	8.179210259E1
2.824000000E1	8.264744639E1
2.828000000E1	8.327560285E1
2.832000000E1	8.384042274E1
2.836000000E1	8.436249101E1
2.840000000E1	8.478323005E1
2.844000000E1	8.491292254E1
2.848000000E1	8.510230252E1
2.852000000E1	8.525658020E1
2.856000000E1	8.550937749E1
2.860000000E1	8.573634979E1
2.864000000E1	8.598214145E1
2.868000000E1	8.598120300E1
2.872000000E1	8.603851311E1
2.876000000E1	8.612895417E1
2.880000000E1	8.617762704E1
2.884000000E1	8.615825275E1
2.888000000E1	8.612763339E1
2.892000000E1	8.600187214E1
2.896000000E1	8.598359199E1
2.900000000E1	8.592570966E1
2.904000000E1	8.598183993E1
2.908000000E1	8.602379644E1
2.912000000E1	8.603540757E1
2.916000000E1	8.595675194E1
2.920000000E1	8.577411133E1
2.924000000E1	8.549153457E1
2.928000000E1	8.517879813E1
2.932000000E1	8.477892017E1
2.936000000E1	8.448359985E1
2.940000000E1	8.407538222E1
2.944000000E1	8.367448275E1
2.948000000E1	8.329692099E1
2.952000000E1	8.291850968E1
2.956000000E1	8.250137302E1
2.960000000E1	8.200407039E1
2.964000000E1	8.147020588E1
2.968000000E1	8.091262008E1
2.972000000E1	8.043002854E1
2.976000000E1	7.982177097E1
2.980000000E1	7.938053415E1
2.984000000E1	7.904312882E1
2.988000000E1	7.882895098E1
2.992000000E1	7.880066060E1
2.996000000E1	7.880239629E1
3.000000000E1	7.901321960E1
3.004000000E1	7.930172880E1
3.008000000E1	7.985578619E1
3.012000000E1	8.032696152E1
3.016000000E1	8.086959175E1
3.020000000E1	8.144550365E1
3.024000000E1	8.218784326E1
3.028000000E1	8.275380664E1
3.032000000E1	8.334111598E1
3.036000000E1	8.389015508E1
3.040000000E1	8.419317033E1
3.044000000E1	8.471586641E1
3.048000000E1	8.515030189E1
3.052000000E1	8.540608047E1
3.056000000E1	8.574206622E1
3.060000000E1	8.602775191E1
3.064000000E1	8.621547540E1
3.068000000E1	8.630920232E1
3.072000000E1	8.627314233E1
3.076000000E1	8.621998945E1
3.080000000E1	8.622012281E1
3.084000000E1	8.625120260E1
3.088000000E1	8.632272318E1
3.092000000E1	8.637347720E1
3.096000000E1	8.642131005E1
3.100000000E1	8.637934987E1
3.104000000E1	8.624907014E1
3.108000000E1	8.619239552E1
3.112000000E1	8.597195987E1
3.116000000E1	8.573214040E1
3.120000000E1	8.563050390E1
3.124000000E1	8.554027126E1
3.128000000E1	8.550812323E1
3.132000000E1	8.539293060E1
3.136000000E1	8.522502301E1
3.140000000E1	8.491517045E1
3.144000000E1	8.437257826E1
3.148000000E1	8.391210051E1
3.152000000E1	8.347800563E1
3.156000000E1	8.291411754E1
3.160000000E1	8.250790417E1
3.164000000E1	8.201870179E1
3.168000000E1	8.159847140E1
3.172000000E1	8.119971636E1
3.176000000E1	8.077071206E1
3.180000000E1	8.029596985E1
3.184000000E1	7.961861852E1
3.188000000E1	7.908258473E1
3.192000000E1	7.838971343E1
3.196000000E1	7.792614791E1
3.200000000E1	7.756900362E1
3.204000000E1	7.734258562E1
3.208000000E1	7.722361552E1
3.212000000E1	7.721401455E1
3.216000000E1	7.733606682E1
3.220000000E1	7.813283097E1
3.224000000E1	7.813779718E1
3.228000000E1	7.859527223E1
3.232000000E1	7.913694605E1
3.236000000E1	7.987773982E1
3.240000000E1	8.048233681E1
3.244000000E1	8.117864645E1
3.248000000E1	8.173354354E1
3.252000000E1	8.241017579E1
3.256000000E1	8.297023839E1
3.260000000E1	8.392691561E1
3.264000000E1	8.389819283E1
3.268000000E1	8.424898510E1
3.272000000E1	8.456415499E1
3.276000000E1	8.479835604E1
3.280000000E1	8.498923861E1
3.284000000E1	8.522728830E1
3.288000000E1	8.540453532E1
3.292000000E1	8.547186846E1
3.296000000E1	8.548476693E1
3.300000000E1	8.551299635E1
3.304000000E1	8.554787870E1
3.308000000E1	8.566920370E1
3.312000000E1	8.568282832E1
3.316000000E1	8.569023364E1
3.320000000E1	8.567379798E1
3.324000000E1	8.563595545E1
3.328000000E1	8.552384790E1
3.332000000E1	8.546253141E1
3.336000000E1	8.545198694E1
3.340000000E1	8.546791502E1
3.344000000E1	8.551094099E1
3.348000000E1	8.554933906E1
3.352000000E1	8.542667257E1
3.356000000E1	8.515047271E1
3.360000000E1	8.476417411E1
3.364000000E1	8.431979769E1
3.368000000E1	8.373082680E1
3.372000000E1	8.327044574E1
3.376000000E1	8.270164809E1
3.380000000E1	8.213344478E1
3.384000000E1	8.156847280E1
3.388000000E1	8.102670535E1
3.392000000E1	8.041729146E1
3.396000000E1	7.963737207E1
3.400000000E1	7.896676108E1
3.404000000E1	7.833469748E1
3.408000000E1	7.763301041E1
3.412000000E1	7.715745506E1
3.416000000E1	7.673623903E1
3.420000000E1	7.649207466E1
3.424000000E1	7.637187226E1
3.428000000E1	7.634750838E1
3.432000000E1	7.647751734E1
3.436000000E1	7.670240188E1
3.440000000E1	7.724194038E1
3.444000000E1	7.781555687E1
3.448000000E1	7.826063276E1
3.452000000E1	7.894648417E1
3.456000000E1	7.954182251E1
3.460000000E1	8.015605470E1
3.464000000E1	8.092017492E1
3.468000000E1	8.155620083E1
3.472000000E1	8.221641800E1
3.476000000E1	8.276955441E1
3.480000000E1	8.329125740E1
3.484000000E1	8.382112069E1
3.488000000E1	8.433517301E1
3.492000000E1	8.477532053E1
3.496000000E1	8.501888702E1
3.500000000E1	8.531610030E1
3.504000000E1	8.546260596E1
3.508000000E1	8.548466796E1
3.512000000E1	8.561093083E1
3.516000000E1	8.563747869E1
3.520000000E1	8.567950977E1
3.524000000E1	8.570530864E1
3.528000000E1	8.573197167E1
3.532000000E1	8.575203101E1
3.536000000E1	8.575125531E1
3.540000000E1	8.574185076E1
3.544000000E1	8.571005772E1
3.548000000E1	8.566882019E1
3.552000000E1	8.551270587E1
3.556000000E1	8.548131800E1
3.560000000E1	8.527763536E1
3.564000000E1	8.526112573E1
3.568000000E1	8.522466280E1
3.572000000E1	8.507028495E1
3.576000000E1	8.483204836E1
3.580000000E1	8.461490631E1
3.584000000E1	8.434416058E1
3.588000000E1	8.395796411E1
3.592000000E1	8.358527280E1
3.596000000E1	8.321595501E1
3.600000000E1	8.270675090E1
3.604000000E1	8.222510730E1
3.608000000E1	8.173787609E1
3.612000000E1	8.125198110E1
3.616000000E1	8.071681134E1
3.620000000E1	7.995173482E1
3.624000000E1	7.932596932E1
3.628000000E1	7.872847965E1
3.632000000E1	7.818470497E1
3.636000000E1	7.771231973E1
3.640000000E1	7.734250891E1
3.644000000E1	7.709191622E1
3.648000000E1	7.699417272E1
3.652000000E1	7.701948677E1
3.656000000E1	7.722586153E1
3.660000000E1	7.748339734E1
3.664000000E1	7.774378489E1
3.668000000E1	7.828460542E1
3.672000000E1	7.871867960E1
3.676000000E1	7.940925917E1
3.680000000E1	8.000937361E1
3.684000000E1	8.058508016E1
3.688000000E1	8.111791143E1
3.692000000E1	8.178061637E1
3.696000000E1	8.220357451E1
3.700000000E1	8.270397566E1
3.704000000E1	8.317589586E1
3.708000000E1	8.362004553E1
3.712000000E1	8.398155408E1
3.716000000E1	8.427447867E1
3.720000000E1	8.455839138E1
3.724000000E1	8.478679281E1
3.728000000E1	8.511583908E1
3.732000000E1	8.537155820E1
3.736000000E1	8.539915121E1
3.740000000E1	8.541369766E1
3.744000000E1	8.543062823E1
3.748000000E1	8.544268644E1
3.752000000E1	8.548220251E1
3.756000000E1	8.552665970E1
3.760000000E1	8.555105930E1
3.764000000E1	8.553468002E1
3.768000000E1	8.547394058E1
3.772000000E1	8.540721903E1
3.776000000E1	8.534227546E1
3.780000000E1	8.522441491E1
3.784000000E1	8.524483973E1
3.788000000E1	8.526151169E1
3.792000000E1	8.529146229E1
3.796000000E1	8.503798904E1
3.800000000E1	8.469036941E1
3.804000000E1	8.422537123E1
3.808000000E1	8.371853859E1
3.812000000E1	8.324256409E1
3.816000000E1	8.266519621E1
3.820000000E1	8.214319214E1
3.824000000E1	8.157071999E1
3.828000000E1	8.103045077E1
3.832000000E1	8.047764874E1
3.836000000E1	7.971083791E1
3.840000000E1	7.907466854E1
3.844000000E1	7.838475148E1
3.848000000E1	7.793497351E1
3.852000000E1	7.758625576E1
3.856000000E1	7.729736077E1
3.860000000E1	7.717832437E1
3.864000000E1	7.719210925E1
3.868000000E1	7.731251038E1
3.872000000E1	7.748937546E1
3.876000000E1	7.798967867E1
3.880000000E1	7.838013170E1
3.884000000E1	7.901724339E1
3.888000000E1	7.954547124E1
3.892000000E1	8.012871629E1
3.896000000E1	8.079822163E1
3.900000000E1	8.149871095E1
3.904000000E1	8.223586013E1
3.908000000E1	8.303863787E1
3.912000000E1	8.369257538E1
3.916000000E1	8.433220576E1
3.920000000E1	8.538520617E1
3.924000000E1	8.541012639E1
3.928000000E1	8.576551188E1
3.932000000E1	8.607186861E1
3.936000000E1	8.628677604E1
3.940000000E1	8.647795804E1
3.944000000E1	8.654056432E1
3.948000000E1	8.660929431E1
3.952000000E1	8.671700829E1
3.956000000E1	8.680036072E1
3.960000000E1	8.694193577E1
3.964000000E1	8.700738886E1
3.968000000E1	8.700831356E1
3.972000000E1	8.697456186E1
3.976000000E1	8.693127648E1
3.980000000E1	8.684358823E1
3.984000000E1	8.678757941E1
3.988000000E1	8.676560610E1
3.992000000E1	8.676801080E1
3.996000000E1	8.677135496E1
4.000000000E1	8.676204701E1
4.004000000E1	8.675803037E1
4.008000000E1	8.675499609E1
4.012000000E1	8.675737621E1
4.016000000E1	8.676594701E1
4.020000000E1	8.678833920E1
4.024000000E1	8.680371245E1
4.028000000E1	8.684820242E1
4.032000000E1	8.690423128E1
4.036000000E1	8.694221136E1
4.040000000E1	8.697848383E1
