
t/1	ANGLE/1
0.000000000E0	-9.969447152E1
4.000000000E-2	-9.971077768E1
8.000000000E-2	-9.972542836E1
1.200000000E-1	-9.971147174E1
1.600000000E-1	-9.971822191E1
2.000000000E-1	-9.971784575E1
2.400000000E-1	-9.971081137E1
2.800000000E-1	-9.971616083E1
3.200000000E-1	-9.969240011E1
3.600000000E-1	-9.970477202E1
4.000000000E-1	-9.971330806E1
4.400000000E-1	-9.970010746E1
4.800000000E-1	-9.969047326E1
5.200000000E-1	-9.968669241E1
5.600000000E-1	-9.968283980E1
6.000000000E-1	-9.969349544E1
6.400000000E-1	-9.969974316E1
6.800000000E-1	-9.969782857E1
7.200000000E-1	-9.969663844E1
7.600000000E-1	-9.969944631E1
8.000000000E-1	-9.970571716E1
8.400000000E-1	-9.969968119E1
8.800000000E-1	-9.970113558E1
9.200000000E-1	-9.969669883E1
9.600000000E-1	-9.969384200E1
1.000000000E0	-9.968350471E1
1.040000000E0	-9.969043506E1
1.080000000E0	-9.969415780E1
1.120000000E0	-9.970347384E1
1.160000000E0	-9.971427674E1
1.200000000E0	-9.971295278E1
1.240000000E0	-9.971533218E1
1.280000000E0	-9.989916853E1
1.320000000E0	-9.973437810E1
1.360000000E0	-9.911921990E1
1.400000000E0	-9.826485073E1
1.440000000E0	-9.774386235E1
1.480000000E0	-9.797618826E1
1.520000000E0	-9.907245096E1
1.560000000E0	-1.007293452E2
1.600000000E0	-1.037563114E2
1.640000000E0	-1.063921055E2
1.680000000E0	-1.092699543E2
1.720000000E0	-1.122880380E2
1.760000000E0	-1.152116439E2
1.800000000E0	-1.179799365E2
1.840000000E0	-1.210633577E2
1.880000000E0	-1.239622990E2
1.920000000E0	-1.270583652E2
1.960000000E0	-1.300620676E2
2.000000000E0	-1.334048142E2
2.040000000E0	-1.365385831E2
2.080000000E0	-1.391138414E2
2.120000000E0	-1.413565434E2
2.160000000E0	-1.430158741E2
2.200000000E0	-1.439296761E2
2.240000000E0	-1.445428568E2
2.280000000E0	-1.452993045E2
2.320000000E0	-1.461758724E2
2.360000000E0	-1.464030903E2
2.400000000E0	-1.462438539E2
2.440000000E0	-1.448517412E2
2.480000000E0	-1.429055359E2
2.520000000E0	-1.395354881E2
2.560000000E0	-1.357341205E2
2.600000000E0	-1.314143065E2
2.640000000E0	-1.265790798E2
2.680000000E0	-1.222154253E2
2.720000000E0	-1.172961905E2
2.760000000E0	-1.132997373E2
2.800000000E0	-1.091863552E2
2.840000000E0	-1.053762257E2
2.880000000E0	-1.024961902E2
2.920000000E0	-1.005344646E2
2.960000000E0	-9.895502128E1
3.000000000E0	-9.813417544E1
3.040000000E0	-9.814934252E1
3.080000000E0	-9.822866465E1
3.120000000E0	-9.860438332E1
3.160000000E0	-9.848933354E1
3.200000000E0	-9.842497035E1
3.240000000E0	-9.832658395E1
3.280000000E0	-9.838909815E1
3.320000000E0	-9.840371398E1
3.360000000E0	-9.845707822E1
3.400000000E0	-9.841758731E1
3.440000000E0	-9.878271988E1
3.480000000E0	-9.912947541E1
3.520000000E0	-9.972464291E1
3.560000000E0	-1.008754950E2
3.600000000E0	-1.025343787E2
3.640000000E0	-1.050164138E2
3.680000000E0	-1.078934341E2
3.720000000E0	-1.115618151E2
3.760000000E0	-1.146894664E2
3.800000000E0	-1.176423841E2
3.840000000E0	-1.208659269E2
3.880000000E0	-1.242465355E2
3.920000000E0	-1.273864767E2
3.960000000E0	-1.305791722E2
4.000000000E0	-1.337983553E2
4.040000000E0	-1.364575865E2
4.080000000E0	-1.386394716E2
4.120000000E0	-1.407785967E2
4.160000000E0	-1.426468457E2
4.200000000E0	-1.440701718E2
4.240000000E0	-1.455669175E2
4.280000000E0	-1.461741770E2
4.320000000E0	-1.465715362E2
4.360000000E0	-1.462943726E2
4.400000000E0	-1.455365479E2
4.440000000E0	-1.434972497E2
4.480000000E0	-1.402504854E2
4.520000000E0	-1.356907964E2
4.560000000E0	-1.309084139E2
4.600000000E0	-1.253174555E2
4.640000000E0	-1.189771202E2
4.680000000E0	-1.140944636E2
4.720000000E0	-1.102933600E2
4.760000000E0	-1.065463912E2
4.800000000E0	-1.035933166E2
4.840000000E0	-1.013492817E2
4.880000000E0	-9.952073425E1
4.920000000E0	-9.839135707E1
4.960000000E0	-9.820735469E1
5.000000000E0	-9.827134898E1
5.040000000E0	-9.823322905E1
5.080000000E0	-9.850166010E1
5.120000000E0	-9.801282178E1
5.160000000E0	-9.815763448E1
5.200000000E0	-9.825536734E1
5.240000000E0	-9.835930229E1
5.280000000E0	-9.858745786E1
5.320000000E0	-9.887523715E1
5.360000000E0	-9.927267903E1
5.400000000E0	-9.966227985E1
5.440000000E0	-1.001432853E2
5.480000000E0	-1.012643608E2
5.520000000E0	-1.030021415E2
5.560000000E0	-1.050407345E2
5.600000000E0	-1.078048755E2
5.640000000E0	-1.102064051E2
5.680000000E0	-1.126573185E2
5.720000000E0	-1.157589772E2
5.760000000E0	-1.188957186E2
5.800000000E0	-1.217879374E2
5.840000000E0	-1.248554902E2
5.880000000E0	-1.281213204E2
5.920000000E0	-1.313375229E2
5.960000000E0	-1.345610832E2
6.000000000E0	-1.376847976E2
6.040000000E0	-1.400583907E2
6.080000000E0	-1.424090102E2
6.120000000E0	-1.438283444E2
6.160000000E0	-1.440498369E2
6.200000000E0	-1.442925348E2
6.240000000E0	-1.434197335E2
6.280000000E0	-1.420214090E2
6.320000000E0	-1.390157377E2
6.360000000E0	-1.354974899E2
6.400000000E0	-1.315362965E2
6.440000000E0	-1.264684166E2
6.480000000E0	-1.210890420E2
6.520000000E0	-1.158660338E2
6.560000000E0	-1.116681525E2
6.600000000E0	-1.077477835E2
6.640000000E0	-1.045958868E2
6.680000000E0	-1.025148656E2
6.720000000E0	-1.009448340E2
6.760000000E0	-1.007036668E2
6.800000000E0	-1.004236690E2
6.840000000E0	-1.003305452E2
6.880000000E0	-1.007147657E2
6.920000000E0	-1.005865832E2
6.960000000E0	-1.007895139E2
7.000000000E0	-1.008037802E2
7.040000000E0	-1.007703127E2
7.080000000E0	-1.005083412E2
7.120000000E0	-1.005484225E2
7.160000000E0	-1.004904992E2
7.200000000E0	-1.000478022E2
7.240000000E0	-1.000879883E2
7.280000000E0	-1.002232868E2
7.320000000E0	-1.001872011E2
7.360000000E0	-1.001367885E2
7.400000000E0	-1.001586479E2
7.440000000E0	-1.002045137E2
7.480000000E0	-1.004254178E2
7.520000000E0	-1.004162351E2
7.560000000E0	-1.008120519E2
7.600000000E0	-1.007492225E2
7.640000000E0	-1.011669128E2
7.680000000E0	-1.019675554E2
7.720000000E0	-1.031836335E2
7.760000000E0	-1.052500927E2
7.800000000E0	-1.079948503E2
7.840000000E0	-1.111958537E2
7.880000000E0	-1.148513553E2
7.920000000E0	-1.185948449E2
7.960000000E0	-1.222607962E2
8.000000000E0	-1.261271445E2
8.040000000E0	-1.297800639E2
8.080000000E0	-1.331832835E2
8.120000000E0	-1.362908825E2
8.160000000E0	-1.390662178E2
8.200000000E0	-1.415719135E2
8.240000000E0	-1.433601815E2
8.280000000E0	-1.450031015E2
8.320000000E0	-1.466802954E2
8.360000000E0	-1.482472475E2
8.400000000E0	-1.488240647E2
8.440000000E0	-1.487067378E2
8.480000000E0	-1.475278465E2
8.520000000E0	-1.449721920E2
8.560000000E0	-1.415513101E2
8.600000000E0	-1.369646252E2
8.640000000E0	-1.325781417E2
8.680000000E0	-1.274128343E2
8.720000000E0	-1.232140456E2
8.760000000E0	-1.193763686E2
8.800000000E0	-1.146153786E2
8.840000000E0	-1.110431112E2
8.880000000E0	-1.083493553E2
8.920000000E0	-1.055061770E2
8.960000000E0	-1.029414595E2
9.000000000E0	-1.012116784E2
9.040000000E0	-1.001691518E2
9.080000000E0	-9.972028699E1
9.120000000E0	-9.992744647E1
9.160000000E0	-9.987093824E1
9.200000000E0	-9.966119788E1
9.240000000E0	-9.997706090E1
9.280000000E0	-9.993682351E1
9.320000000E0	-9.991236241E1
9.360000000E0	-9.981540377E1
9.400000000E0	-9.980039534E1
9.440000000E0	-9.992760547E1
9.480000000E0	-9.993582672E1
9.520000000E0	-1.004192272E2
9.560000000E0	-1.004608195E2
9.600000000E0	-1.006157384E2
9.640000000E0	-1.009782488E2
9.680000000E0	-1.018085660E2
9.720000000E0	-1.028742005E2
9.760000000E0	-1.048013946E2
9.800000000E0	-1.074352096E2
9.840000000E0	-1.099434522E2
9.880000000E0	-1.130954336E2
9.920000000E0	-1.166211370E2
9.960000000E0	-1.201046448E2
1.000000000E1	-1.239047211E2
1.004000000E1	-1.276304328E2
1.008000000E1	-1.314037242E2
1.012000000E1	-1.351150119E2
1.016000000E1	-1.385442018E2
1.020000000E1	-1.416021030E2
1.024000000E1	-1.444496610E2
1.028000000E1	-1.463214341E2
1.032000000E1	-1.474452813E2
1.036000000E1	-1.481324019E2
1.040000000E1	-1.472009950E2
1.044000000E1	-1.455262183E2
1.048000000E1	-1.430970977E2
1.052000000E1	-1.395980693E2
1.056000000E1	-1.356781918E2
1.060000000E1	-1.317019745E2
1.064000000E1	-1.274418567E2
1.068000000E1	-1.229675111E2
1.072000000E1	-1.192459483E2
1.076000000E1	-1.152930622E2
1.080000000E1	-1.117128290E2
1.084000000E1	-1.085509770E2
1.088000000E1	-1.058704411E2
1.092000000E1	-1.036062620E2
1.096000000E1	-1.017565017E2
1.100000000E1	-1.009460786E2
1.104000000E1	-1.003377050E2
1.108000000E1	-9.993545415E1
1.112000000E1	-9.988349566E1
1.116000000E1	-1.000760287E2
1.120000000E1	-1.004851636E2
1.124000000E1	-1.006025103E2
1.128000000E1	-1.005461816E2
1.132000000E1	-1.005687589E2
1.136000000E1	-1.005879176E2
1.140000000E1	-1.004696485E2
1.144000000E1	-1.005265211E2
1.148000000E1	-1.004078417E2
1.152000000E1	-1.002557022E2
1.156000000E1	-1.002348012E2
1.160000000E1	-1.005728422E2
1.164000000E1	-1.007770430E2
1.168000000E1	-1.012213744E2
1.172000000E1	-1.016226862E2
1.176000000E1	-1.023446518E2
1.180000000E1	-1.029386146E2
1.184000000E1	-1.040130513E2
1.188000000E1	-1.059061329E2
1.192000000E1	-1.081099101E2
1.196000000E1	-1.111777275E2
1.200000000E1	-1.143740574E2
1.204000000E1	-1.179268185E2
1.208000000E1	-1.212479530E2
1.212000000E1	-1.250631583E2
1.216000000E1	-1.284694888E2
1.220000000E1	-1.319217340E2
1.224000000E1	-1.354840901E2
1.228000000E1	-1.387192507E2
1.232000000E1	-1.418436278E2
1.236000000E1	-1.442539389E2
1.240000000E1	-1.457983964E2
1.244000000E1	-1.469444800E2
1.248000000E1	-1.476666558E2
1.252000000E1	-1.474040491E2
1.256000000E1	-1.459939441E2
1.260000000E1	-1.443803590E2
1.264000000E1	-1.419750820E2
1.268000000E1	-1.385133871E2
1.272000000E1	-1.349856568E2
1.276000000E1	-1.308727890E2
1.280000000E1	-1.268131179E2
1.284000000E1	-1.231831481E2
1.288000000E1	-1.190450062E2
1.292000000E1	-1.158177202E2
1.296000000E1	-1.126487526E2
1.300000000E1	-1.094105652E2
1.304000000E1	-1.069506616E2
1.308000000E1	-1.048967921E2
1.312000000E1	-1.032896145E2
1.316000000E1	-1.023017869E2
1.320000000E1	-1.014534487E2
1.324000000E1	-1.007413086E2
1.328000000E1	-1.003679798E2
1.332000000E1	-1.004795637E2
1.336000000E1	-1.007775196E2
1.340000000E1	-1.009960329E2
1.344000000E1	-1.009774447E2
1.348000000E1	-1.010785402E2
1.352000000E1	-1.013125873E2
1.356000000E1	-1.013191440E2
1.360000000E1	-1.013184295E2
1.364000000E1	-1.015333540E2
1.368000000E1	-1.017330452E2
1.372000000E1	-1.016500967E2
1.376000000E1	-1.019182052E2
1.380000000E1	-1.021009318E2
1.384000000E1	-1.023941635E2
1.388000000E1	-1.032274496E2
1.392000000E1	-1.040256045E2
1.396000000E1	-1.049006656E2
1.400000000E1	-1.065214305E2
1.404000000E1	-1.083416361E2
1.408000000E1	-1.104371825E2
1.412000000E1	-1.133800625E2
1.416000000E1	-1.165215117E2
1.420000000E1	-1.201067483E2
1.424000000E1	-1.233102841E2
1.428000000E1	-1.267675302E2
1.432000000E1	-1.300524400E2
1.436000000E1	-1.334496569E2
1.440000000E1	-1.364600928E2
1.444000000E1	-1.395449974E2
1.448000000E1	-1.421627611E2
1.452000000E1	-1.446148989E2
1.456000000E1	-1.461025046E2
1.460000000E1	-1.471041657E2
1.464000000E1	-1.471012822E2
1.468000000E1	-1.466892554E2
1.472000000E1	-1.450165484E2
1.476000000E1	-1.437228703E2
1.480000000E1	-1.415186145E2
1.484000000E1	-1.388904033E2
1.488000000E1	-1.356790980E2
1.492000000E1	-1.312427331E2
1.496000000E1	-1.262758282E2
1.500000000E1	-1.214822771E2
1.504000000E1	-1.176494977E2
1.508000000E1	-1.136946188E2
1.512000000E1	-1.101203727E2
1.516000000E1	-1.069934633E2
1.520000000E1	-1.042673973E2
1.524000000E1	-1.021971486E2
1.528000000E1	-1.007128723E2
1.532000000E1	-9.980810079E1
1.536000000E1	-9.941212276E1
1.540000000E1	-9.954584581E1
1.544000000E1	-9.981129672E1
1.548000000E1	-1.001350613E2
1.552000000E1	-1.007441454E2
1.556000000E1	-1.007752020E2
1.560000000E1	-1.010795057E2
1.564000000E1	-1.013763148E2
1.568000000E1	-1.015469784E2
1.572000000E1	-1.015438848E2
1.576000000E1	-1.014563548E2
1.580000000E1	-1.014065932E2
1.584000000E1	-1.014046773E2
1.588000000E1	-1.016946237E2
1.592000000E1	-1.021794582E2
1.596000000E1	-1.029015412E2
1.600000000E1	-1.045037695E2
1.604000000E1	-1.059363994E2
1.608000000E1	-1.078676471E2
1.612000000E1	-1.102740659E2
1.616000000E1	-1.127585143E2
1.620000000E1	-1.152898187E2
1.624000000E1	-1.182941139E2
1.628000000E1	-1.215760625E2
1.632000000E1	-1.238551514E2
1.636000000E1	-1.268070732E2
1.640000000E1	-1.293312782E2
1.644000000E1	-1.319018394E2
1.648000000E1	-1.351585801E2
1.652000000E1	-1.378239667E2
1.656000000E1	-1.401426546E2
1.660000000E1	-1.421922757E2
1.664000000E1	-1.443349542E2
1.668000000E1	-1.455493260E2
1.672000000E1	-1.465428196E2
1.676000000E1	-1.471076690E2
1.680000000E1	-1.461722290E2
1.684000000E1	-1.446540239E2
1.688000000E1	-1.422813970E2
1.692000000E1	-1.393661900E2
1.696000000E1	-1.358803948E2
1.700000000E1	-1.315054385E2
1.704000000E1	-1.274310243E2
1.708000000E1	-1.229863421E2
1.712000000E1	-1.188513566E2
1.716000000E1	-1.151561087E2
1.720000000E1	-1.119350672E2
1.724000000E1	-1.094405403E2
1.728000000E1	-1.076428675E2
1.732000000E1	-1.059820554E2
1.736000000E1	-1.048834033E2
1.740000000E1	-1.039827213E2
1.744000000E1	-1.029366439E2
1.748000000E1	-1.021481652E2
1.752000000E1	-1.017800783E2
1.756000000E1	-1.018919738E2
1.760000000E1	-1.027458778E2
1.764000000E1	-1.030705345E2
1.768000000E1	-1.026758842E2
1.772000000E1	-1.026841754E2
1.776000000E1	-1.030970349E2
1.780000000E1	-1.030668709E2
1.784000000E1	-1.031010058E2
1.788000000E1	-1.031830837E2
1.792000000E1	-1.030390148E2
1.796000000E1	-1.033398988E2
1.800000000E1	-1.042821920E2
1.804000000E1	-1.046058030E2
1.808000000E1	-1.052675536E2
1.812000000E1	-1.065013082E2
1.816000000E1	-1.078545172E2
1.820000000E1	-1.088179381E2
1.824000000E1	-1.106639123E2
1.828000000E1	-1.129907145E2
1.832000000E1	-1.156221016E2
1.836000000E1	-1.184046357E2
1.840000000E1	-1.214382650E2
1.844000000E1	-1.244983219E2
1.848000000E1	-1.272934717E2
1.852000000E1	-1.297942281E2
1.856000000E1	-1.328351826E2
1.860000000E1	-1.356722670E2
1.864000000E1	-1.380129477E2
1.868000000E1	-1.404303952E2
1.872000000E1	-1.423361255E2
1.876000000E1	-1.437969820E2
1.880000000E1	-1.447050675E2
1.884000000E1	-1.446624496E2
1.888000000E1	-1.442113218E2
1.892000000E1	-1.434393420E2
1.896000000E1	-1.420807684E2
1.900000000E1	-1.403731637E2
1.904000000E1	-1.375476532E2
1.908000000E1	-1.335098793E2
1.912000000E1	-1.294732935E2
1.916000000E1	-1.253513741E2
1.920000000E1	-1.208664284E2
1.924000000E1	-1.167564678E2
1.928000000E1	-1.132903608E2
1.932000000E1	-1.099507016E2
1.936000000E1	-1.070060836E2
1.940000000E1	-1.044496069E2
1.944000000E1	-1.023355633E2
1.948000000E1	-1.011471617E2
1.952000000E1	-1.000288908E2
1.956000000E1	-9.951252777E1
1.960000000E1	-9.964931158E1
1.964000000E1	-1.002159416E2
1.968000000E1	-1.009542757E2
1.972000000E1	-1.016344010E2
1.976000000E1	-1.026927936E2
1.980000000E1	-1.034277174E2
1.984000000E1	-1.039732823E2
1.988000000E1	-1.037035424E2
1.992000000E1	-1.041238851E2
1.996000000E1	-1.042532880E2
2.000000000E1	-1.042120313E2
2.004000000E1	-1.043427806E2
2.008000000E1	-1.045203253E2
2.012000000E1	-1.044782617E2
2.016000000E1	-1.045427833E2
2.020000000E1	-1.048819113E2
2.024000000E1	-1.058744266E2
2.028000000E1	-1.067228186E2
2.032000000E1	-1.087300256E2
2.036000000E1	-1.114977985E2
2.040000000E1	-1.144850162E2
2.044000000E1	-1.176900529E2
2.048000000E1	-1.208864869E2
2.052000000E1	-1.239452692E2
2.056000000E1	-1.268041797E2
2.060000000E1	-1.299218867E2
2.064000000E1	-1.326438297E2
2.068000000E1	-1.354053238E2
2.072000000E1	-1.383262600E2
2.076000000E1	-1.412759386E2
2.080000000E1	-1.435927491E2
2.084000000E1	-1.460986668E2
2.088000000E1	-1.477331866E2
2.092000000E1	-1.491484589E2
2.096000000E1	-1.488879110E2
2.100000000E1	-1.483728501E2
2.104000000E1	-1.466393372E2
2.108000000E1	-1.446223403E2
2.112000000E1	-1.420720467E2
2.116000000E1	-1.391657262E2
2.120000000E1	-1.352416013E2
2.124000000E1	-1.314278812E2
2.128000000E1	-1.274587035E2
2.132000000E1	-1.230981372E2
2.136000000E1	-1.186593824E2
2.140000000E1	-1.139648438E2
2.144000000E1	-1.103365658E2
2.148000000E1	-1.069626980E2
2.152000000E1	-1.043215734E2
2.156000000E1	-1.024788453E2
2.160000000E1	-1.008451743E2
2.164000000E1	-9.978482338E1
2.168000000E1	-9.940589914E1
2.172000000E1	-9.964990219E1
2.176000000E1	-9.978488009E1
2.180000000E1	-1.002458102E2
2.184000000E1	-1.007059597E2
2.188000000E1	-1.011969229E2
2.192000000E1	-1.018328436E2
2.196000000E1	-1.023023501E2
2.200000000E1	-1.030445767E2
2.204000000E1	-1.033674344E2
2.208000000E1	-1.032718140E2
2.212000000E1	-1.032462025E2
2.216000000E1	-1.032752841E2
2.220000000E1	-1.032158543E2
2.224000000E1	-1.033505234E2
2.228000000E1	-1.037334555E2
2.232000000E1	-1.041995401E2
2.236000000E1	-1.044936794E2
2.240000000E1	-1.051554319E2
2.244000000E1	-1.064538565E2
2.248000000E1	-1.080642626E2
2.252000000E1	-1.103619784E2
2.256000000E1	-1.132087152E2
2.260000000E1	-1.159638332E2
2.264000000E1	-1.187448392E2
2.268000000E1	-1.216680434E2
2.272000000E1	-1.245447273E2
2.276000000E1	-1.270827375E2
2.280000000E1	-1.296030140E2
2.284000000E1	-1.318981659E2
2.288000000E1	-1.341633814E2
2.292000000E1	-1.365318610E2
2.296000000E1	-1.388125553E2
2.300000000E1	-1.411571750E2
2.304000000E1	-1.430251696E2
2.308000000E1	-1.446114019E2
2.312000000E1	-1.459835428E2
2.316000000E1	-1.465614983E2
2.320000000E1	-1.469619427E2
2.324000000E1	-1.461990783E2
2.328000000E1	-1.445518083E2
2.332000000E1	-1.414417001E2
2.336000000E1	-1.379439390E2
2.340000000E1	-1.335493561E2
2.344000000E1	-1.289749281E2
2.348000000E1	-1.244797491E2
2.352000000E1	-1.205002890E2
2.356000000E1	-1.170877162E2
2.360000000E1	-1.143847546E2
2.364000000E1	-1.122409751E2
2.368000000E1	-1.097747282E2
2.372000000E1	-1.075459443E2
2.376000000E1	-1.060646096E2
2.380000000E1	-1.048277349E2
2.384000000E1	-1.038247741E2
2.388000000E1	-1.039601478E2
2.392000000E1	-1.040041635E2
2.396000000E1	-1.038603286E2
2.400000000E1	-1.039668427E2
2.404000000E1	-1.041274857E2
2.408000000E1	-1.039360155E2
2.412000000E1	-1.040243278E2
2.416000000E1	-1.042104301E2
2.420000000E1	-1.039099958E2
2.424000000E1	-1.038492506E2
2.428000000E1	-1.037831269E2
2.432000000E1	-1.037322967E2
2.436000000E1	-1.036983179E2
2.440000000E1	-1.036398532E2
2.444000000E1	-1.035229853E2
2.448000000E1	-1.038750540E2
2.452000000E1	-1.038307279E2
2.456000000E1	-1.039009266E2
2.460000000E1	-1.041693621E2
2.464000000E1	-1.046230975E2
2.468000000E1	-1.055417030E2
2.472000000E1	-1.074273538E2
2.476000000E1	-1.095463532E2
2.480000000E1	-1.120528054E2
2.484000000E1	-1.149445073E2
2.488000000E1	-1.176919532E2
2.492000000E1	-1.202760738E2
2.496000000E1	-1.228790773E2
2.500000000E1	-1.255362455E2
2.504000000E1	-1.284274945E2
2.508000000E1	-1.314711428E2
2.512000000E1	-1.343868997E2
2.516000000E1	-1.370441258E2
2.520000000E1	-1.399619445E2
2.524000000E1	-1.425016312E2
2.528000000E1	-1.439782431E2
2.532000000E1	-1.454673704E2
2.536000000E1	-1.464581129E2
2.540000000E1	-1.466238603E2
2.544000000E1	-1.457362631E2
2.548000000E1	-1.438746892E2
2.552000000E1	-1.409715926E2
2.556000000E1	-1.377389744E2
2.560000000E1	-1.333185664E2
2.564000000E1	-1.287516572E2
2.568000000E1	-1.239289773E2
2.572000000E1	-1.189405727E2
2.576000000E1	-1.152814970E2
2.580000000E1	-1.115011736E2
2.584000000E1	-1.087389389E2
2.588000000E1	-1.070134047E2
2.592000000E1	-1.055269773E2
2.596000000E1	-1.044263405E2
2.600000000E1	-1.037988412E2
2.604000000E1	-1.038268943E2
2.608000000E1	-1.043588687E2
2.612000000E1	-1.044330258E2
2.616000000E1	-1.046361338E2
2.620000000E1	-1.046145585E2
2.624000000E1	-1.044798123E2
2.628000000E1	-1.044875740E2
2.632000000E1	-1.045902533E2
2.636000000E1	-1.048058422E2
2.640000000E1	-1.049248919E2
2.644000000E1	-1.050329647E2
2.648000000E1	-1.048838071E2
2.652000000E1	-1.046339286E2
2.656000000E1	-1.045583002E2
2.660000000E1	-1.053105798E2
2.664000000E1	-1.059367907E2
2.668000000E1	-1.068822253E2
2.672000000E1	-1.085600486E2
2.676000000E1	-1.107191079E2
2.680000000E1	-1.134005297E2
2.684000000E1	-1.160187548E2
2.688000000E1	-1.192245054E2
2.692000000E1	-1.223637531E2
2.696000000E1	-1.255520296E2
2.700000000E1	-1.289870590E2
2.704000000E1	-1.324127957E2
2.708000000E1	-1.354179347E2
2.712000000E1	-1.381794447E2
2.716000000E1	-1.408760907E2
2.720000000E1	-1.428736950E2
2.724000000E1	-1.443446052E2
2.728000000E1	-1.454955928E2
2.732000000E1	-1.452195003E2
2.736000000E1	-1.448124252E2
2.740000000E1	-1.434890052E2
2.744000000E1	-1.410792819E2
2.748000000E1	-1.376653780E2
2.752000000E1	-1.332189062E2
2.756000000E1	-1.283891089E2
2.760000000E1	-1.232971100E2
2.764000000E1	-1.182749235E2
2.768000000E1	-1.146153159E2
2.772000000E1	-1.110209808E2
2.776000000E1	-1.076096736E2
2.780000000E1	-1.048473283E2
2.784000000E1	-1.026295852E2
2.788000000E1	-1.014149040E2
2.792000000E1	-1.004166017E2
2.796000000E1	-1.003139040E2
2.800000000E1	-1.007766827E2
2.804000000E1	-1.015116888E2
2.808000000E1	-1.021184214E2
2.812000000E1	-1.018694225E2
2.816000000E1	-1.017875684E2
2.820000000E1	-1.015523313E2
2.824000000E1	-1.013590712E2
2.828000000E1	-1.015107194E2
2.832000000E1	-1.015388777E2
2.836000000E1	-1.018947648E2
2.840000000E1	-1.022548458E2
2.844000000E1	-1.022437431E2
2.848000000E1	-1.022007670E2
2.852000000E1	-1.024067583E2
2.856000000E1	-1.027987297E2
2.860000000E1	-1.029079610E2
2.864000000E1	-1.036211229E2
2.868000000E1	-1.044442901E2
2.872000000E1	-1.050954085E2
2.876000000E1	-1.066872045E2
2.880000000E1	-1.090764357E2
2.884000000E1	-1.119278005E2
2.888000000E1	-1.145599188E2
2.892000000E1	-1.177911040E2
2.896000000E1	-1.207508300E2
2.900000000E1	-1.241633624E2
2.904000000E1	-1.279349760E2
2.908000000E1	-1.315598287E2
2.912000000E1	-1.348040879E2
2.916000000E1	-1.382583114E2
2.920000000E1	-1.414339507E2
2.924000000E1	-1.439187629E2
2.928000000E1	-1.462242430E2
2.932000000E1	-1.475014231E2
2.936000000E1	-1.475924670E2
2.940000000E1	-1.465008766E2
2.944000000E1	-1.448532026E2
2.948000000E1	-1.423531385E2
2.952000000E1	-1.393242487E2
2.956000000E1	-1.356136621E2
2.960000000E1	-1.307711809E2
2.964000000E1	-1.267381168E2
2.968000000E1	-1.225879958E2
2.972000000E1	-1.185713886E2
2.976000000E1	-1.152881118E2
2.980000000E1	-1.126107375E2
2.984000000E1	-1.099791682E2
2.988000000E1	-1.073423525E2
2.992000000E1	-1.050870400E2
2.996000000E1	-1.028348827E2
3.000000000E1	-1.015772857E2
3.004000000E1	-1.007652572E2
3.008000000E1	-1.004713193E2
3.012000000E1	-1.007230307E2
3.016000000E1	-1.008243500E2
3.020000000E1	-1.010502276E2
3.024000000E1	-1.008883029E2
3.028000000E1	-1.011199508E2
3.032000000E1	-1.013423855E2
3.036000000E1	-1.012874602E2
3.040000000E1	-1.013773154E2
3.044000000E1	-1.016431253E2
3.048000000E1	-1.015804060E2
3.052000000E1	-1.015286160E2
3.056000000E1	-1.016071729E2
3.060000000E1	-1.014414605E2
3.064000000E1	-1.018376540E2
3.068000000E1	-1.021631126E2
3.072000000E1	-1.024196535E2
3.076000000E1	-1.029742173E2
3.080000000E1	-1.035302575E2
3.084000000E1	-1.043642114E2
3.088000000E1	-1.054718454E2
3.092000000E1	-1.071855199E2
3.096000000E1	-1.095559188E2
3.100000000E1	-1.127824174E2
3.104000000E1	-1.165087051E2
3.108000000E1	-1.203604524E2
3.112000000E1	-1.237592390E2
3.116000000E1	-1.270342169E2
3.120000000E1	-1.302158920E2
3.124000000E1	-1.330718587E2
3.128000000E1	-1.359156266E2
3.132000000E1	-1.389102227E2
3.136000000E1	-1.412931314E2
3.140000000E1	-1.433462395E2
3.144000000E1	-1.451804789E2
3.148000000E1	-1.465851036E2
3.152000000E1	-1.470745798E2
3.156000000E1	-1.470283296E2
3.160000000E1	-1.464741419E2
3.164000000E1	-1.452740707E2
3.168000000E1	-1.429698520E2
3.172000000E1	-1.400320689E2
3.176000000E1	-1.358095643E2
3.180000000E1	-1.313841424E2
3.184000000E1	-1.264095533E2
3.188000000E1	-1.219240518E2
3.192000000E1	-1.180627376E2
3.196000000E1	-1.143648099E2
3.200000000E1	-1.111343732E2
3.204000000E1	-1.091614492E2
3.208000000E1	-1.072238263E2
3.212000000E1	-1.053202123E2
3.216000000E1	-1.032544793E2
3.220000000E1	-1.017919924E2
3.224000000E1	-1.008060724E2
3.228000000E1	-1.001409274E2
3.232000000E1	-1.000433095E2
3.236000000E1	-1.005771065E2
3.240000000E1	-1.008966067E2
3.244000000E1	-1.011910898E2
3.248000000E1	-1.008903929E2
3.252000000E1	-1.010296841E2
3.256000000E1	-1.009510876E2
3.260000000E1	-1.007080435E2
3.264000000E1	-1.005590333E2
3.268000000E1	-1.004898756E2
3.272000000E1	-1.002835362E2
3.276000000E1	-9.993671131E1
3.280000000E1	-1.000560715E2
3.284000000E1	-1.002312718E2
3.288000000E1	-1.004075692E2
3.292000000E1	-1.007308670E2
3.296000000E1	-1.017898383E2
3.300000000E1	-1.031459666E2
3.304000000E1	-1.049016748E2
3.308000000E1	-1.076432860E2
3.312000000E1	-1.106829049E2
3.316000000E1	-1.140665725E2
3.320000000E1	-1.174773019E2
3.324000000E1	-1.211042594E2
3.328000000E1	-1.248095265E2
3.332000000E1	-1.284467955E2
3.336000000E1	-1.318490619E2
3.340000000E1	-1.349589621E2
3.344000000E1	-1.380507128E2
3.348000000E1	-1.410032996E2
3.352000000E1	-1.433761992E2
3.356000000E1	-1.451882899E2
3.360000000E1	-1.468365244E2
3.364000000E1	-1.478140650E2
3.368000000E1	-1.478352951E2
3.372000000E1	-1.469561143E2
3.376000000E1	-1.458905543E2
3.380000000E1	-1.437645107E2
3.384000000E1	-1.415193110E2
3.388000000E1	-1.379832034E2
3.392000000E1	-1.337977383E2
3.396000000E1	-1.296440546E2
3.400000000E1	-1.252222646E2
3.404000000E1	-1.211784397E2
3.408000000E1	-1.165935119E2
3.412000000E1	-1.122642325E2
3.416000000E1	-1.091325176E2
3.420000000E1	-1.066950886E2
3.424000000E1	-1.048258248E2
3.428000000E1	-1.035749704E2
3.432000000E1	-1.020419929E2
3.436000000E1	-1.010754156E2
3.440000000E1	-1.002876975E2
3.444000000E1	-9.939008266E1
3.448000000E1	-9.891237779E1
3.452000000E1	-9.847173017E1
3.456000000E1	-9.868839026E1
3.460000000E1	-9.889865205E1
3.464000000E1	-9.920027404E1
3.468000000E1	-9.916906205E1
3.472000000E1	-9.950569047E1
3.476000000E1	-9.968089904E1
3.480000000E1	-9.975955347E1
3.484000000E1	-9.984538046E1
3.488000000E1	-1.003291449E2
3.492000000E1	-1.004745170E2
3.496000000E1	-1.009470253E2
3.500000000E1	-1.015701056E2
3.504000000E1	-1.026925618E2
3.508000000E1	-1.040471480E2
3.512000000E1	-1.059002655E2
3.516000000E1	-1.079721529E2
3.520000000E1	-1.110763579E2
3.524000000E1	-1.145632069E2
3.528000000E1	-1.181194107E2
3.532000000E1	-1.217947541E2
3.536000000E1	-1.258381550E2
3.540000000E1	-1.292508222E2
3.544000000E1	-1.325986130E2
3.548000000E1	-1.354988876E2
3.552000000E1	-1.380387215E2
3.556000000E1	-1.407790740E2
3.560000000E1	-1.431271210E2
3.564000000E1	-1.453028089E2
3.568000000E1	-1.472581731E2
3.572000000E1	-1.485152885E2
3.576000000E1	-1.489525087E2
3.580000000E1	-1.483069650E2
3.584000000E1	-1.471274383E2
3.588000000E1	-1.451754149E2
3.592000000E1	-1.415949586E2
3.596000000E1	-1.372659793E2
3.600000000E1	-1.320501442E2
3.604000000E1	-1.256093312E2
3.608000000E1	-1.199981046E2
3.612000000E1	-1.147721289E2
3.616000000E1	-1.104346865E2
3.620000000E1	-1.068391518E2
3.624000000E1	-1.045379051E2
3.628000000E1	-1.031371479E2
3.632000000E1	-1.021507937E2
3.636000000E1	-1.026783642E2
3.640000000E1	-1.028829783E2
3.644000000E1	-1.036067700E2
3.648000000E1	-1.038755198E2
3.652000000E1	-1.040807991E2
3.656000000E1	-1.041104243E2
3.660000000E1	-1.038650514E2
3.664000000E1	-1.039215349E2
3.668000000E1	-1.040175044E2
3.672000000E1	-1.038160198E2
3.676000000E1	-1.038029786E2
3.680000000E1	-1.038168643E2
3.684000000E1	-1.037882016E2
3.688000000E1	-1.036852721E2
3.692000000E1	-1.036190207E2
3.696000000E1	-1.035998242E2
3.700000000E1	-1.036724233E2
3.704000000E1	-1.036965288E2
3.708000000E1	-1.036584162E2
3.712000000E1	-1.036513997E2
3.716000000E1	-1.036430187E2
3.720000000E1	-1.036426749E2
3.724000000E1	-1.036383376E2
3.728000000E1	-1.036349849E2
3.732000000E1	-1.036265323E2
3.736000000E1	-1.036217464E2
3.740000000E1	-1.036101729E2
3.744000000E1	-1.036084423E2
3.748000000E1	-1.036045484E2
