
t/1	ANGLE/1
0.000000000E0	9.014468600E1
4.000000000E-2	9.018642774E1
8.000000000E-2	9.017237409E1
1.200000000E-1	9.015828698E1
1.600000000E-1	9.015340508E1
2.000000000E-1	9.015004353E1
2.400000000E-1	9.014856736E1
2.800000000E-1	9.013970953E1
3.200000000E-1	9.013121621E1
3.600000000E-1	9.014660338E1
4.000000000E-1	9.015716459E1
4.400000000E-1	9.014824261E1
4.800000000E-1	9.013969567E1
5.200000000E-1	9.014124843E1
5.600000000E-1	9.014248971E1
6.000000000E-1	9.014525043E1
6.400000000E-1	9.014719290E1
6.800000000E-1	9.014675780E1
7.200000000E-1	9.014650197E1
7.600000000E-1	9.015168374E1
8.000000000E-1	9.015837254E1
8.400000000E-1	9.014930464E1
8.800000000E-1	9.014451963E1
9.200000000E-1	9.014194729E1
9.600000000E-1	9.013991456E1
1.000000000E0	9.013298579E1
1.040000000E0	9.013843668E1
1.080000000E0	9.014129922E1
1.120000000E0	9.015014886E1
1.160000000E0	9.015989337E1
1.200000000E0	9.015616510E1
1.240000000E0	9.015508105E1
1.280000000E0	9.015659358E1
1.320000000E0	9.012667018E1
1.360000000E0	8.977458030E1
1.400000000E0	8.938650252E1
1.440000000E0	8.902507934E1
1.480000000E0	8.868306933E1
1.520000000E0	8.826918568E1
1.560000000E0	8.757438296E1
1.600000000E0	8.685370475E1
1.640000000E0	8.585741152E1
1.680000000E0	8.476427116E1
1.720000000E0	8.372873139E1
1.760000000E0	8.280845169E1
1.800000000E0	8.206491323E1
1.840000000E0	8.144026038E1
1.880000000E0	8.078037530E1
1.920000000E0	8.018276371E1
1.960000000E0	7.954002087E1
2.000000000E0	7.883303430E1
2.040000000E0	7.796358179E1
2.080000000E0	7.707963267E1
2.120000000E0	7.632631698E1
2.160000000E0	7.572547347E1
2.200000000E0	7.527060658E1
2.240000000E0	7.507990672E1
2.280000000E0	7.503155638E1
2.320000000E0	7.504589263E1
2.360000000E0	7.522298226E1
2.400000000E0	7.542333246E1
2.440000000E0	7.578970136E1
2.480000000E0	7.609752458E1
2.520000000E0	7.661944755E1
2.560000000E0	7.745653343E1
2.600000000E0	7.839170254E1
2.640000000E0	7.961253935E1
2.680000000E0	8.105946684E1
2.720000000E0	8.237731255E1
2.760000000E0	8.393929928E1
2.800000000E0	8.544147960E1
2.840000000E0	8.670501556E1
2.880000000E0	8.808104467E1
2.920000000E0	8.923939188E1
2.960000000E0	8.992386399E1
3.000000000E0	9.026402798E1
3.040000000E0	9.044919458E1
3.080000000E0	9.035358072E1
3.120000000E0	9.020340295E1
3.160000000E0	9.005247761E1
3.200000000E0	9.005730592E1
3.240000000E0	9.008956324E1
3.280000000E0	9.013800613E1
3.320000000E0	9.015985978E1
3.360000000E0	9.019729190E1
3.400000000E0	9.015131746E1
3.440000000E0	9.012477633E1
3.480000000E0	8.983994019E1
3.520000000E0	8.954042455E1
3.560000000E0	8.905523546E1
3.600000000E0	8.817649491E1
3.640000000E0	8.702178877E1
3.680000000E0	8.578736219E1
3.720000000E0	8.456977130E1
3.760000000E0	8.349669432E1
3.800000000E0	8.254642922E1
3.840000000E0	8.170430247E1
3.880000000E0	8.096914061E1
3.920000000E0	8.035116041E1
3.960000000E0	7.963387752E1
4.000000000E0	7.885744897E1
4.040000000E0	7.801415610E1
4.080000000E0	7.717830690E1
4.120000000E0	7.647427691E1
4.160000000E0	7.598215448E1
4.200000000E0	7.557820347E1
4.240000000E0	7.524400371E1
4.280000000E0	7.506611852E1
4.320000000E0	7.502594243E1
4.360000000E0	7.509479268E1
4.400000000E0	7.540723912E1
4.440000000E0	7.585336600E1
4.480000000E0	7.639550100E1
4.520000000E0	7.718491564E1
4.560000000E0	7.825639594E1
4.600000000E0	7.943409164E1
4.640000000E0	8.061531535E1
4.680000000E0	8.226657771E1
4.720000000E0	8.395688929E1
4.760000000E0	8.540319981E1
4.800000000E0	8.677613168E1
4.840000000E0	8.803373222E1
4.880000000E0	8.909065510E1
4.920000000E0	8.980204365E1
4.960000000E0	9.017308439E1
5.000000000E0	9.018888940E1
5.040000000E0	8.980414561E1
5.080000000E0	8.950074621E1
5.120000000E0	8.937348893E1
5.160000000E0	8.934420840E1
5.200000000E0	8.940843726E1
5.240000000E0	8.944080443E1
5.280000000E0	8.943815187E1
5.320000000E0	8.942906234E1
5.360000000E0	8.937309482E1
5.400000000E0	8.907474171E1
5.440000000E0	8.870930278E1
5.480000000E0	8.812468725E1
5.520000000E0	8.740857553E1
5.560000000E0	8.662953820E1
5.600000000E0	8.568568294E1
5.640000000E0	8.467659109E1
5.680000000E0	8.376582884E1
5.720000000E0	8.295318742E1
5.760000000E0	8.223162912E1
5.800000000E0	8.148451776E1
5.840000000E0	8.060824826E1
5.880000000E0	7.978335649E1
5.920000000E0	7.908004157E1
5.960000000E0	7.827290642E1
6.000000000E0	7.743751384E1
6.040000000E0	7.662247114E1
6.080000000E0	7.595255950E1
6.120000000E0	7.540987098E1
6.160000000E0	7.512484640E1
6.200000000E0	7.513496004E1
6.240000000E0	7.540849420E1
6.280000000E0	7.592057384E1
6.320000000E0	7.655303909E1
6.360000000E0	7.736163112E1
6.400000000E0	7.827810198E1
6.440000000E0	7.929003450E1
6.480000000E0	8.042759926E1
6.520000000E0	8.178467496E1
6.560000000E0	8.332409096E1
6.600000000E0	8.450250925E1
6.640000000E0	8.559344468E1
6.680000000E0	8.652230609E1
6.720000000E0	8.722140686E1
6.760000000E0	8.780762219E1
6.800000000E0	8.811076391E1
6.840000000E0	8.817428869E1
6.880000000E0	8.836944856E1
6.920000000E0	8.842215627E1
6.960000000E0	8.841896493E1
7.000000000E0	8.842080794E1
7.040000000E0	8.841782218E1
7.080000000E0	8.848042339E1
7.120000000E0	8.846964055E1
7.160000000E0	8.844448169E1
7.200000000E0	8.852883418E1
7.240000000E0	8.864101689E1
7.280000000E0	8.873522443E1
7.320000000E0	8.873980222E1
7.360000000E0	8.871895742E1
7.400000000E0	8.869757005E1
7.440000000E0	8.847970769E1
7.480000000E0	8.836891007E1
7.520000000E0	8.809969663E1
7.560000000E0	8.774144155E1
7.600000000E0	8.740241350E1
7.640000000E0	8.704831657E1
7.680000000E0	8.668017667E1
7.720000000E0	8.632879759E1
7.760000000E0	8.589927975E1
7.800000000E0	8.533204606E1
7.840000000E0	8.448606551E1
7.880000000E0	8.352456350E1
7.920000000E0	8.257034167E1
7.960000000E0	8.167322804E1
8.000000000E0	8.083195731E1
8.040000000E0	8.002208609E1
8.080000000E0	7.916976231E1
8.120000000E0	7.836214941E1
8.160000000E0	7.753295598E1
8.200000000E0	7.670527499E1
8.240000000E0	7.603198964E1
8.280000000E0	7.563267988E1
8.320000000E0	7.530735324E1
8.360000000E0	7.511782060E1
8.400000000E0	7.494866201E1
8.440000000E0	7.515457898E1
8.480000000E0	7.548379462E1
8.520000000E0	7.596404364E1
8.560000000E0	7.654821866E1
8.600000000E0	7.733817320E1
8.640000000E0	7.842968873E1
8.680000000E0	7.956466345E1
8.720000000E0	8.071045412E1
8.760000000E0	8.198294840E1
8.800000000E0	8.304442749E1
8.840000000E0	8.428522687E1
8.880000000E0	8.557317633E1
8.920000000E0	8.647156103E1
8.960000000E0	8.719691445E1
9.000000000E0	8.775308223E1
9.040000000E0	8.822524064E1
9.080000000E0	8.843307174E1
9.120000000E0	8.851162795E1
9.160000000E0	8.844136538E1
9.200000000E0	8.842297895E1
9.240000000E0	8.840208002E1
9.280000000E0	8.839727574E1
9.320000000E0	8.840487855E1
9.360000000E0	8.845367383E1
9.400000000E0	8.844962671E1
9.440000000E0	8.847051793E1
9.480000000E0	8.846857262E1
9.520000000E0	8.839482129E1
9.560000000E0	8.827515341E1
9.600000000E0	8.806547756E1
9.640000000E0	8.783381783E1
9.680000000E0	8.767272258E1
9.720000000E0	8.737250924E1
9.760000000E0	8.688584504E1
9.800000000E0	8.620305223E1
9.840000000E0	8.522225569E1
9.880000000E0	8.413528337E1
9.920000000E0	8.297389903E1
9.960000000E0	8.191429070E1
1.000000000E1	8.099622284E1
1.004000000E1	8.014695447E1
1.008000000E1	7.934416768E1
1.012000000E1	7.844551692E1
1.016000000E1	7.752836759E1
1.020000000E1	7.665726339E1
1.024000000E1	7.573146733E1
1.028000000E1	7.496081973E1
1.032000000E1	7.439064441E1
1.036000000E1	7.420183635E1
1.040000000E1	7.428546240E1
1.044000000E1	7.468315553E1
1.048000000E1	7.525250644E1
1.052000000E1	7.604341596E1
1.056000000E1	7.706435406E1
1.060000000E1	7.820027748E1
1.064000000E1	7.935487170E1
1.068000000E1	8.043905927E1
1.072000000E1	8.185255509E1
1.076000000E1	8.319059214E1
1.080000000E1	8.441578870E1
1.084000000E1	8.558860260E1
1.088000000E1	8.653143892E1
1.092000000E1	8.719978945E1
1.096000000E1	8.754610950E1
1.100000000E1	8.785142173E1
1.104000000E1	8.806092098E1
1.108000000E1	8.817632711E1
1.112000000E1	8.835545801E1
1.116000000E1	8.842735800E1
1.120000000E1	8.843405226E1
1.124000000E1	8.840489428E1
1.128000000E1	8.838382064E1
1.132000000E1	8.842081347E1
1.136000000E1	8.845160645E1
1.140000000E1	8.850141541E1
1.144000000E1	8.849549942E1
1.148000000E1	8.849771182E1
1.152000000E1	8.843116846E1
1.156000000E1	8.839702216E1
1.160000000E1	8.839315254E1
1.164000000E1	8.836160628E1
1.168000000E1	8.811692067E1
1.172000000E1	8.795018469E1
1.176000000E1	8.767264331E1
1.180000000E1	8.733745706E1
1.184000000E1	8.693542593E1
1.188000000E1	8.652309096E1
1.192000000E1	8.594574897E1
1.196000000E1	8.520187701E1
1.200000000E1	8.422998914E1
1.204000000E1	8.310892352E1
1.208000000E1	8.193978657E1
1.212000000E1	8.095651747E1
1.216000000E1	8.003110303E1
1.220000000E1	7.918103582E1
1.224000000E1	7.830527039E1
1.228000000E1	7.740963595E1
1.232000000E1	7.660156394E1
1.236000000E1	7.602630267E1
1.240000000E1	7.554880334E1
1.244000000E1	7.531682520E1
1.248000000E1	7.537421051E1
1.252000000E1	7.567418548E1
1.256000000E1	7.596917372E1
1.260000000E1	7.647949311E1
1.264000000E1	7.701841760E1
1.268000000E1	7.766478173E1
1.272000000E1	7.844279192E1
1.276000000E1	7.924099466E1
1.280000000E1	8.026276044E1
1.284000000E1	8.139524074E1
1.288000000E1	8.251040651E1
1.292000000E1	8.358586869E1
1.296000000E1	8.467762211E1
1.300000000E1	8.563699791E1
1.304000000E1	8.661705961E1
1.308000000E1	8.747249232E1
1.312000000E1	8.813471380E1
1.316000000E1	8.861654484E1
1.320000000E1	8.881911611E1
1.324000000E1	8.903696948E1
1.328000000E1	8.919643165E1
1.332000000E1	8.932389571E1
1.336000000E1	8.944931979E1
1.340000000E1	8.946694212E1
1.344000000E1	8.946192959E1
1.348000000E1	8.946086060E1
1.352000000E1	8.942544477E1
1.356000000E1	8.938381172E1
1.360000000E1	8.939191520E1
1.364000000E1	8.938562372E1
1.368000000E1	8.934319189E1
1.372000000E1	8.922009963E1
1.376000000E1	8.905892431E1
1.380000000E1	8.881529241E1
1.384000000E1	8.863178710E1
1.388000000E1	8.845000514E1
1.392000000E1	8.811225087E1
1.396000000E1	8.777030718E1
1.400000000E1	8.728057897E1
1.404000000E1	8.679206901E1
1.408000000E1	8.618485989E1
1.412000000E1	8.556192718E1
1.416000000E1	8.469800999E1
1.420000000E1	8.379879769E1
1.424000000E1	8.280188208E1
1.428000000E1	8.182936039E1
1.432000000E1	8.094960164E1
1.436000000E1	8.014891878E1
1.440000000E1	7.929021478E1
1.444000000E1	7.835714992E1
1.448000000E1	7.747188155E1
1.452000000E1	7.658138180E1
1.456000000E1	7.585780817E1
1.460000000E1	7.543374593E1
1.464000000E1	7.545238039E1
1.468000000E1	7.568685755E1
1.472000000E1	7.621103569E1
1.476000000E1	7.686303790E1
1.480000000E1	7.761930037E1
1.484000000E1	7.840673835E1
1.488000000E1	7.908796469E1
1.492000000E1	7.982952042E1
1.496000000E1	8.070348979E1
1.500000000E1	8.182354343E1
1.504000000E1	8.310871637E1
1.508000000E1	8.418463422E1
1.512000000E1	8.527680741E1
1.516000000E1	8.633725091E1
1.520000000E1	8.730234158E1
1.524000000E1	8.816861304E1
1.528000000E1	8.893454986E1
1.532000000E1	8.953705288E1
1.536000000E1	8.988070607E1
1.540000000E1	9.008867658E1
1.544000000E1	9.015205453E1
1.548000000E1	9.012366925E1
1.552000000E1	8.997106288E1
1.556000000E1	8.979525411E1
1.560000000E1	8.975824033E1
1.564000000E1	8.978561352E1
1.568000000E1	8.980804270E1
1.572000000E1	8.983680965E1
1.576000000E1	8.984870860E1
1.580000000E1	8.983451229E1
1.584000000E1	8.980161702E1
1.588000000E1	8.970230640E1
1.592000000E1	8.947791128E1
1.596000000E1	8.916388911E1
1.600000000E1	8.877139176E1
1.604000000E1	8.813076167E1
1.608000000E1	8.745036064E1
1.612000000E1	8.678636977E1
1.616000000E1	8.605660350E1
1.620000000E1	8.523533945E1
1.624000000E1	8.433153619E1
1.628000000E1	8.336389113E1
1.632000000E1	8.246570965E1
1.636000000E1	8.164574835E1
1.640000000E1	8.082364730E1
1.644000000E1	8.011127135E1
1.648000000E1	7.945348990E1
1.652000000E1	7.868527843E1
1.656000000E1	7.793557988E1
1.660000000E1	7.719113302E1
1.664000000E1	7.662134787E1
1.668000000E1	7.617575811E1
1.672000000E1	7.583521638E1
1.676000000E1	7.570436226E1
1.680000000E1	7.585113903E1
1.684000000E1	7.623375703E1
1.688000000E1	7.675333679E1
1.692000000E1	7.751275460E1
1.696000000E1	7.831998046E1
1.700000000E1	7.920835076E1
1.704000000E1	8.029291881E1
1.708000000E1	8.134821491E1
1.712000000E1	8.240690719E1
1.716000000E1	8.360917692E1
1.720000000E1	8.471426796E1
1.724000000E1	8.590717686E1
1.728000000E1	8.690960069E1
1.732000000E1	8.787355364E1
1.736000000E1	8.874096038E1
1.740000000E1	8.931227023E1
1.744000000E1	8.954202122E1
1.748000000E1	8.977711379E1
1.752000000E1	8.995532460E1
1.756000000E1	9.011913851E1
1.760000000E1	9.011065247E1
1.764000000E1	8.997197404E1
1.768000000E1	8.982553943E1
1.772000000E1	8.987161096E1
1.776000000E1	8.983520636E1
1.780000000E1	8.979362789E1
1.784000000E1	8.974148087E1
1.788000000E1	8.968055730E1
1.792000000E1	8.957119532E1
1.796000000E1	8.947504611E1
1.800000000E1	8.943294552E1
1.804000000E1	8.911400912E1
1.808000000E1	8.855831534E1
1.812000000E1	8.797781431E1
1.816000000E1	8.738551903E1
1.820000000E1	8.680961613E1
1.824000000E1	8.637649739E1
1.828000000E1	8.584047110E1
1.832000000E1	8.513725373E1
1.836000000E1	8.427458394E1
1.840000000E1	8.339732201E1
1.844000000E1	8.254326416E1
1.848000000E1	8.164827862E1
1.852000000E1	8.079736280E1
1.856000000E1	8.009838642E1
1.860000000E1	7.936939197E1
1.864000000E1	7.858131554E1
1.868000000E1	7.779958122E1
1.872000000E1	7.702272014E1
1.876000000E1	7.643843346E1
1.880000000E1	7.591425949E1
1.884000000E1	7.585592780E1
1.888000000E1	7.593921866E1
1.892000000E1	7.623280297E1
1.896000000E1	7.668827789E1
1.900000000E1	7.725270448E1
1.904000000E1	7.787922351E1
1.908000000E1	7.860288400E1
1.912000000E1	7.949125006E1
1.916000000E1	8.055720125E1
1.920000000E1	8.172297732E1
1.924000000E1	8.301011544E1
1.928000000E1	8.424398442E1
1.932000000E1	8.529589715E1
1.936000000E1	8.626564468E1
1.940000000E1	8.724723915E1
1.944000000E1	8.809819725E1
1.948000000E1	8.893442014E1
1.952000000E1	8.950613729E1
1.956000000E1	8.982252554E1
1.960000000E1	9.009172925E1
1.964000000E1	9.016231424E1
1.968000000E1	9.012146264E1
1.972000000E1	8.986136929E1
1.976000000E1	8.976271705E1
1.980000000E1	8.954973771E1
1.984000000E1	8.945528092E1
1.988000000E1	8.944181024E1
1.992000000E1	8.948543401E1
1.996000000E1	8.952395642E1
2.000000000E1	8.950151367E1
2.004000000E1	8.958952204E1
2.008000000E1	8.971442564E1
2.012000000E1	8.976485120E1
2.016000000E1	8.967597857E1
2.020000000E1	8.950447733E1
2.024000000E1	8.926395169E1
2.028000000E1	8.874342911E1
2.032000000E1	8.809057745E1
2.036000000E1	8.732385494E1
2.040000000E1	8.646867274E1
2.044000000E1	8.555507190E1
2.048000000E1	8.471444429E1
2.052000000E1	8.377741467E1
2.056000000E1	8.287370378E1
2.060000000E1	8.201575711E1
2.064000000E1	8.126460267E1
2.068000000E1	8.057444311E1
2.072000000E1	7.974904905E1
2.076000000E1	7.888827075E1
2.080000000E1	7.807697208E1
2.084000000E1	7.728588488E1
2.088000000E1	7.666001691E1
2.092000000E1	7.613999686E1
2.096000000E1	7.575182890E1
2.100000000E1	7.573502393E1
2.104000000E1	7.602907578E1
2.108000000E1	7.653539049E1
2.112000000E1	7.725107650E1
2.116000000E1	7.806839409E1
2.120000000E1	7.879663343E1
2.124000000E1	7.958108921E1
2.128000000E1	8.044402998E1
2.132000000E1	8.127454551E1
2.136000000E1	8.221587362E1
2.140000000E1	8.311770252E1
2.144000000E1	8.419466503E1
2.148000000E1	8.522778190E1
2.152000000E1	8.624431604E1
2.156000000E1	8.722350064E1
2.160000000E1	8.793373356E1
2.164000000E1	8.858198945E1
2.168000000E1	8.912693359E1
2.172000000E1	8.949226017E1
2.176000000E1	8.972932347E1
2.180000000E1	8.973953871E1
2.184000000E1	8.977480806E1
2.188000000E1	8.977850286E1
2.192000000E1	8.960243697E1
2.196000000E1	8.944397029E1
2.200000000E1	8.924849277E1
2.204000000E1	8.910715190E1
2.208000000E1	8.910570838E1
2.212000000E1	8.914998726E1
2.216000000E1	8.923552240E1
2.220000000E1	8.925586811E1
2.224000000E1	8.928050596E1
2.228000000E1	8.915146572E1
2.232000000E1	8.908333646E1
2.236000000E1	8.884645286E1
2.240000000E1	8.866586419E1
2.244000000E1	8.843201273E1
2.248000000E1	8.792976713E1
2.252000000E1	8.716617413E1
2.256000000E1	8.626937946E1
2.260000000E1	8.533109130E1
2.264000000E1	8.432089626E1
2.268000000E1	8.343741962E1
2.272000000E1	8.248281198E1
2.276000000E1	8.166836143E1
2.280000000E1	8.091990054E1
2.284000000E1	8.016503881E1
2.288000000E1	7.939461352E1
2.292000000E1	7.864035573E1
2.296000000E1	7.790741626E1
2.300000000E1	7.717625907E1
2.304000000E1	7.653059479E1
2.308000000E1	7.601704778E1
2.312000000E1	7.557520113E1
2.316000000E1	7.531037428E1
2.320000000E1	7.523237638E1
2.324000000E1	7.527579178E1
2.328000000E1	7.555332280E1
2.332000000E1	7.604990643E1
2.336000000E1	7.682144123E1
2.340000000E1	7.764432096E1
2.344000000E1	7.857252716E1
2.348000000E1	7.977347987E1
2.352000000E1	8.119981803E1
2.356000000E1	8.257520672E1
2.360000000E1	8.382193217E1
2.364000000E1	8.490167540E1
2.368000000E1	8.594977231E1
2.372000000E1	8.685199371E1
2.376000000E1	8.775305141E1
2.380000000E1	8.849993633E1
2.384000000E1	8.902375087E1
2.388000000E1	8.944615675E1
2.392000000E1	8.956746220E1
2.396000000E1	8.952404066E1
2.400000000E1	8.946377792E1
2.404000000E1	8.943209396E1
2.408000000E1	8.942280589E1
2.412000000E1	8.948606581E1
2.416000000E1	8.967965291E1
2.420000000E1	8.979862303E1
2.424000000E1	8.982995363E1
2.428000000E1	8.982241866E1
2.432000000E1	8.981843781E1
2.436000000E1	8.980467472E1
2.440000000E1	8.978138307E1
2.444000000E1	8.965416974E1
2.448000000E1	8.952912661E1
2.452000000E1	8.945989936E1
2.456000000E1	8.919658269E1
2.460000000E1	8.909388755E1
2.464000000E1	8.885931614E1
2.468000000E1	8.861090921E1
2.472000000E1	8.812614183E1
2.476000000E1	8.731407249E1
2.480000000E1	8.629428585E1
2.484000000E1	8.518305141E1
2.488000000E1	8.416247264E1
2.492000000E1	8.312318510E1
2.496000000E1	8.222156253E1
2.500000000E1	8.152046554E1
2.504000000E1	8.093527882E1
2.508000000E1	8.023599946E1
2.512000000E1	7.938608219E1
2.516000000E1	7.844906560E1
2.520000000E1	7.757403966E1
2.524000000E1	7.666276281E1
2.528000000E1	7.581685201E1
2.532000000E1	7.527756403E1
2.536000000E1	7.493531623E1
2.540000000E1	7.479765504E1
2.544000000E1	7.488927099E1
2.548000000E1	7.520271301E1
2.552000000E1	7.575551854E1
2.556000000E1	7.659162625E1
2.560000000E1	7.743266467E1
2.564000000E1	7.853178155E1
2.568000000E1	7.989155091E1
2.572000000E1	8.134247098E1
2.576000000E1	8.282512578E1
2.580000000E1	8.418503410E1
2.584000000E1	8.535902810E1
2.588000000E1	8.654070476E1
2.592000000E1	8.750782398E1
2.596000000E1	8.822224597E1
2.600000000E1	8.883096456E1
2.604000000E1	8.921976011E1
2.608000000E1	8.947135589E1
2.612000000E1	8.947811794E1
2.616000000E1	8.944598963E1
2.620000000E1	8.945961770E1
2.624000000E1	8.947224715E1
2.628000000E1	8.951759271E1
2.632000000E1	8.964276570E1
2.636000000E1	8.979233824E1
2.640000000E1	8.982931345E1
2.644000000E1	8.981359066E1
2.648000000E1	8.980716328E1
2.652000000E1	8.977051644E1
2.656000000E1	8.955711904E1
2.660000000E1	8.944080788E1
2.664000000E1	8.898872232E1
2.668000000E1	8.838253026E1
2.672000000E1	8.753618221E1
2.676000000E1	8.651350599E1
2.680000000E1	8.535804907E1
2.684000000E1	8.406600350E1
2.688000000E1	8.280379501E1
2.692000000E1	8.161693624E1
2.696000000E1	8.055159074E1
2.700000000E1	7.964833502E1
2.704000000E1	7.872141220E1
2.708000000E1	7.782484418E1
2.712000000E1	7.690834620E1
2.716000000E1	7.596058284E1
2.720000000E1	7.503500495E1
2.724000000E1	7.430246493E1
2.728000000E1	7.394951238E1
2.732000000E1	7.377700588E1
2.736000000E1	7.382709059E1
2.740000000E1	7.430151064E1
2.744000000E1	7.489230334E1
2.748000000E1	7.568275996E1
2.752000000E1	7.657059303E1
2.756000000E1	7.763000687E1
2.760000000E1	7.880020401E1
2.764000000E1	8.012694372E1
2.768000000E1	8.157920615E1
2.772000000E1	8.288696757E1
2.776000000E1	8.388902959E1
2.780000000E1	8.499795876E1
2.784000000E1	8.595635308E1
2.788000000E1	8.688982556E1
2.792000000E1	8.759642363E1
2.796000000E1	8.821241146E1
2.800000000E1	8.884757892E1
2.804000000E1	8.913794552E1
2.808000000E1	8.913647674E1
2.812000000E1	8.904741632E1
2.816000000E1	8.887051682E1
2.820000000E1	8.881648161E1
2.824000000E1	8.883714471E1
2.828000000E1	8.906648296E1
2.832000000E1	8.916262652E1
2.836000000E1	8.932384434E1
2.840000000E1	8.943414399E1
2.844000000E1	8.941575779E1
2.848000000E1	8.937942164E1
2.852000000E1	8.923056051E1
2.856000000E1	8.911556209E1
2.860000000E1	8.886090683E1
2.864000000E1	8.863663522E1
2.868000000E1	8.839089821E1
2.872000000E1	8.786288816E1
2.876000000E1	8.736466786E1
2.880000000E1	8.667474202E1
2.884000000E1	8.584885352E1
2.888000000E1	8.489709377E1
2.892000000E1	8.383567337E1
2.896000000E1	8.265653103E1
2.900000000E1	8.163682451E1
2.904000000E1	8.072310097E1
2.908000000E1	7.973779092E1
2.912000000E1	7.874590305E1
2.916000000E1	7.787248516E1
2.920000000E1	7.696425110E1
2.924000000E1	7.604998567E1
2.928000000E1	7.526378817E1
2.932000000E1	7.475288413E1
2.936000000E1	7.458739255E1
2.940000000E1	7.482669061E1
2.944000000E1	7.531944984E1
2.948000000E1	7.613766260E1
2.952000000E1	7.701119656E1
2.956000000E1	7.804154143E1
2.960000000E1	7.906862756E1
2.964000000E1	8.038383792E1
2.968000000E1	8.176869301E1
2.972000000E1	8.303968834E1
2.976000000E1	8.432442941E1
2.980000000E1	8.563600972E1
2.984000000E1	8.660767648E1
2.988000000E1	8.737972368E1
2.992000000E1	8.800597516E1
2.996000000E1	8.846920862E1
3.000000000E1	8.905439695E1
3.004000000E1	8.962097609E1
3.008000000E1	9.004001405E1
3.012000000E1	9.027616482E1
3.016000000E1	9.040095526E1
3.020000000E1	9.042609587E1
3.024000000E1	9.024092519E1
3.028000000E1	9.015688734E1
3.032000000E1	9.014231426E1
3.036000000E1	9.015303103E1
3.040000000E1	9.019160738E1
3.044000000E1	9.038351786E1
3.048000000E1	9.047129404E1
3.052000000E1	9.045503252E1
3.056000000E1	9.037108650E1
3.060000000E1	9.021240886E1
3.064000000E1	9.012340881E1
3.068000000E1	8.989949921E1
3.072000000E1	8.974423159E1
3.076000000E1	8.944451792E1
3.080000000E1	8.905948604E1
3.084000000E1	8.861468025E1
3.088000000E1	8.814785551E1
3.092000000E1	8.768967638E1
3.096000000E1	8.711184468E1
3.100000000E1	8.635003459E1
3.104000000E1	8.548033097E1
3.108000000E1	8.445409872E1
3.112000000E1	8.345199111E1
3.116000000E1	8.245830036E1
3.120000000E1	8.152573464E1
3.124000000E1	8.055925445E1
3.128000000E1	7.969416456E1
3.132000000E1	7.888421228E1
3.136000000E1	7.798334981E1
3.140000000E1	7.702498635E1
3.144000000E1	7.613828716E1
3.148000000E1	7.545910960E1
3.152000000E1	7.516191980E1
3.156000000E1	7.511094463E1
3.160000000E1	7.534688707E1
3.164000000E1	7.587159145E1
3.168000000E1	7.643109212E1
3.172000000E1	7.717385359E1
3.176000000E1	7.797303972E1
3.180000000E1	7.883583743E1
3.184000000E1	7.986430378E1
3.188000000E1	8.105619544E1
3.192000000E1	8.234391142E1
3.196000000E1	8.343800182E1
3.200000000E1	8.455561490E1
3.204000000E1	8.582120284E1
3.208000000E1	8.689265232E1
3.212000000E1	8.762266790E1
3.216000000E1	8.822843613E1
3.220000000E1	8.890340602E1
3.224000000E1	8.951567521E1
3.228000000E1	9.010715063E1
3.232000000E1	9.050740901E1
3.236000000E1	9.077663053E1
3.240000000E1	9.081640794E1
3.244000000E1	9.072129204E1
3.248000000E1	9.051564906E1
3.252000000E1	9.046961250E1
3.256000000E1	9.048843445E1
3.260000000E1	9.050596466E1
3.264000000E1	9.052620870E1
3.268000000E1	9.057921266E1
3.272000000E1	9.065765544E1
3.276000000E1	9.053708709E1
3.280000000E1	9.047199004E1
3.284000000E1	9.026904806E1
3.288000000E1	9.009943925E1
3.292000000E1	8.978971050E1
3.296000000E1	8.946505358E1
3.300000000E1	8.901075492E1
3.304000000E1	8.846411183E1
3.308000000E1	8.771674099E1
3.312000000E1	8.670235247E1
3.316000000E1	8.559658584E1
3.320000000E1	8.450310365E1
3.324000000E1	8.352764349E1
3.328000000E1	8.267900467E1
3.332000000E1	8.176139243E1
3.336000000E1	8.076409403E1
3.340000000E1	7.984426260E1
3.344000000E1	7.905370986E1
3.348000000E1	7.819607811E1
3.352000000E1	7.738126858E1
3.356000000E1	7.663904956E1
3.360000000E1	7.603387033E1
3.364000000E1	7.560161717E1
3.368000000E1	7.534668220E1
3.372000000E1	7.532811267E1
3.376000000E1	7.565596420E1
3.380000000E1	7.614168491E1
3.384000000E1	7.689842283E1
3.388000000E1	7.773788821E1
3.392000000E1	7.859448851E1
3.396000000E1	7.963408184E1
3.400000000E1	8.070211895E1
3.404000000E1	8.177839936E1
3.408000000E1	8.279188423E1
3.412000000E1	8.393637850E1
3.416000000E1	8.522713214E1
3.420000000E1	8.646029125E1
3.424000000E1	8.743581976E1
3.428000000E1	8.816579053E1
3.432000000E1	8.875721699E1
3.436000000E1	8.932613097E1
3.440000000E1	8.986010802E1
3.444000000E1	9.018563188E1
3.448000000E1	9.049720273E1
3.452000000E1	9.070016889E1
3.456000000E1	9.083301377E1
3.460000000E1	9.079981949E1
3.464000000E1	9.062404308E1
3.468000000E1	9.052793262E1
3.472000000E1	9.049962334E1
3.476000000E1	9.049810203E1
3.480000000E1	9.049753333E1
3.484000000E1	9.049220361E1
3.488000000E1	9.047481667E1
3.492000000E1	9.045078465E1
3.496000000E1	9.042077609E1
3.500000000E1	9.017722898E1
3.504000000E1	8.980955223E1
3.508000000E1	8.917083242E1
3.512000000E1	8.846990824E1
3.516000000E1	8.777056269E1
3.520000000E1	8.695239750E1
3.524000000E1	8.592203097E1
3.528000000E1	8.486634965E1
3.532000000E1	8.388589094E1
3.536000000E1	8.297346526E1
3.540000000E1	8.195510052E1
3.544000000E1	8.107964950E1
3.548000000E1	8.015898909E1
3.552000000E1	7.930604254E1
3.556000000E1	7.850322940E1
3.560000000E1	7.764238823E1
3.564000000E1	7.671075465E1
3.568000000E1	7.582995315E1
3.572000000E1	7.510888124E1
3.576000000E1	7.457363140E1
3.580000000E1	7.436572542E1
3.584000000E1	7.459286458E1
3.588000000E1	7.510950907E1
3.592000000E1	7.587516199E1
3.596000000E1	7.681247511E1
3.600000000E1	7.793020406E1
3.604000000E1	7.921258650E1
3.608000000E1	8.088264475E1
3.612000000E1	8.262483058E1
3.616000000E1	8.433344473E1
3.620000000E1	8.595628605E1
3.624000000E1	8.744117344E1
3.628000000E1	8.853071003E1
3.632000000E1	8.912472573E1
3.636000000E1	8.953980408E1
3.640000000E1	8.973696273E1
3.644000000E1	8.979172557E1
3.648000000E1	8.972266548E1
3.652000000E1	8.961907353E1
3.656000000E1	8.947482843E1
3.660000000E1	8.958093711E1
3.664000000E1	8.976277726E1
3.668000000E1	8.990409935E1
3.672000000E1	9.010834442E1
3.676000000E1	9.014727585E1
3.680000000E1	9.015047693E1
3.684000000E1	9.015171053E1
3.688000000E1	9.015259559E1
3.692000000E1	9.016360450E1
3.696000000E1	9.017873045E1
3.700000000E1	9.023891161E1
3.704000000E1	9.020671940E1
3.708000000E1	9.017725569E1
3.712000000E1	9.016679471E1
3.716000000E1	9.016065496E1
3.720000000E1	9.015575129E1
3.724000000E1	9.015393553E1
3.728000000E1	9.015349107E1
3.732000000E1	9.014800392E1
3.736000000E1	9.014747850E1
3.740000000E1	9.014658072E1
3.744000000E1	9.013490008E1
3.748000000E1	9.012834376E1
