
t/1	ANGLE/1
0.000000000E0	-8.464793905E1
4.000000000E-2	-8.440368149E1
8.000000000E-2	-8.440708870E1
1.200000000E-1	-8.441020153E1
1.600000000E-1	-8.440876656E1
2.000000000E-1	-8.440985260E1
2.400000000E-1	-8.440999773E1
2.800000000E-1	-8.441017623E1
3.200000000E-1	-8.440827392E1
3.600000000E-1	-8.441374376E1
4.000000000E-1	-8.441545123E1
4.400000000E-1	-8.440943979E1
4.800000000E-1	-8.440428975E1
5.200000000E-1	-8.440779632E1
5.600000000E-1	-8.440684523E1
6.000000000E-1	-8.438811542E1
6.400000000E-1	-8.439581195E1
6.800000000E-1	-8.439952570E1
7.200000000E-1	-8.440055391E1
7.600000000E-1	-8.439754592E1
8.000000000E-1	-8.440102130E1
8.400000000E-1	-8.440374443E1
8.800000000E-1	-8.440497295E1
9.200000000E-1	-8.440558799E1
9.600000000E-1	-8.440740942E1
1.000000000E0	-8.441074138E1
1.040000000E0	-8.440946168E1
1.080000000E0	-8.440864685E1
1.120000000E0	-8.440980193E1
1.160000000E0	-8.440890941E1
1.200000000E0	-8.440968945E1
1.240000000E0	-8.441190394E1
1.280000000E0	-8.441147432E1
1.320000000E0	-8.441144835E1
1.360000000E0	-8.440937942E1
1.400000000E0	-8.440803925E1
1.440000000E0	-8.440479605E1
1.480000000E0	-8.442025948E1
1.520000000E0	-8.441146860E1
1.560000000E0	-8.441029159E1
1.600000000E0	-8.440721662E1
1.640000000E0	-8.440764419E1
1.680000000E0	-8.440987870E1
1.720000000E0	-8.440961946E1
1.760000000E0	-8.440977611E1
1.800000000E0	-8.441035949E1
1.840000000E0	-8.441304427E1
1.880000000E0	-8.440792463E1
1.920000000E0	-8.441444095E1
1.960000000E0	-8.441736524E1
2.000000000E0	-8.440935221E1
2.040000000E0	-8.440817670E1
2.080000000E0	-8.440944121E1
2.120000000E0	-8.440970302E1
2.160000000E0	-8.440977812E1
2.200000000E0	-8.441019790E1
2.240000000E0	-8.441049805E1
2.280000000E0	-8.441180723E1
2.320000000E0	-8.441083762E1
2.360000000E0	-8.440993792E1
2.400000000E0	-8.440974577E1
2.440000000E0	-8.441128898E1
2.480000000E0	-8.440926011E1
2.520000000E0	-8.441027818E1
2.560000000E0	-8.440908078E1
2.600000000E0	-8.441146242E1
2.640000000E0	-8.441150849E1
2.680000000E0	-8.441145490E1
2.720000000E0	-8.441061241E1
2.760000000E0	-8.441423180E1
2.800000000E0	-8.441695677E1
2.840000000E0	-8.441144778E1
2.880000000E0	-8.440795190E1
2.920000000E0	-8.440773698E1
2.960000000E0	-8.440896705E1
3.000000000E0	-8.440952518E1
3.040000000E0	-8.441220951E1
3.080000000E0	-8.441276184E1
3.120000000E0	-8.441062825E1
3.160000000E0	-8.440968428E1
3.200000000E0	-8.441012455E1
3.240000000E0	-8.440972493E1
3.280000000E0	-8.440962787E1
3.320000000E0	-8.441062245E1
3.360000000E0	-8.440803968E1
3.400000000E0	-8.440729521E1
3.440000000E0	-8.440722508E1
3.480000000E0	-8.440672053E1
3.520000000E0	-8.441228439E1
3.560000000E0	-8.442231991E1
3.600000000E0	-8.443260923E1
3.640000000E0	-8.442666969E1
3.680000000E0	-8.441506940E1
3.720000000E0	-8.440861446E1
3.760000000E0	-8.440682015E1
3.800000000E0	-8.440326672E1
3.840000000E0	-8.439577473E1
3.880000000E0	-8.438566501E1
3.920000000E0	-8.438166277E1
3.960000000E0	-8.437074049E1
4.000000000E0	-8.437025063E1
4.040000000E0	-8.436832615E1
4.080000000E0	-8.437973224E1
4.120000000E0	-8.428625375E1
4.160000000E0	-8.422093431E1
4.200000000E0	-8.400559292E1
4.240000000E0	-8.390696272E1
4.280000000E0	-8.352011426E1
4.320000000E0	-8.306311544E1
4.360000000E0	-8.233027817E1
4.400000000E0	-8.165976958E1
4.440000000E0	-8.123425051E1
4.480000000E0	-8.122371997E1
4.520000000E0	-8.172041414E1
4.560000000E0	-8.261867371E1
4.600000000E0	-8.349849547E1
4.640000000E0	-8.456018331E1
4.680000000E0	-8.543474278E1
4.720000000E0	-8.620500520E1
4.760000000E0	-8.770267249E1
4.800000000E0	-9.035518502E1
4.840000000E0	-9.456479416E1
4.880000000E0	-1.005932591E2
4.920000000E0	-1.077843473E2
4.960000000E0	-1.160475289E2
5.000000000E0	-1.246639745E2
5.040000000E0	-1.335590878E2
5.080000000E0	-1.484401017E2
5.120000000E0	-1.489082554E2
5.160000000E0	-1.530654988E2
5.200000000E0	-1.549641618E2
5.240000000E0	-1.550033026E2
5.280000000E0	-1.550104921E2
5.320000000E0	-1.554262976E2
5.360000000E0	-1.556941847E2
5.400000000E0	-1.557222052E2
5.440000000E0	-1.554149919E2
5.480000000E0	-1.551081176E2
5.520000000E0	-1.551688599E2
5.560000000E0	-1.551279584E2
5.600000000E0	-1.550416735E2
5.640000000E0	-1.550398930E2
5.680000000E0	-1.550323684E2
5.720000000E0	-1.548904664E2
5.760000000E0	-1.547981077E2
5.800000000E0	-1.544162880E2
5.840000000E0	-1.540552098E2
5.880000000E0	-1.532750982E2
5.920000000E0	-1.520179470E2
5.960000000E0	-1.505177042E2
6.000000000E0	-1.481945233E2
6.040000000E0	-1.449740876E2
6.080000000E0	-1.403904227E2
6.120000000E0	-1.338319444E2
6.160000000E0	-1.260077940E2
6.200000000E0	-1.173349994E2
6.240000000E0	-1.079565499E2
6.280000000E0	-9.858842274E1
6.320000000E0	-8.987026610E1
6.360000000E0	-8.249165536E1
6.400000000E0	-7.737987574E1
6.440000000E0	-7.481045216E1
6.480000000E0	-7.358961827E1
6.520000000E0	-7.280427880E1
6.560000000E0	-7.203986714E1
6.600000000E0	-7.190497816E1
6.640000000E0	-7.223659670E1
6.680000000E0	-7.229806460E1
6.720000000E0	-7.240110419E1
6.760000000E0	-7.245473719E1
6.800000000E0	-7.266859837E1
6.840000000E0	-7.266357394E1
6.880000000E0	-7.278362093E1
6.920000000E0	-7.294002506E1
6.960000000E0	-7.311846016E1
7.000000000E0	-7.327536353E1
7.040000000E0	-7.364844718E1
7.080000000E0	-7.442629817E1
7.120000000E0	-7.586605008E1
7.160000000E0	-7.819268979E1
7.200000000E0	-8.172985145E1
7.240000000E0	-8.680552556E1
7.280000000E0	-9.299770581E1
7.320000000E0	-1.003745912E2
7.360000000E0	-1.089754333E2
7.400000000E0	-1.179143722E2
7.440000000E0	-1.272753994E2
7.480000000E0	-1.364923648E2
7.520000000E0	-1.450039581E2
7.560000000E0	-1.518984685E2
7.600000000E0	-1.554834048E2
7.640000000E0	-1.554862504E2
7.680000000E0	-1.539581572E2
7.720000000E0	-1.530059225E2
7.760000000E0	-1.529304037E2
7.800000000E0	-1.534950307E2
7.840000000E0	-1.540306890E2
7.880000000E0	-1.543954514E2
7.920000000E0	-1.545278320E2
7.960000000E0	-1.546773593E2
8.000000000E0	-1.545177383E2
8.040000000E0	-1.544135295E2
8.080000000E0	-1.543548106E2
8.120000000E0	-1.543112588E2
8.160000000E0	-1.542196117E2
8.200000000E0	-1.540991729E2
8.240000000E0	-1.538900081E2
8.280000000E0	-1.535216759E2
8.320000000E0	-1.523634260E2
8.360000000E0	-1.498625669E2
8.400000000E0	-1.454339345E2
8.440000000E0	-1.302568742E2
8.480000000E0	-1.302318165E2
8.520000000E0	-1.204157654E2
8.560000000E0	-1.101067409E2
8.600000000E0	-1.001003010E2
8.640000000E0	-9.059775114E1
8.680000000E0	-8.250422303E1
8.720000000E0	-7.603996271E1
8.760000000E0	-7.189426238E1
8.800000000E0	-6.990907801E1
8.840000000E0	-6.939712429E1
8.880000000E0	-7.000140358E1
8.920000000E0	-7.001086271E1
8.960000000E0	-7.026943614E1
9.000000000E0	-7.076747241E1
9.040000000E0	-7.094040087E1
9.080000000E0	-7.096548503E1
9.120000000E0	-7.108366784E1
9.160000000E0	-7.132607328E1
9.200000000E0	-7.179676841E1
9.240000000E0	-7.254780098E1
9.280000000E0	-7.410182066E1
9.320000000E0	-7.666971142E1
9.360000000E0	-8.041806315E1
9.400000000E0	-8.487109159E1
9.440000000E0	-8.977043865E1
9.480000000E0	-9.592883781E1
9.520000000E0	-1.031861471E2
9.560000000E0	-1.109712298E2
9.600000000E0	-1.195316906E2
9.640000000E0	-1.283112402E2
9.680000000E0	-1.370090869E2
9.720000000E0	-1.453215204E2
9.760000000E0	-1.518665673E2
9.800000000E0	-1.554497249E2
9.840000000E0	-1.556110966E2
9.880000000E0	-1.545191486E2
9.920000000E0	-1.536692354E2
9.960000000E0	-1.538373652E2
1.000000000E1	-1.541517329E2
1.004000000E1	-1.543870013E2
1.008000000E1	-1.545221775E2
1.012000000E1	-1.546506226E2
1.016000000E1	-1.548497123E2
1.020000000E1	-1.547910352E2
1.024000000E1	-1.548144638E2
1.028000000E1	-1.546196760E2
1.032000000E1	-1.545084816E2
1.036000000E1	-1.542858810E2
1.040000000E1	-1.538494862E2
1.044000000E1	-1.525523118E2
1.048000000E1	-1.503961218E2
1.052000000E1	-1.472162863E2
1.056000000E1	-1.423217402E2
1.060000000E1	-1.364947030E2
1.064000000E1	-1.293141025E2
1.068000000E1	-1.211639103E2
1.072000000E1	-1.122271347E2
1.076000000E1	-1.026194389E2
1.080000000E1	-9.342987529E1
1.084000000E1	-8.496745793E1
1.088000000E1	-7.784041844E1
1.092000000E1	-7.264074106E1
1.096000000E1	-6.937003973E1
1.100000000E1	-6.767955941E1
1.104000000E1	-6.721498963E1
1.108000000E1	-6.736029279E1
1.112000000E1	-6.769531388E1
1.116000000E1	-6.821323167E1
1.120000000E1	-6.874769092E1
1.124000000E1	-6.897439601E1
1.128000000E1	-6.932176306E1
1.132000000E1	-6.975475226E1
1.136000000E1	-7.031131103E1
1.140000000E1	-7.122203264E1
1.144000000E1	-7.313662633E1
1.148000000E1	-7.571244169E1
1.152000000E1	-7.919268020E1
1.156000000E1	-8.384054155E1
1.160000000E1	-8.893745418E1
1.164000000E1	-9.500828035E1
1.168000000E1	-1.026536749E2
1.172000000E1	-1.110353533E2
1.176000000E1	-1.201973764E2
1.180000000E1	-1.294734599E2
1.184000000E1	-1.387981408E2
1.188000000E1	-1.472662448E2
1.192000000E1	-1.537812636E2
1.196000000E1	-1.563939586E2
1.200000000E1	-1.543069880E2
1.204000000E1	-1.543403719E2
1.208000000E1	-1.540090503E2
1.212000000E1	-1.542681943E2
1.216000000E1	-1.544059434E2
1.220000000E1	-1.543276289E2
1.224000000E1	-1.542824204E2
1.228000000E1	-1.542570882E2
1.232000000E1	-1.543589431E2
1.236000000E1	-1.543881309E2
1.240000000E1	-1.541953695E2
1.244000000E1	-1.539140248E2
1.248000000E1	-1.532280597E2
1.252000000E1	-1.519947129E2
1.256000000E1	-1.495518056E2
1.260000000E1	-1.453490626E2
1.264000000E1	-1.395310451E2
1.268000000E1	-1.319353328E2
1.272000000E1	-1.229012352E2
1.276000000E1	-1.133473012E2
1.280000000E1	-1.034345161E2
1.284000000E1	-9.431817411E1
1.288000000E1	-8.607984583E1
1.292000000E1	-7.880602419E1
1.296000000E1	-7.341703085E1
1.300000000E1	-6.975166272E1
1.304000000E1	-6.747978113E1
1.308000000E1	-6.692338902E1
1.312000000E1	-6.699232534E1
1.316000000E1	-6.749746808E1
1.320000000E1	-6.803740104E1
1.324000000E1	-6.862469971E1
1.328000000E1	-6.899359074E1
1.332000000E1	-6.896369719E1
1.336000000E1	-6.924703366E1
1.340000000E1	-6.950540203E1
1.344000000E1	-6.990427043E1
1.348000000E1	-7.035339339E1
1.352000000E1	-7.087606123E1
1.356000000E1	-7.192533859E1
1.360000000E1	-7.376744019E1
1.364000000E1	-7.630724883E1
1.368000000E1	-7.977849132E1
1.372000000E1	-8.435940869E1
1.376000000E1	-8.970114739E1
1.380000000E1	-9.585482442E1
1.384000000E1	-1.030586093E2
1.388000000E1	-1.107900136E2
1.392000000E1	-1.187107870E2
1.396000000E1	-1.269941729E2
1.400000000E1	-1.350790673E2
1.404000000E1	-1.430515977E2
1.408000000E1	-1.495258941E2
1.412000000E1	-1.530531886E2
1.416000000E1	-1.535499894E2
1.420000000E1	-1.526592001E2
1.424000000E1	-1.521513661E2
1.428000000E1	-1.522427818E2
1.432000000E1	-1.524338091E2
1.436000000E1	-1.524355052E2
1.440000000E1	-1.525185617E2
1.444000000E1	-1.524262590E2
1.448000000E1	-1.518468562E2
1.452000000E1	-1.505574295E2
1.456000000E1	-1.478828006E2
1.460000000E1	-1.435895116E2
1.464000000E1	-1.377201444E2
1.468000000E1	-1.307033989E2
1.472000000E1	-1.229239172E2
1.476000000E1	-1.147781937E2
1.480000000E1	-1.066395863E2
1.484000000E1	-9.836285332E1
1.488000000E1	-9.050633459E1
1.492000000E1	-8.344457188E1
1.496000000E1	-7.704313814E1
1.500000000E1	-7.213250793E1
1.504000000E1	-6.916354990E1
1.508000000E1	-6.776369172E1
1.512000000E1	-6.761315213E1
1.516000000E1	-6.783415834E1
1.520000000E1	-6.826062069E1
1.524000000E1	-6.887275096E1
1.528000000E1	-6.959925682E1
1.532000000E1	-6.994861082E1
1.536000000E1	-7.000875429E1
1.540000000E1	-6.998866567E1
1.544000000E1	-6.999305553E1
1.548000000E1	-6.993973194E1
1.552000000E1	-6.981138741E1
1.556000000E1	-6.988639519E1
1.560000000E1	-7.011476970E1
1.564000000E1	-7.067181225E1
1.568000000E1	-7.156773099E1
1.572000000E1	-7.310346459E1
1.576000000E1	-7.580319164E1
1.580000000E1	-7.973299040E1
1.584000000E1	-8.482020371E1
1.588000000E1	-9.100845085E1
1.592000000E1	-9.780979003E1
1.596000000E1	-1.051912938E2
1.600000000E1	-1.132338455E2
1.604000000E1	-1.219029759E2
1.608000000E1	-1.302776669E2
1.612000000E1	-1.378138970E2
1.616000000E1	-1.439435509E2
1.620000000E1	-1.493050907E2
1.624000000E1	-1.532506109E2
1.628000000E1	-1.551028695E2
1.632000000E1	-1.543248832E2
1.636000000E1	-1.532857343E2
1.640000000E1	-1.524594541E2
1.644000000E1	-1.520671093E2
1.648000000E1	-1.519970458E2
1.652000000E1	-1.521769707E2
1.656000000E1	-1.522167495E2
1.660000000E1	-1.522646446E2
1.664000000E1	-1.522627607E2
1.668000000E1	-1.522562076E2
1.672000000E1	-1.519032971E2
1.676000000E1	-1.513558428E2
1.680000000E1	-1.499356099E2
1.684000000E1	-1.472599244E2
1.688000000E1	-1.429513972E2
1.692000000E1	-1.369624388E2
1.696000000E1	-1.292486505E2
1.700000000E1	-1.207662052E2
1.704000000E1	-1.116560054E2
1.708000000E1	-1.026624229E2
1.712000000E1	-9.411684042E1
1.716000000E1	-8.614317241E1
1.720000000E1	-7.942987477E1
1.724000000E1	-7.402304100E1
1.728000000E1	-6.998027459E1
1.732000000E1	-6.752277729E1
1.736000000E1	-6.643988235E1
1.740000000E1	-6.603027035E1
1.744000000E1	-6.634748939E1
1.748000000E1	-6.688573022E1
1.752000000E1	-6.809755405E1
1.756000000E1	-6.808394043E1
1.760000000E1	-6.848373094E1
1.764000000E1	-6.874336530E1
1.768000000E1	-6.900136780E1
1.772000000E1	-6.904665268E1
1.776000000E1	-6.911547036E1
1.780000000E1	-6.918504481E1
1.784000000E1	-6.951199375E1
1.788000000E1	-7.005818651E1
1.792000000E1	-7.119731606E1
1.796000000E1	-7.309602306E1
1.800000000E1	-7.573216389E1
1.804000000E1	-7.910107995E1
1.808000000E1	-8.363524453E1
1.812000000E1	-8.869164400E1
1.816000000E1	-9.472468529E1
1.820000000E1	-1.017936989E2
1.824000000E1	-1.095660374E2
1.828000000E1	-1.174005013E2
1.832000000E1	-1.255459393E2
1.836000000E1	-1.331247514E2
1.840000000E1	-1.402121093E2
1.844000000E1	-1.461911255E2
1.848000000E1	-1.509021952E2
1.852000000E1	-1.537729031E2
1.856000000E1	-1.548522692E2
1.860000000E1	-1.548472691E2
1.864000000E1	-1.542409035E2
1.868000000E1	-1.535900275E2
1.872000000E1	-1.535823038E2
1.876000000E1	-1.536187227E2
1.880000000E1	-1.536086607E2
1.884000000E1	-1.538199143E2
1.888000000E1	-1.540220291E2
1.892000000E1	-1.540512611E2
1.896000000E1	-1.538921518E2
1.900000000E1	-1.532369330E2
1.904000000E1	-1.520494326E2
1.908000000E1	-1.493605882E2
1.912000000E1	-1.448689174E2
1.916000000E1	-1.383233244E2
1.920000000E1	-1.301599268E2
1.924000000E1	-1.209496649E2
1.928000000E1	-1.013425906E2
1.932000000E1	-1.013609583E2
1.936000000E1	-9.244605701E1
1.940000000E1	-8.493687221E1
1.944000000E1	-7.883030736E1
1.948000000E1	-7.420410986E1
1.952000000E1	-7.087686352E1
1.956000000E1	-6.896130217E1
1.960000000E1	-6.847929732E1
1.964000000E1	-6.832829626E1
1.968000000E1	-6.834543032E1
1.972000000E1	-6.860624724E1
1.976000000E1	-6.904283061E1
1.980000000E1	-6.930078845E1
1.984000000E1	-6.939557553E1
1.988000000E1	-6.937636806E1
1.992000000E1	-6.948052215E1
1.996000000E1	-6.946603107E1
2.000000000E1	-6.947445924E1
2.004000000E1	-6.964286142E1
2.008000000E1	-7.065999822E1
2.012000000E1	-7.062844445E1
2.016000000E1	-7.226211700E1
2.020000000E1	-7.514957210E1
2.024000000E1	-7.897919489E1
2.028000000E1	-8.391656508E1
2.032000000E1	-9.014538601E1
2.036000000E1	-9.689074098E1
2.040000000E1	-1.043454114E2
2.044000000E1	-1.124964072E2
2.048000000E1	-1.209432107E2
2.052000000E1	-1.382490729E2
2.056000000E1	-1.381443031E2
2.060000000E1	-1.464523969E2
2.064000000E1	-1.530682183E2
2.068000000E1	-1.565017936E2
2.072000000E1	-1.566965990E2
2.076000000E1	-1.555819365E2
2.080000000E1	-1.550030606E2
2.084000000E1	-1.550930936E2
2.088000000E1	-1.553976165E2
2.092000000E1	-1.554507652E2
2.096000000E1	-1.555868586E2
2.100000000E1	-1.558234578E2
2.104000000E1	-1.560392641E2
2.108000000E1	-1.558693522E2
2.112000000E1	-1.554683222E2
2.116000000E1	-1.546140103E2
2.120000000E1	-1.526043307E2
2.124000000E1	-1.486654787E2
2.128000000E1	-1.433085625E2
2.132000000E1	-1.360330999E2
2.136000000E1	-1.267751446E2
2.140000000E1	-1.174896196E2
2.144000000E1	-1.069277638E2
2.148000000E1	-9.684900759E1
2.152000000E1	-7.969399239E1
2.156000000E1	-7.947388158E1
2.160000000E1	-7.323250333E1
2.164000000E1	-6.868889156E1
2.168000000E1	-6.602674779E1
2.172000000E1	-6.526335318E1
2.176000000E1	-6.528761940E1
2.180000000E1	-6.582557491E1
2.184000000E1	-6.665906496E1
2.188000000E1	-6.740605591E1
2.192000000E1	-6.807697386E1
2.196000000E1	-6.853380629E1
2.200000000E1	-6.880217150E1
2.204000000E1	-6.890971297E1
2.208000000E1	-6.907827748E1
2.212000000E1	-6.912375539E1
2.216000000E1	-6.920718149E1
2.220000000E1	-6.927947646E1
2.224000000E1	-6.947215148E1
2.228000000E1	-6.987957474E1
2.232000000E1	-7.078217947E1
2.236000000E1	-7.237422377E1
2.240000000E1	-7.483934555E1
2.244000000E1	-7.842387282E1
2.248000000E1	-8.342942674E1
2.252000000E1	-8.980446926E1
2.256000000E1	-9.735804571E1
2.260000000E1	-1.059749677E2
2.264000000E1	-1.152892121E2
2.268000000E1	-1.246243057E2
2.272000000E1	-1.333518718E2
2.276000000E1	-1.407704286E2
2.280000000E1	-1.472161694E2
2.284000000E1	-1.562988528E2
2.288000000E1	-1.563509945E2
2.292000000E1	-1.571404396E2
2.296000000E1	-1.562827440E2
2.300000000E1	-1.554353378E2
2.304000000E1	-1.552837504E2
2.308000000E1	-1.558527382E2
2.312000000E1	-1.563822323E2
2.316000000E1	-1.565983211E2
2.320000000E1	-1.565009052E2
2.324000000E1	-1.564404587E2
2.328000000E1	-1.560241253E2
2.332000000E1	-1.550610761E2
2.336000000E1	-1.527307772E2
2.340000000E1	-1.483245827E2
2.344000000E1	-1.420539870E2
2.348000000E1	-1.338575783E2
2.352000000E1	-1.244559212E2
2.356000000E1	-1.146208151E2
2.360000000E1	-1.051579241E2
2.364000000E1	-9.658469286E1
2.368000000E1	-8.884354315E1
2.372000000E1	-8.198952075E1
2.376000000E1	-7.646807919E1
2.380000000E1	-7.252968761E1
2.384000000E1	-7.002996975E1
2.388000000E1	-6.855106306E1
2.392000000E1	-6.791148794E1
2.396000000E1	-6.763790242E1
2.400000000E1	-6.784074697E1
2.404000000E1	-6.844878781E1
2.408000000E1	-6.880439675E1
2.412000000E1	-6.920003586E1
2.416000000E1	-6.938946259E1
2.420000000E1	-6.947715774E1
2.424000000E1	-6.959826728E1
2.428000000E1	-6.972170200E1
2.432000000E1	-6.992390328E1
2.436000000E1	-7.036863861E1
2.440000000E1	-7.121531059E1
2.444000000E1	-7.272609982E1
2.448000000E1	-7.550109033E1
2.452000000E1	-7.933985547E1
2.456000000E1	-8.448008180E1
2.460000000E1	-9.108241437E1
2.464000000E1	-9.788178004E1
2.468000000E1	-1.053172421E2
2.472000000E1	-1.133463132E2
2.476000000E1	-1.215610518E2
2.480000000E1	-1.292812363E2
2.484000000E1	-1.365209724E2
2.488000000E1	-1.429542919E2
2.492000000E1	-1.490124735E2
2.496000000E1	-1.540262085E2
2.500000000E1	-1.567788128E2
2.504000000E1	-1.571678102E2
2.508000000E1	-1.563611534E2
2.512000000E1	-1.556828865E2
2.516000000E1	-1.555021613E2
2.520000000E1	-1.555136804E2
2.524000000E1	-1.554615011E2
2.528000000E1	-1.551184489E2
2.532000000E1	-1.539715514E2
2.536000000E1	-1.521682233E2
2.540000000E1	-1.489208324E2
2.544000000E1	-1.439084895E2
2.548000000E1	-1.370504932E2
2.552000000E1	-1.285438979E2
2.556000000E1	-1.192365876E2
2.560000000E1	-1.092284931E2
2.564000000E1	-9.918787729E1
2.568000000E1	-9.015910272E1
2.572000000E1	-8.251715107E1
2.576000000E1	-7.625952414E1
2.580000000E1	-7.134303770E1
2.584000000E1	-6.820056165E1
2.588000000E1	-6.655482334E1
2.592000000E1	-6.600783876E1
2.596000000E1	-6.579736550E1
2.600000000E1	-6.578212278E1
2.604000000E1	-6.614137283E1
2.608000000E1	-6.692516503E1
2.612000000E1	-6.692688013E1
2.616000000E1	-6.704428885E1
2.620000000E1	-6.715904902E1
2.624000000E1	-6.729182358E1
2.628000000E1	-6.769462719E1
2.632000000E1	-6.794757172E1
2.636000000E1	-6.815912896E1
2.640000000E1	-6.840680091E1
2.644000000E1	-6.873022817E1
2.648000000E1	-7.160530962E1
2.652000000E1	-7.160282813E1
2.656000000E1	-7.454372332E1
2.660000000E1	-7.857631583E1
2.664000000E1	-8.394641617E1
2.668000000E1	-9.031217602E1
2.672000000E1	-9.777258438E1
2.676000000E1	-1.061402674E2
2.680000000E1	-1.153166712E2
2.684000000E1	-1.248427175E2
2.688000000E1	-1.333747310E2
2.692000000E1	-1.410519688E2
2.696000000E1	-1.481766697E2
2.700000000E1	-1.544049080E2
2.704000000E1	-1.585247587E2
2.708000000E1	-1.588733700E2
2.712000000E1	-1.572620689E2
2.716000000E1	-1.560549192E2
2.720000000E1	-1.556730516E2
2.724000000E1	-1.555376645E2
2.728000000E1	-1.558638465E2
2.732000000E1	-1.560634765E2
2.736000000E1	-1.559303581E2
2.740000000E1	-1.552282364E2
2.744000000E1	-1.535829012E2
2.748000000E1	-1.505728972E2
2.752000000E1	-1.462231708E2
2.756000000E1	-1.403640724E2
2.760000000E1	-1.330931285E2
2.764000000E1	-1.250662037E2
2.768000000E1	-1.169556413E2
2.772000000E1	-1.079760774E2
2.776000000E1	-9.928377649E1
2.780000000E1	-9.086936706E1
2.784000000E1	-8.271444113E1
2.788000000E1	-7.561775645E1
2.792000000E1	-7.010186423E1
2.796000000E1	-6.668212571E1
2.800000000E1	-6.518156397E1
2.804000000E1	-6.487283548E1
2.808000000E1	-6.530716342E1
2.812000000E1	-6.634919003E1
2.816000000E1	-6.740001569E1
2.820000000E1	-6.816567292E1
2.824000000E1	-6.859894441E1
2.828000000E1	-6.878901179E1
2.832000000E1	-6.894212638E1
2.836000000E1	-6.915630065E1
2.840000000E1	-6.922851430E1
2.844000000E1	-6.931283870E1
2.848000000E1	-6.941536059E1
2.852000000E1	-6.959140437E1
2.856000000E1	-6.987330063E1
2.860000000E1	-7.029190162E1
2.864000000E1	-7.088135339E1
2.868000000E1	-7.203379644E1
2.872000000E1	-7.405898868E1
2.876000000E1	-7.667647388E1
2.880000000E1	-8.048990764E1
2.884000000E1	-9.195468919E1
2.888000000E1	-9.205212497E1
2.892000000E1	-9.944486127E1
2.896000000E1	-1.077189975E2
2.900000000E1	-1.165132917E2
2.904000000E1	-1.254850727E2
2.908000000E1	-1.340178426E2
2.912000000E1	-1.419543756E2
2.916000000E1	-1.493223398E2
2.920000000E1	-1.546458173E2
2.924000000E1	-1.582105990E2
2.928000000E1	-1.593582076E2
2.932000000E1	-1.587963635E2
2.936000000E1	-1.579792718E2
2.940000000E1	-1.576135415E2
2.944000000E1	-1.575614751E2
2.948000000E1	-1.575631490E2
2.952000000E1	-1.574509521E2
2.956000000E1	-1.569223753E2
2.960000000E1	-1.557015036E2
2.964000000E1	-1.532314222E2
2.968000000E1	-1.491070496E2
2.972000000E1	-1.429828505E2
2.976000000E1	-1.355607237E2
2.980000000E1	-1.273487277E2
2.984000000E1	-1.179855163E2
2.988000000E1	-1.084483361E2
2.992000000E1	-9.035108416E1
2.996000000E1	-9.038156186E1
3.000000000E1	-8.252652410E1
3.004000000E1	-7.626177526E1
3.008000000E1	-7.160857205E1
3.012000000E1	-6.881114820E1
3.016000000E1	-6.764116194E1
3.020000000E1	-6.742426859E1
3.024000000E1	-6.747578974E1
3.028000000E1	-6.799530780E1
3.032000000E1	-6.876803708E1
3.036000000E1	-6.935331336E1
3.040000000E1	-6.980743243E1
3.044000000E1	-7.046337722E1
3.048000000E1	-7.037460328E1
3.052000000E1	-7.050107780E1
3.056000000E1	-7.064008699E1
3.060000000E1	-7.104778085E1
3.064000000E1	-7.141018233E1
3.068000000E1	-7.211535778E1
3.072000000E1	-7.306789119E1
3.076000000E1	-7.461326922E1
3.080000000E1	-7.712510915E1
3.084000000E1	-8.051563397E1
3.088000000E1	-8.514557103E1
3.092000000E1	-9.131917742E1
3.096000000E1	-9.882284142E1
3.100000000E1	-1.074286056E2
3.104000000E1	-1.165649913E2
3.108000000E1	-1.260730991E2
3.112000000E1	-1.358865536E2
3.116000000E1	-1.450159262E2
3.120000000E1	-1.525223586E2
3.124000000E1	-1.568732976E2
3.128000000E1	-1.565578528E2
3.132000000E1	-1.566265926E2
3.136000000E1	-1.558772492E2
3.140000000E1	-1.560656763E2
3.144000000E1	-1.565859982E2
3.148000000E1	-1.570078554E2
3.152000000E1	-1.570049197E2
3.156000000E1	-1.569679266E2
3.160000000E1	-1.566943377E2
3.164000000E1	-1.558953942E2
3.168000000E1	-1.541533479E2
3.172000000E1	-1.509526361E2
3.176000000E1	-1.460745753E2
3.180000000E1	-1.399270985E2
3.184000000E1	-1.319135755E2
3.188000000E1	-1.226644834E2
3.192000000E1	-1.129820392E2
3.196000000E1	-1.031045584E2
3.200000000E1	-9.374230102E1
3.204000000E1	-8.515812583E1
3.208000000E1	-7.798793105E1
3.212000000E1	-7.258952410E1
3.216000000E1	-6.879225444E1
3.220000000E1	-6.720243848E1
3.224000000E1	-6.683379508E1
3.228000000E1	-6.747734998E1
3.232000000E1	-6.821790903E1
3.236000000E1	-6.876210960E1
3.240000000E1	-6.942577846E1
3.244000000E1	-6.986927053E1
3.248000000E1	-7.015544809E1
3.252000000E1	-7.046430275E1
3.256000000E1	-7.063771265E1
3.260000000E1	-7.061390349E1
3.264000000E1	-7.073289067E1
3.268000000E1	-7.078838295E1
3.272000000E1	-7.094867545E1
3.276000000E1	-7.130465726E1
3.280000000E1	-7.162176994E1
3.284000000E1	-7.228396377E1
3.288000000E1	-7.332379178E1
3.292000000E1	-7.473847275E1
3.296000000E1	-7.663086423E1
3.300000000E1	-7.937044262E1
3.304000000E1	-8.279976204E1
3.308000000E1	-8.772678563E1
3.312000000E1	-9.365329689E1
3.316000000E1	-1.003736703E2
3.320000000E1	-1.081106000E2
3.324000000E1	-1.165985919E2
3.328000000E1	-1.250972715E2
3.332000000E1	-1.333607538E2
3.336000000E1	-1.407355154E2
3.340000000E1	-1.470494712E2
3.344000000E1	-1.524075245E2
3.348000000E1	-1.585830375E2
3.352000000E1	-1.587159569E2
3.356000000E1	-1.591939482E2
3.360000000E1	-1.589227457E2
3.364000000E1	-1.586029399E2
3.368000000E1	-1.584396258E2
3.372000000E1	-1.584110038E2
3.376000000E1	-1.581569952E2
3.380000000E1	-1.577718205E2
3.384000000E1	-1.568920205E2
3.388000000E1	-1.549128917E2
3.392000000E1	-1.513667729E2
3.396000000E1	-1.462080167E2
3.400000000E1	-1.392091672E2
3.404000000E1	-1.303714642E2
3.408000000E1	-1.205290009E2
3.412000000E1	-1.101391164E2
3.416000000E1	-1.000146865E2
3.420000000E1	-9.089080256E1
3.424000000E1	-8.317480481E1
3.428000000E1	-7.707309190E1
3.432000000E1	-7.273994928E1
3.436000000E1	-7.069952154E1
3.440000000E1	-6.989294235E1
3.444000000E1	-6.959552143E1
3.448000000E1	-6.961407845E1
3.452000000E1	-7.001051464E1
3.456000000E1	-7.046219438E1
3.460000000E1	-7.087938245E1
3.464000000E1	-7.107782234E1
3.468000000E1	-7.129180295E1
3.472000000E1	-7.137919885E1
3.476000000E1	-7.141397839E1
3.480000000E1	-7.153725138E1
3.484000000E1	-7.156782379E1
3.488000000E1	-7.185868968E1
3.492000000E1	-7.298998701E1
3.496000000E1	-7.304113529E1
3.500000000E1	-7.438876071E1
3.504000000E1	-7.680059491E1
3.508000000E1	-8.015770796E1
3.512000000E1	-8.444799542E1
3.516000000E1	-8.998489215E1
3.520000000E1	-9.574571730E1
3.524000000E1	-1.022148622E2
3.528000000E1	-1.094449414E2
3.532000000E1	-1.172105474E2
3.536000000E1	-1.252542933E2
3.540000000E1	-1.333511210E2
3.544000000E1	-1.411701804E2
3.548000000E1	-1.485461868E2
3.552000000E1	-1.580267005E2
3.556000000E1	-1.581785429E2
3.560000000E1	-1.585960161E2
3.564000000E1	-1.579006864E2
3.568000000E1	-1.572512664E2
3.572000000E1	-1.572878018E2
3.576000000E1	-1.574637224E2
3.580000000E1	-1.577653422E2
3.584000000E1	-1.577511450E2
3.588000000E1	-1.577111352E2
3.592000000E1	-1.567144682E2
3.596000000E1	-1.568246746E2
3.600000000E1	-1.552781945E2
3.604000000E1	-1.523709874E2
3.608000000E1	-1.476622916E2
3.612000000E1	-1.412103422E2
3.616000000E1	-1.331539235E2
3.620000000E1	-1.243514586E2
3.624000000E1	-1.144985177E2
3.628000000E1	-1.050331119E2
3.632000000E1	-9.557537429E1
3.636000000E1	-8.679332606E1
3.640000000E1	-7.975596223E1
3.644000000E1	-7.500362265E1
3.648000000E1	-7.257252171E1
3.652000000E1	-7.184146169E1
3.656000000E1	-7.157099282E1
3.660000000E1	-7.143478663E1
3.664000000E1	-7.148427842E1
3.668000000E1	-7.183472677E1
3.672000000E1	-7.219712300E1
3.676000000E1	-7.235523758E1
3.680000000E1	-7.227676831E1
3.684000000E1	-7.219084389E1
3.688000000E1	-7.226690820E1
3.692000000E1	-7.229683389E1
3.696000000E1	-7.259466188E1
3.700000000E1	-7.327629371E1
3.704000000E1	-7.459900591E1
3.708000000E1	-7.671856710E1
3.712000000E1	-7.939119302E1
3.716000000E1	-8.343636767E1
3.720000000E1	-8.879203853E1
3.724000000E1	-9.485239550E1
3.728000000E1	-1.014744771E2
3.732000000E1	-1.086454047E2
3.736000000E1	-1.159697761E2
3.740000000E1	-1.230255940E2
3.744000000E1	-1.302154787E2
3.748000000E1	-1.433261042E2
3.752000000E1	-1.431603831E2
3.756000000E1	-1.485401572E2
3.760000000E1	-1.531893533E2
3.764000000E1	-1.561756938E2
3.768000000E1	-1.565820328E2
3.772000000E1	-1.555457094E2
3.776000000E1	-1.546251304E2
3.780000000E1	-1.541978008E2
3.784000000E1	-1.541445350E2
3.788000000E1	-1.541328321E2
3.792000000E1	-1.541255578E2
3.796000000E1	-1.541804131E2
3.800000000E1	-1.543911941E2
3.804000000E1	-1.544159411E2
3.808000000E1	-1.542718357E2
3.812000000E1	-1.538519941E2
3.816000000E1	-1.525972273E2
3.820000000E1	-1.498384552E2
3.824000000E1	-1.455746371E2
3.828000000E1	-1.396025471E2
3.832000000E1	-1.315817670E2
3.836000000E1	-1.223077724E2
3.840000000E1	-1.126839278E2
3.844000000E1	-1.028050719E2
3.848000000E1	-9.374622707E1
3.852000000E1	-8.550225633E1
3.856000000E1	-7.861291246E1
3.860000000E1	-7.353960157E1
3.864000000E1	-7.005577934E1
3.868000000E1	-6.785384581E1
3.872000000E1	-6.730352042E1
3.876000000E1	-6.727396886E1
3.880000000E1	-6.772414501E1
3.884000000E1	-6.852032390E1
3.888000000E1	-6.909113255E1
3.892000000E1	-6.963030981E1
3.896000000E1	-6.964595676E1
3.900000000E1	-6.953605366E1
3.904000000E1	-6.971360332E1
3.908000000E1	-6.959701620E1
3.912000000E1	-6.968032842E1
3.916000000E1	-7.014171354E1
3.920000000E1	-7.069846305E1
3.924000000E1	-7.173135002E1
3.928000000E1	-7.344232201E1
3.932000000E1	-7.592582669E1
3.936000000E1	-7.902482930E1
3.940000000E1	-8.340528370E1
3.944000000E1	-8.882140878E1
3.948000000E1	-9.537937542E1
3.952000000E1	-1.033368345E2
3.956000000E1	-1.114056583E2
3.960000000E1	-1.195694075E2
3.964000000E1	-1.278939603E2
3.968000000E1	-1.359329893E2
3.972000000E1	-1.432998786E2
3.976000000E1	-1.497958153E2
3.980000000E1	-1.554870724E2
3.984000000E1	-1.596652889E2
3.988000000E1	-1.611307355E2
3.992000000E1	-1.608405115E2
3.996000000E1	-1.598331082E2
4.000000000E1	-1.593286326E2
4.004000000E1	-1.592303124E2
4.008000000E1	-1.595034304E2
4.012000000E1	-1.599322667E2
4.016000000E1	-1.601438470E2
4.020000000E1	-1.599263681E2
4.024000000E1	-1.597255487E2
4.028000000E1	-1.588359933E2
4.032000000E1	-1.569084010E2
4.036000000E1	-1.537532066E2
4.040000000E1	-1.489637314E2
4.044000000E1	-1.427543139E2
4.048000000E1	-1.349423739E2
4.052000000E1	-1.264924302E2
4.056000000E1	-1.172011617E2
4.060000000E1	-1.081450316E2
4.064000000E1	-9.918934874E1
4.068000000E1	-9.100685276E1
4.072000000E1	-8.410440754E1
4.076000000E1	-7.844232642E1
4.080000000E1	-7.426737607E1
4.084000000E1	-7.219399736E1
4.088000000E1	-7.184011751E1
4.092000000E1	-7.304097531E1
4.096000000E1	-7.525202559E1
4.100000000E1	-7.721386157E1
4.104000000E1	-7.900522990E1
4.108000000E1	-8.078221668E1
4.112000000E1	-8.225657029E1
4.116000000E1	-8.227298622E1
4.120000000E1	-8.202476479E1
4.124000000E1	-8.172747341E1
4.128000000E1	-8.087692719E1
4.132000000E1	-8.012759409E1
4.136000000E1	-8.012213327E1
4.140000000E1	-8.129546215E1
4.144000000E1	-8.261242597E1
4.148000000E1	-8.327285654E1
4.152000000E1	-8.337606254E1
4.156000000E1	-8.396204895E1
4.160000000E1	-8.491317760E1
4.164000000E1	-8.566158304E1
4.168000000E1	-8.600476381E1
4.172000000E1	-8.655644110E1
4.176000000E1	-8.705816015E1
4.180000000E1	-8.735389950E1
4.184000000E1	-8.745219800E1
4.188000000E1	-8.740155259E1
4.192000000E1	-8.732614896E1
4.196000000E1	-8.731223681E1
4.200000000E1	-8.710929346E1
4.204000000E1	-8.707176396E1
4.208000000E1	-8.688298336E1
4.212000000E1	-8.690710523E1
4.216000000E1	-8.669434414E1
4.220000000E1	-8.667954709E1
4.224000000E1	-8.666684815E1
4.228000000E1	-8.672952960E1
4.232000000E1	-8.670169057E1
4.236000000E1	-8.670903384E1
4.240000000E1	-8.672613628E1
4.244000000E1	-8.643462217E1
4.248000000E1	-8.623622057E1
4.252000000E1	-8.629688198E1
4.256000000E1	-8.633574656E1
4.260000000E1	-8.638631000E1
4.264000000E1	-8.640813218E1
4.268000000E1	-8.645275109E1
4.272000000E1	-8.646705610E1
4.276000000E1	-8.647204110E1
4.280000000E1	-8.648321068E1
4.284000000E1	-8.648596045E1
4.288000000E1	-8.648580081E1
4.292000000E1	-8.648618614E1
4.296000000E1	-8.648694478E1
4.300000000E1	-8.651654257E1
4.304000000E1	-8.649504098E1
4.308000000E1	-8.648524401E1
4.312000000E1	-8.649980156E1
4.316000000E1	-8.651564086E1
4.320000000E1	-8.650415882E1
4.324000000E1	-8.649661973E1
4.328000000E1	-8.649693864E1
4.332000000E1	-8.649905383E1
4.336000000E1	-8.650573793E1
4.340000000E1	-8.649308187E1
4.344000000E1	-8.649333112E1
4.348000000E1	-8.649090692E1
4.352000000E1	-8.648059214E1
4.356000000E1	-8.647339223E1
4.360000000E1	-8.646884916E1
4.364000000E1	-8.642079241E1
4.368000000E1	-8.645539394E1
4.372000000E1	-8.646533380E1
