
t/1	ANGLE/1
0.000000000E0	6.545615662E0
4.000000000E-2	6.577479396E0
8.000000000E-2	6.577042445E0
1.200000000E-1	6.576901190E0
1.600000000E-1	6.577569368E0
2.000000000E-1	6.578015474E0
2.400000000E-1	6.578644948E0
2.800000000E-1	6.577460323E0
3.200000000E-1	6.576297182E0
3.600000000E-1	6.580360108E0
4.000000000E-1	6.583253367E0
4.400000000E-1	6.581365645E0
4.800000000E-1	6.580409841E0
5.200000000E-1	6.581544967E0
5.600000000E-1	6.585537425E0
6.000000000E-1	6.576291286E0
6.400000000E-1	6.578266660E0
6.800000000E-1	6.580227213E0
7.200000000E-1	6.583619074E0
7.600000000E-1	6.583963563E0
8.000000000E-1	6.581812583E0
8.400000000E-1	6.581384248E0
8.800000000E-1	6.580635324E0
9.200000000E-1	6.580151062E0
9.600000000E-1	6.580166975E0
1.000000000E0	6.584683674E0
1.040000000E0	6.582234640E0
1.080000000E0	6.581211006E0
1.120000000E0	6.581185617E0
1.160000000E0	6.580215397E0
1.200000000E0	6.579497491E0
1.240000000E0	6.579569759E0
1.280000000E0	6.579463279E0
1.320000000E0	6.579481452E0
1.360000000E0	6.578504238E0
1.400000000E0	6.577860342E0
1.440000000E0	6.578681268E0
1.480000000E0	6.583703083E0
1.520000000E0	6.581438402E0
1.560000000E0	6.580635306E0
1.600000000E0	6.577719099E0
1.640000000E0	6.578088329E0
1.680000000E0	6.578807320E0
1.720000000E0	6.579707288E0
1.760000000E0	6.579595316E0
1.800000000E0	6.580135112E0
1.840000000E0	6.573907054E0
1.880000000E0	6.569735278E0
1.920000000E0	6.579834725E0
1.960000000E0	6.584239540E0
2.000000000E0	6.583808978E0
2.040000000E0	6.581684013E0
2.080000000E0	6.580698830E0
2.120000000E0	6.580189070E0
2.160000000E0	6.579966001E0
2.200000000E0	6.579716473E0
2.240000000E0	6.579309699E0
2.280000000E0	6.579470759E0
2.320000000E0	6.578710506E0
2.360000000E0	6.579502878E0
2.400000000E0	6.580026381E0
2.440000000E0	6.581146880E0
2.480000000E0	6.578685043E0
2.520000000E0	6.579030123E0
2.560000000E0	6.579217677E0
2.600000000E0	6.578893340E0
2.640000000E0	6.580113890E0
2.680000000E0	6.579337445E0
2.720000000E0	6.579549555E0
2.760000000E0	6.582194223E0
2.800000000E0	6.584159275E0
2.840000000E0	6.580649266E0
2.880000000E0	6.578924369E0
2.920000000E0	6.577403630E0
2.960000000E0	6.577953913E0
3.000000000E0	6.572456466E0
3.040000000E0	6.577994928E0
3.080000000E0	6.580586798E0
3.120000000E0	6.580612965E0
3.160000000E0	6.579818053E0
3.200000000E0	6.579579311E0
3.240000000E0	6.578869327E0
3.280000000E0	6.578488639E0
3.320000000E0	6.578975975E0
3.360000000E0	6.577071827E0
3.400000000E0	6.577563042E0
3.440000000E0	6.571873910E0
3.480000000E0	6.565524621E0
3.520000000E0	6.571524020E0
3.560000000E0	6.572106307E0
3.600000000E0	6.580780120E0
3.640000000E0	6.579262166E0
3.680000000E0	6.579225462E0
3.720000000E0	6.579106115E0
3.760000000E0	6.579793707E0
3.800000000E0	6.579187093E0
3.840000000E0	6.576968060E0
3.880000000E0	6.575157902E0
3.920000000E0	6.576782599E0
3.960000000E0	6.578033154E0
4.000000000E0	6.565260659E0
4.040000000E0	6.563222489E0
4.080000000E0	6.545574038E0
4.120000000E0	6.485963821E0
4.160000000E0	6.418702921E0
4.200000000E0	6.337957226E0
4.240000000E0	6.318808524E0
4.280000000E0	6.306554179E0
4.320000000E0	6.319077441E0
4.360000000E0	6.630778138E0
4.400000000E0	7.194040734E0
4.440000000E0	8.048326424E0
4.480000000E0	9.350085695E0
4.520000000E0	1.110096145E1
4.560000000E0	1.318408595E1
4.600000000E0	1.545670212E1
4.640000000E0	1.769857497E1
4.680000000E0	1.953428431E1
4.720000000E0	2.083688932E1
4.760000000E0	2.236414822E1
4.800000000E0	2.449518546E1
4.840000000E0	2.733973511E1
4.880000000E0	3.113655796E1
4.920000000E0	3.547053013E1
4.960000000E0	4.008859549E1
5.000000000E0	4.471996351E1
5.040000000E0	4.927691415E1
5.080000000E0	5.708797031E1
5.120000000E0	5.705190967E1
5.160000000E0	5.980129303E1
5.200000000E0	6.140811616E1
5.240000000E0	6.225606640E1
5.280000000E0	6.284618845E1
5.320000000E0	6.329230058E1
5.360000000E0	6.343944544E1
5.400000000E0	6.339524343E1
5.440000000E0	6.325297061E1
5.480000000E0	6.301190129E1
5.520000000E0	6.308340123E1
5.560000000E0	6.308893357E1
5.600000000E0	6.300042251E1
5.640000000E0	6.290272672E1
5.680000000E0	6.282296256E1
5.720000000E0	6.269578874E1
5.760000000E0	6.255078142E1
5.800000000E0	6.231729619E1
5.840000000E0	6.202970854E1
5.880000000E0	6.155940786E1
5.920000000E0	6.083317810E1
5.960000000E0	5.991865477E1
6.000000000E0	5.867871131E1
6.040000000E0	5.692380161E1
6.080000000E0	5.439432180E1
6.120000000E0	5.090658596E1
6.160000000E0	4.649223359E1
6.200000000E0	4.134984172E1
6.240000000E0	3.551116919E1
6.280000000E0	2.917030903E1
6.320000000E0	2.248260255E1
6.360000000E0	1.579985907E1
6.400000000E0	9.753848250E0
6.440000000E0	5.041838343E0
6.480000000E0	1.919021572E0
6.520000000E0	3.103910232E-1
6.560000000E0	-2.240762136E-1
6.600000000E0	-3.286796380E-2
6.640000000E0	5.489422761E-1
6.680000000E0	1.290611688E0
6.720000000E0	1.319449766E0
6.760000000E0	1.378360205E0
6.800000000E0	1.329383945E0
6.840000000E0	1.145348747E0
6.880000000E0	1.058445906E0
6.920000000E0	1.089748689E0
6.960000000E0	1.379267510E0
7.000000000E0	2.110691283E0
7.040000000E0	3.259826138E0
7.080000000E0	4.958403382E0
7.120000000E0	7.429908292E0
7.160000000E0	1.075192638E1
7.200000000E0	1.485761117E1
7.240000000E0	1.971003851E1
7.280000000E0	2.504393647E1
7.320000000E0	3.071540500E1
7.360000000E0	3.660635415E1
7.400000000E0	4.235354308E1
7.440000000E0	4.786566010E1
7.480000000E0	5.299098670E1
7.520000000E0	5.745016374E1
7.560000000E0	6.091332433E1
7.600000000E0	6.276794018E1
7.640000000E0	6.317485549E1
7.680000000E0	6.290863695E1
7.720000000E0	6.261325570E1
7.760000000E0	6.233379141E1
7.800000000E0	6.222435038E1
7.840000000E0	6.212757808E1
7.880000000E0	6.206366087E1
7.920000000E0	6.199063179E1
7.960000000E0	6.199772174E1
8.000000000E0	6.193292390E1
8.040000000E0	6.183612637E1
8.080000000E0	6.173570415E1
8.120000000E0	6.166149840E1
8.160000000E0	6.158241102E1
8.200000000E0	6.154651479E1
8.240000000E0	6.150552710E1
8.280000000E0	6.135065386E1
8.320000000E0	6.086046489E1
8.360000000E0	5.970548242E1
8.400000000E0	5.754192914E1
8.440000000E0	4.992590117E1
8.480000000E0	4.987315378E1
8.520000000E0	4.475589048E1
8.560000000E0	3.892570896E1
8.600000000E0	3.289590060E1
8.640000000E0	2.642290498E1
8.680000000E0	1.999805730E1
8.720000000E0	1.363821085E1
8.760000000E0	7.801021171E0
8.800000000E0	2.834182529E0
8.840000000E0	-8.870537931E-1
8.880000000E0	-4.430371165E0
8.920000000E0	-4.431825033E0
8.960000000E0	-4.386633035E0
9.000000000E0	-3.539682356E0
9.040000000E0	-2.490393816E0
9.080000000E0	-1.487410894E0
9.120000000E0	-5.810047005E-1
9.160000000E0	4.476164497E-1
9.200000000E0	1.829166797E0
9.240000000E0	3.772871924E0
9.280000000E0	6.532096771E0
9.320000000E0	1.009747200E1
9.360000000E0	1.433001585E1
9.400000000E0	1.892327223E1
9.440000000E0	2.385540253E1
9.480000000E0	2.897157449E1
9.520000000E0	3.424294180E1
9.560000000E0	3.955920788E1
9.600000000E0	4.479351571E1
9.640000000E0	4.980462157E1
9.680000000E0	5.451026703E1
9.720000000E0	5.873881831E1
9.760000000E0	6.194120425E1
9.800000000E0	6.369630837E1
9.840000000E0	6.397830471E1
9.880000000E0	6.374335464E1
9.920000000E0	6.337324932E1
9.960000000E0	6.309387920E1
1.000000000E1	6.278096242E1
1.004000000E1	6.253477356E1
1.008000000E1	6.240391485E1
1.012000000E1	6.239283343E1
1.016000000E1	6.240660230E1
1.020000000E1	6.230546210E1
1.024000000E1	6.229328315E1
1.028000000E1	6.210458012E1
1.032000000E1	6.197965067E1
1.036000000E1	6.183009893E1
1.040000000E1	6.159146130E1
1.044000000E1	6.106063956E1
1.048000000E1	6.006772629E1
1.052000000E1	5.852272733E1
1.056000000E1	5.612931626E1
1.060000000E1	5.317332152E1
1.064000000E1	4.942735399E1
1.068000000E1	4.512012376E1
1.072000000E1	4.023511737E1
1.076000000E1	3.491728645E1
1.080000000E1	2.947696972E1
1.084000000E1	2.387056526E1
1.088000000E1	1.818771355E1
1.092000000E1	1.275164650E1
1.096000000E1	7.854250419E0
1.100000000E1	3.513963815E0
1.104000000E1	4.076509473E-1
1.108000000E1	-1.447321288E0
1.112000000E1	-2.255433688E0
1.116000000E1	-2.238406786E0
1.120000000E1	-1.709837583E0
1.124000000E1	-1.140877394E0
1.128000000E1	-4.032562625E-1
1.132000000E1	4.763222199E-1
1.136000000E1	1.870425737E0
1.140000000E1	3.892941181E0
1.144000000E1	6.706586368E0
1.148000000E1	1.022690146E1
1.152000000E1	1.424490568E1
1.156000000E1	1.889545177E1
1.160000000E1	2.382758802E1
1.164000000E1	2.903126766E1
1.168000000E1	3.463397853E1
1.172000000E1	4.015044295E1
1.176000000E1	4.559443481E1
1.180000000E1	5.070377399E1
1.184000000E1	5.546366393E1
1.188000000E1	5.950917906E1
1.192000000E1	6.242137992E1
1.196000000E1	6.357109251E1
1.200000000E1	6.296696215E1
1.204000000E1	6.297864667E1
1.208000000E1	6.264769826E1
1.212000000E1	6.223528798E1
1.216000000E1	6.188040379E1
1.220000000E1	6.167210000E1
1.224000000E1	6.159417249E1
1.228000000E1	6.161002545E1
1.232000000E1	6.160753407E1
1.236000000E1	6.148129666E1
1.240000000E1	6.132472836E1
1.244000000E1	6.122945029E1
1.248000000E1	6.092964758E1
1.252000000E1	6.037929755E1
1.256000000E1	5.945076797E1
1.260000000E1	5.761399281E1
1.264000000E1	5.498369967E1
1.268000000E1	5.154685646E1
1.272000000E1	4.724104424E1
1.276000000E1	4.240187133E1
1.280000000E1	3.706512179E1
1.284000000E1	3.151275834E1
1.288000000E1	2.596768215E1
1.292000000E1	2.036395489E1
1.296000000E1	1.514502580E1
1.300000000E1	1.031120688E1
1.304000000E1	5.932479112E0
1.308000000E1	2.353873602E0
1.312000000E1	-1.164399911E-1
1.316000000E1	-1.474467761E0
1.320000000E1	-1.816709029E0
1.324000000E1	-1.592792841E0
1.328000000E1	-1.086601061E0
1.332000000E1	-5.168154287E-1
1.336000000E1	7.982255566E-2
1.340000000E1	7.053955930E-1
1.344000000E1	1.556844289E0
1.348000000E1	2.736686767E0
1.352000000E1	4.459595554E0
1.356000000E1	6.588569958E0
1.360000000E1	9.350866034E0
1.364000000E1	1.265539654E1
1.368000000E1	1.649433395E1
1.372000000E1	2.078257610E1
1.376000000E1	2.534420355E1
1.380000000E1	3.005731844E1
1.384000000E1	3.491220857E1
1.388000000E1	3.971492358E1
1.392000000E1	4.433585348E1
1.396000000E1	4.877620501E1
1.400000000E1	5.299501268E1
1.404000000E1	5.692048000E1
1.408000000E1	5.999279384E1
1.412000000E1	6.189581304E1
1.416000000E1	6.233903602E1
1.420000000E1	6.230814189E1
1.424000000E1	6.211011025E1
1.428000000E1	6.187848806E1
1.432000000E1	6.164334279E1
1.436000000E1	6.142058480E1
1.440000000E1	6.133037546E1
1.444000000E1	6.123380431E1
1.448000000E1	6.096148974E1
1.452000000E1	6.022939567E1
1.456000000E1	5.876769631E1
1.460000000E1	5.655164587E1
1.464000000E1	5.351953808E1
1.468000000E1	4.990344604E1
1.472000000E1	4.581490147E1
1.476000000E1	4.136092433E1
1.480000000E1	3.666266814E1
1.484000000E1	3.173235719E1
1.488000000E1	2.663897769E1
1.492000000E1	2.162396130E1
1.496000000E1	1.643400369E1
1.500000000E1	1.129550720E1
1.504000000E1	6.499905889E0
1.508000000E1	2.365190686E0
1.512000000E1	-8.380200392E-1
1.516000000E1	-3.011039123E0
1.520000000E1	-4.196840999E0
1.524000000E1	-4.622030175E0
1.528000000E1	-4.386220822E0
1.532000000E1	-3.836876913E0
1.536000000E1	-3.266704576E0
1.540000000E1	-2.721357384E0
1.544000000E1	-2.216201926E0
1.548000000E1	-1.833740778E0
1.552000000E1	-1.376040779E0
1.556000000E1	-7.110743019E-1
1.560000000E1	2.969028421E-1
1.564000000E1	1.718874646E0
1.568000000E1	3.629046670E0
1.572000000E1	6.130266813E0
1.576000000E1	9.445630120E0
1.580000000E1	1.350342258E1
1.584000000E1	1.808614757E1
1.588000000E1	2.322269310E1
1.592000000E1	2.860206083E1
1.596000000E1	3.399229104E1
1.600000000E1	3.935571267E1
1.604000000E1	4.462200657E1
1.608000000E1	4.932499102E1
1.612000000E1	5.335225083E1
1.616000000E1	5.663419203E1
1.620000000E1	5.923135494E1
1.624000000E1	6.091582734E1
1.628000000E1	6.158147614E1
1.632000000E1	6.136981276E1
1.636000000E1	6.101022806E1
1.640000000E1	6.059932772E1
1.644000000E1	6.030618095E1
1.648000000E1	6.009149490E1
1.652000000E1	5.989736889E1
1.656000000E1	5.973656891E1
1.660000000E1	5.967327755E1
1.664000000E1	5.960394189E1
1.668000000E1	5.958615313E1
1.672000000E1	5.947501377E1
1.676000000E1	5.924929744E1
1.680000000E1	5.864487984E1
1.684000000E1	5.733820401E1
1.688000000E1	5.510490426E1
1.692000000E1	5.208842243E1
1.696000000E1	4.812385067E1
1.700000000E1	4.365557058E1
1.704000000E1	3.855989557E1
1.708000000E1	3.335533596E1
1.712000000E1	2.799680085E1
1.716000000E1	2.257495081E1
1.720000000E1	1.731976683E1
1.724000000E1	1.246288434E1
1.728000000E1	7.924986291E0
1.732000000E1	4.033409750E0
1.736000000E1	9.828064886E-1
1.740000000E1	-1.277918617E0
1.744000000E1	-2.541654481E0
1.748000000E1	-2.869373645E0
1.752000000E1	-1.964392286E0
1.756000000E1	-1.966264756E0
1.760000000E1	-1.200173737E0
1.764000000E1	-6.069262070E-1
1.768000000E1	-6.364046065E-2
1.772000000E1	3.830845832E-1
1.776000000E1	6.857899359E-1
1.780000000E1	9.681902424E-1
1.784000000E1	1.476487128E0
1.788000000E1	2.354331051E0
1.792000000E1	3.890338182E0
1.796000000E1	6.298037306E0
1.800000000E1	9.616894945E0
1.804000000E1	1.364356103E1
1.808000000E1	1.826014786E1
1.812000000E1	2.309501784E1
1.816000000E1	2.810350960E1
1.820000000E1	3.326882763E1
1.824000000E1	3.831709066E1
1.828000000E1	4.293931177E1
1.832000000E1	4.736697309E1
1.836000000E1	5.137433544E1
1.840000000E1	5.506011812E1
1.844000000E1	5.815431345E1
1.848000000E1	6.058522175E1
1.852000000E1	6.200236957E1
1.856000000E1	6.249590970E1
1.860000000E1	6.242441413E1
1.864000000E1	6.206897043E1
1.868000000E1	6.145915840E1
1.872000000E1	6.141051331E1
1.876000000E1	6.124207101E1
1.880000000E1	6.117608621E1
1.884000000E1	6.118997012E1
1.888000000E1	6.119327076E1
1.892000000E1	6.115237334E1
1.896000000E1	6.108878270E1
1.900000000E1	6.080690581E1
1.904000000E1	6.032755525E1
1.908000000E1	5.915481745E1
1.912000000E1	5.703004763E1
1.916000000E1	5.386398802E1
1.920000000E1	4.985362452E1
1.924000000E1	4.514645299E1
1.928000000E1	3.419362063E1
1.932000000E1	3.422746065E1
1.936000000E1	2.839157417E1
1.940000000E1	2.277253732E1
1.944000000E1	1.734196502E1
1.948000000E1	1.222567356E1
1.952000000E1	7.614101260E0
1.956000000E1	3.635648924E0
1.960000000E1	7.720618834E-1
1.964000000E1	-1.088837669E0
1.968000000E1	-1.878684918E0
1.972000000E1	-1.738034015E0
1.976000000E1	-9.915565154E-1
1.980000000E1	-1.857238191E-1
1.984000000E1	6.135045606E-1
1.988000000E1	1.141473398E0
1.992000000E1	1.444456230E0
1.996000000E1	1.466734245E0
2.000000000E1	1.477082400E0
2.004000000E1	1.719214605E0
2.008000000E1	4.153507397E0
2.012000000E1	4.119906185E0
2.016000000E1	6.670591087E0
2.020000000E1	1.006646266E1
2.024000000E1	1.421070046E1
2.028000000E1	1.897727337E1
2.032000000E1	2.426863329E1
2.036000000E1	2.969385343E1
2.040000000E1	3.520254961E1
2.044000000E1	4.067739641E1
2.048000000E1	4.593588596E1
2.052000000E1	5.526665671E1
2.056000000E1	5.519421929E1
2.060000000E1	5.924078731E1
2.064000000E1	6.222876980E1
2.068000000E1	6.376619317E1
2.072000000E1	6.396239598E1
2.076000000E1	6.356528903E1
2.080000000E1	6.320882906E1
2.084000000E1	6.293401458E1
2.088000000E1	6.269675539E1
2.092000000E1	6.243757770E1
2.096000000E1	6.230474280E1
2.100000000E1	6.221591602E1
2.104000000E1	6.212092423E1
2.108000000E1	6.197530728E1
2.112000000E1	6.171826631E1
2.116000000E1	6.128463294E1
2.120000000E1	6.042805985E1
2.124000000E1	5.873722342E1
2.128000000E1	5.602475345E1
2.132000000E1	5.246892632E1
2.136000000E1	4.788932687E1
2.140000000E1	4.291887340E1
2.144000000E1	3.716058739E1
2.148000000E1	3.104279435E1
2.152000000E1	1.864818968E1
2.156000000E1	1.840388499E1
2.160000000E1	1.280627195E1
2.164000000E1	7.727438820E0
2.168000000E1	3.553605259E0
2.172000000E1	3.900964302E-1
2.176000000E1	-1.503107731E0
2.180000000E1	-2.283162278E0
2.184000000E1	-2.205682756E0
2.188000000E1	-1.490972658E0
2.192000000E1	-5.177053201E-1
2.196000000E1	3.002791986E-1
2.200000000E1	8.467932979E-1
2.204000000E1	1.147163233E0
2.208000000E1	1.156031717E0
2.212000000E1	1.166703446E0
2.216000000E1	1.180841062E0
2.220000000E1	1.234214153E0
2.224000000E1	1.724489149E0
2.228000000E1	2.669042531E0
2.232000000E1	4.342084112E0
2.236000000E1	6.792146045E0
2.240000000E1	1.010977845E1
2.244000000E1	1.428549554E1
2.248000000E1	1.908208775E1
2.252000000E1	2.435775122E1
2.256000000E1	2.990169831E1
2.260000000E1	3.560672119E1
2.264000000E1	4.125477650E1
2.268000000E1	4.647745495E1
2.272000000E1	5.113723596E1
2.276000000E1	5.496751056E1
2.280000000E1	5.809557851E1
2.284000000E1	6.213246574E1
2.288000000E1	6.213135436E1
2.292000000E1	6.250433783E1
2.296000000E1	6.227691258E1
2.300000000E1	6.203383746E1
2.304000000E1	6.185842245E1
2.308000000E1	6.188142562E1
2.312000000E1	6.192565908E1
2.316000000E1	6.192531145E1
2.320000000E1	6.188734357E1
2.324000000E1	6.178765859E1
2.328000000E1	6.158375569E1
2.332000000E1	6.106538073E1
2.336000000E1	5.992282263E1
2.340000000E1	5.779650859E1
2.344000000E1	5.474657184E1
2.348000000E1	5.083701662E1
2.352000000E1	4.613092281E1
2.356000000E1	4.085016756E1
2.360000000E1	3.528924832E1
2.364000000E1	2.971867152E1
2.368000000E1	2.409824975E1
2.372000000E1	1.843921536E1
2.376000000E1	1.303438977E1
2.380000000E1	8.118057734E0
2.384000000E1	4.071408835E0
2.388000000E1	6.630410809E-1
2.392000000E1	-1.722138629E0
2.396000000E1	-3.068162620E0
2.400000000E1	-3.463492885E0
2.404000000E1	-3.150935195E0
2.408000000E1	-2.597934096E0
2.412000000E1	-1.871060796E0
2.416000000E1	-1.182853493E0
2.420000000E1	-6.885721323E-1
2.424000000E1	-2.091096438E-1
2.428000000E1	9.614059441E-2
2.432000000E1	6.566817330E-1
2.436000000E1	1.695416970E0
2.440000000E1	3.467106586E0
2.444000000E1	5.991198261E0
2.448000000E1	9.465777764E0
2.452000000E1	1.373498309E1
2.456000000E1	1.870567647E1
2.460000000E1	2.425913778E1
2.464000000E1	2.980182077E1
2.468000000E1	3.530405459E1
2.472000000E1	4.059042268E1
2.476000000E1	4.553157332E1
2.480000000E1	4.982521432E1
2.484000000E1	5.357275628E1
2.488000000E1	5.677642406E1
2.492000000E1	5.955584718E1
2.496000000E1	6.164571291E1
2.500000000E1	6.282273501E1
2.504000000E1	6.313918869E1
2.508000000E1	6.295850358E1
2.512000000E1	6.278424821E1
2.516000000E1	6.260116389E1
2.520000000E1	6.244190233E1
2.524000000E1	6.231368300E1
2.528000000E1	6.200808937E1
2.532000000E1	6.139919197E1
2.536000000E1	6.040774032E1
2.540000000E1	5.873074330E1
2.544000000E1	5.619112514E1
2.548000000E1	5.286972596E1
2.552000000E1	4.867084409E1
2.556000000E1	4.380310164E1
2.560000000E1	3.830529450E1
2.564000000E1	3.243210628E1
2.568000000E1	2.668689087E1
2.572000000E1	2.099408755E1
2.576000000E1	1.559236079E1
2.580000000E1	1.048308538E1
2.584000000E1	5.994179032E0
2.588000000E1	2.242212869E0
2.592000000E1	-4.507315311E-1
2.596000000E1	-2.258217700E0
2.600000000E1	-3.172999853E0
2.604000000E1	-3.175682398E0
2.608000000E1	-2.084408977E0
2.612000000E1	-2.087147347E0
2.616000000E1	-1.465510234E0
2.620000000E1	-9.623405452E-1
2.624000000E1	-5.299872202E-1
2.628000000E1	-2.437587786E-1
2.632000000E1	-6.226398476E-3
2.636000000E1	3.460126780E-1
2.640000000E1	9.102924645E-1
2.644000000E1	1.900857149E0
2.648000000E1	5.817783693E0
2.652000000E1	5.764252621E0
2.656000000E1	8.967739568E0
2.660000000E1	1.301358119E1
2.664000000E1	1.790601426E1
2.668000000E1	2.326104718E1
2.672000000E1	2.902569181E1
2.676000000E1	3.491281449E1
2.680000000E1	4.074079981E1
2.684000000E1	4.630092060E1
2.688000000E1	5.113749139E1
2.692000000E1	5.537253191E1
2.696000000E1	5.904916932E1
2.700000000E1	6.197404210E1
2.704000000E1	6.372283060E1
2.708000000E1	6.391371207E1
2.712000000E1	6.347753055E1
2.716000000E1	6.319436508E1
2.720000000E1	6.304075580E1
2.724000000E1	6.287695952E1
2.728000000E1	6.279850990E1
2.732000000E1	6.276357472E1
2.736000000E1	6.254602222E1
2.740000000E1	6.207536755E1
2.744000000E1	6.114350814E1
2.748000000E1	5.948779386E1
2.752000000E1	5.714852162E1
2.756000000E1	5.411555283E1
2.760000000E1	5.039943231E1
2.764000000E1	4.620746143E1
2.768000000E1	4.176941983E1
2.772000000E1	3.682877263E1
2.776000000E1	3.182765829E1
2.780000000E1	2.674604026E1
2.784000000E1	2.150577354E1
2.788000000E1	1.619472391E1
2.792000000E1	1.109608611E1
2.796000000E1	6.335277280E0
2.800000000E1	2.373640940E0
2.804000000E1	-6.678031468E-1
2.808000000E1	-2.872244980E0
2.812000000E1	-3.958011642E0
2.816000000E1	-4.053094748E0
2.820000000E1	-3.542625756E0
2.824000000E1	-2.745343321E0
2.828000000E1	-1.900753377E0
2.832000000E1	-1.057099382E0
2.836000000E1	-3.925115421E-1
2.840000000E1	3.213844235E-2
2.844000000E1	2.693753811E-1
2.848000000E1	3.503936103E-1
2.852000000E1	5.819991309E-1
2.856000000E1	8.951583840E-1
2.860000000E1	1.690087563E0
2.864000000E1	2.808439373E0
2.868000000E1	4.598451523E0
2.872000000E1	7.186622564E0
2.876000000E1	1.056915817E1
2.880000000E1	1.474577605E1
2.884000000E1	2.485567679E1
2.888000000E1	2.484879545E1
2.892000000E1	3.046966213E1
2.896000000E1	3.621097120E1
2.900000000E1	4.187884769E1
2.904000000E1	4.717227620E1
2.908000000E1	5.188848220E1
2.912000000E1	5.601226931E1
2.916000000E1	5.939339316E1
2.920000000E1	6.180210300E1
2.924000000E1	6.334351415E1
2.928000000E1	6.377324032E1
2.932000000E1	6.361617423E1
2.936000000E1	6.344824621E1
2.940000000E1	6.340722372E1
2.944000000E1	6.338690229E1
2.948000000E1	6.342111433E1
2.952000000E1	6.336530334E1
2.956000000E1	6.309835967E1
2.960000000E1	6.248720026E1
2.964000000E1	6.132713552E1
2.968000000E1	5.923841203E1
2.972000000E1	5.626697826E1
2.976000000E1	5.258046812E1
2.980000000E1	4.834110412E1
2.984000000E1	4.336127832E1
2.988000000E1	3.792234120E1
2.992000000E1	2.649147644E1
2.996000000E1	2.642544102E1
3.000000000E1	2.072794725E1
3.004000000E1	1.532148049E1
3.008000000E1	1.032542777E1
3.012000000E1	5.955518090E0
3.016000000E1	2.642888295E0
3.020000000E1	3.128405850E-1
3.024000000E1	-1.025527113E0
3.028000000E1	-1.330166154E0
3.032000000E1	-9.435388325E-1
3.036000000E1	-2.042916879E-1
3.040000000E1	6.042437272E-1
3.044000000E1	1.919888801E0
3.048000000E1	1.920793148E0
3.052000000E1	2.164275869E0
3.056000000E1	2.429676471E0
3.060000000E1	2.700528417E0
3.064000000E1	3.249899561E0
3.068000000E1	4.125335831E0
3.072000000E1	5.670347711E0
3.076000000E1	7.872728132E0
3.080000000E1	1.092875057E1
3.084000000E1	1.480132118E1
3.088000000E1	1.935938823E1
3.092000000E1	2.468962550E1
3.096000000E1	3.048922227E1
3.100000000E1	3.649478273E1
3.104000000E1	4.238879960E1
3.108000000E1	4.803584616E1
3.112000000E1	5.327806244E1
3.116000000E1	5.781468197E1
3.120000000E1	6.127509701E1
3.124000000E1	6.319966743E1
3.128000000E1	6.325793874E1
3.132000000E1	6.329577662E1
3.136000000E1	6.292106885E1
3.140000000E1	6.271598946E1
3.144000000E1	6.256360225E1
3.148000000E1	6.245898064E1
3.152000000E1	6.242508639E1
3.156000000E1	6.243667083E1
3.160000000E1	6.237693560E1
3.164000000E1	6.200167951E1
3.168000000E1	6.118964375E1
3.172000000E1	5.980729767E1
3.176000000E1	5.768326309E1
3.180000000E1	5.507321311E1
3.184000000E1	5.162777378E1
3.188000000E1	4.736132795E1
3.192000000E1	4.260348216E1
3.196000000E1	3.745529407E1
3.200000000E1	3.197202987E1
3.204000000E1	2.627639131E1
3.208000000E1	2.045007794E1
3.212000000E1	1.485144632E1
3.216000000E1	9.608877534E0
3.220000000E1	5.342116707E0
3.224000000E1	2.161787652E0
3.228000000E1	1.818708965E-1
3.232000000E1	-6.443445487E-1
3.236000000E1	-5.692058658E-1
3.240000000E1	2.373117969E-1
3.244000000E1	1.124532367E0
3.248000000E1	1.896991073E0
3.252000000E1	2.454976020E0
3.256000000E1	2.789391998E0
3.260000000E1	2.893498877E0
3.264000000E1	2.769430543E0
3.268000000E1	2.709363021E0
3.272000000E1	2.744589693E0
3.276000000E1	3.029282171E0
3.280000000E1	3.560042968E0
3.284000000E1	4.552072793E0
3.288000000E1	5.962656805E0
3.292000000E1	7.908867424E0
3.296000000E1	1.029671902E1
3.300000000E1	1.325945567E1
3.304000000E1	1.673516405E1
3.308000000E1	2.093819763E1
3.312000000E1	2.554277553E1
3.316000000E1	3.054339684E1
3.320000000E1	3.577136768E1
3.324000000E1	4.105485340E1
3.328000000E1	4.616894660E1
3.332000000E1	5.097834371E1
3.336000000E1	5.524003042E1
3.340000000E1	5.881207675E1
3.344000000E1	6.164619621E1
3.348000000E1	6.483695444E1
3.352000000E1	6.496338076E1
3.356000000E1	6.517988431E1
3.360000000E1	6.504080083E1
3.364000000E1	6.481071513E1
3.368000000E1	6.468278516E1
3.372000000E1	6.469851768E1
3.376000000E1	6.471938234E1
3.380000000E1	6.465238135E1
3.384000000E1	6.422439818E1
3.388000000E1	6.326497677E1
3.392000000E1	6.148504121E1
3.396000000E1	5.877083442E1
3.400000000E1	5.511504068E1
3.404000000E1	5.060373309E1
3.408000000E1	4.531020451E1
3.412000000E1	3.943828566E1
3.416000000E1	3.316231372E1
3.420000000E1	2.685210147E1
3.424000000E1	2.067740050E1
3.428000000E1	1.488556344E1
3.432000000E1	9.650751732E0
3.436000000E1	5.359681353E0
3.440000000E1	2.216462585E0
3.444000000E1	3.715475888E-1
3.448000000E1	-5.101463399E-1
3.452000000E1	-4.186930770E-1
3.456000000E1	2.181710353E-1
3.460000000E1	1.063458339E0
3.464000000E1	1.835277683E0
3.468000000E1	2.448832517E0
3.472000000E1	2.767142575E0
3.476000000E1	2.787476663E0
3.480000000E1	2.851837588E0
3.484000000E1	2.964622414E0
3.488000000E1	3.293194058E0
3.492000000E1	5.445235768E0
3.496000000E1	5.464648263E0
3.500000000E1	7.500211262E0
3.504000000E1	1.032413923E1
3.508000000E1	1.384194426E1
3.512000000E1	1.788084953E1
3.516000000E1	2.247210842E1
3.520000000E1	2.715182342E1
3.524000000E1	3.197227902E1
3.528000000E1	3.682867550E1
3.532000000E1	4.179767235E1
3.536000000E1	4.653119984E1
3.540000000E1	5.107890701E1
3.544000000E1	5.537690215E1
3.548000000E1	5.928892688E1
3.552000000E1	6.414574905E1
3.556000000E1	6.422179964E1
3.560000000E1	6.475930557E1
3.564000000E1	6.462702598E1
3.568000000E1	6.440173878E1
3.572000000E1	6.416252665E1
3.576000000E1	6.399850600E1
3.580000000E1	6.395247210E1
3.584000000E1	6.395560115E1
3.588000000E1	6.397045129E1
3.592000000E1	6.348292014E1
3.596000000E1	6.347662407E1
3.600000000E1	6.271568585E1
3.604000000E1	6.133190751E1
3.608000000E1	5.920362039E1
3.612000000E1	5.613037081E1
3.616000000E1	5.209057744E1
3.620000000E1	4.756507158E1
3.624000000E1	4.218268590E1
3.628000000E1	3.660950706E1
3.632000000E1	3.070550482E1
3.636000000E1	2.436942086E1
3.640000000E1	1.815864880E1
3.644000000E1	1.244706257E1
3.648000000E1	7.642549808E0
3.652000000E1	3.827268410E0
3.656000000E1	1.240027691E0
3.660000000E1	-4.152442883E-1
3.664000000E1	-1.068634169E0
3.668000000E1	-8.524919114E-1
3.672000000E1	-2.957579345E-1
3.676000000E1	2.866886019E-1
3.680000000E1	8.281851302E-1
3.684000000E1	1.368692186E0
3.688000000E1	1.948912237E0
3.692000000E1	2.682328414E0
3.696000000E1	3.774149915E0
3.700000000E1	5.397706931E0
3.704000000E1	7.631884215E0
3.708000000E1	1.069671640E1
3.712000000E1	1.417258214E1
3.716000000E1	1.832324563E1
3.720000000E1	2.307809272E1
3.724000000E1	2.804189361E1
3.728000000E1	3.304604624E1
3.732000000E1	3.812650487E1
3.736000000E1	4.281691915E1
3.740000000E1	4.708332064E1
3.744000000E1	5.114567879E1
3.748000000E1	5.771632225E1
3.752000000E1	5.764807457E1
3.756000000E1	6.014623195E1
3.760000000E1	6.219124562E1
3.764000000E1	6.329128971E1
3.768000000E1	6.342936420E1
3.772000000E1	6.296932967E1
3.776000000E1	6.264968160E1
3.780000000E1	6.243080400E1
3.784000000E1	6.226120810E1
3.788000000E1	6.219945749E1
3.792000000E1	6.217916526E1
3.796000000E1	6.219151571E1
3.800000000E1	6.219479367E1
3.804000000E1	6.218163170E1
3.808000000E1	6.213192503E1
3.812000000E1	6.191498758E1
3.816000000E1	6.130016636E1
3.820000000E1	5.995652884E1
3.824000000E1	5.788441054E1
3.828000000E1	5.487298866E1
3.832000000E1	5.101941964E1
3.836000000E1	4.644845821E1
3.840000000E1	4.130976789E1
3.844000000E1	3.561044979E1
3.848000000E1	2.972867272E1
3.852000000E1	2.372829941E1
3.856000000E1	1.781628279E1
3.860000000E1	1.225979911E1
3.864000000E1	7.201971040E0
3.868000000E1	2.680492632E0
3.872000000E1	-9.980970087E-1
3.876000000E1	-3.582344382E0
3.880000000E1	-5.023844167E0
3.884000000E1	-5.399608940E0
3.888000000E1	-5.044478642E0
3.892000000E1	-3.398594182E0
3.896000000E1	-3.382709034E0
3.900000000E1	-2.533211904E0
3.904000000E1	-1.690526734E0
3.908000000E1	-9.200640106E-1
3.912000000E1	-9.961113442E-2
3.916000000E1	1.051540830E0
3.920000000E1	2.393309806E0
3.924000000E1	4.292205269E0
3.928000000E1	6.887950572E0
3.932000000E1	1.008537388E1
3.936000000E1	1.377201671E1
3.940000000E1	1.819828460E1
3.944000000E1	2.301531081E1
3.948000000E1	2.825690179E1
3.952000000E1	3.371057220E1
3.956000000E1	3.903840294E1
3.960000000E1	4.418283637E1
3.964000000E1	4.888071525E1
3.968000000E1	5.327114865E1
3.972000000E1	5.712284865E1
3.976000000E1	6.045320133E1
3.980000000E1	6.322092777E1
3.984000000E1	6.505076343E1
3.988000000E1	6.571276046E1
3.992000000E1	6.573041141E1
3.996000000E1	6.545270474E1
4.000000000E1	6.537353394E1
4.004000000E1	6.534666835E1
4.008000000E1	6.546184370E1
4.012000000E1	6.567301718E1
4.016000000E1	6.571004802E1
4.020000000E1	6.556743164E1
4.024000000E1	6.538890087E1
4.028000000E1	6.483602830E1
4.032000000E1	6.376860440E1
4.036000000E1	6.214061545E1
4.040000000E1	5.966921500E1
4.044000000E1	5.673579169E1
4.048000000E1	5.307366188E1
4.052000000E1	4.895514590E1
4.056000000E1	4.424816158E1
4.060000000E1	3.914753568E1
4.064000000E1	3.369952071E1
4.068000000E1	2.801111103E1
4.072000000E1	2.252202019E1
4.076000000E1	1.702890747E1
4.080000000E1	1.172180216E1
4.084000000E1	7.209030474E0
4.088000000E1	3.449157434E0
4.092000000E1	1.016893157E0
4.096000000E1	-3.730283367E-1
4.100000000E1	-8.494798406E-1
4.104000000E1	-5.619201894E-1
4.108000000E1	4.182209580E-1
4.112000000E1	3.088572172E0
4.116000000E1	3.084215435E0
4.120000000E1	3.993457407E0
4.124000000E1	4.769248807E0
4.128000000E1	5.569716509E0
4.132000000E1	6.205521977E0
4.136000000E1	6.970733988E0
4.140000000E1	7.666015320E0
4.144000000E1	8.148327156E0
4.148000000E1	8.172851188E0
4.152000000E1	7.840013604E0
4.156000000E1	7.555863883E0
4.160000000E1	7.300085801E0
4.164000000E1	7.140061319E0
4.168000000E1	7.067372238E0
4.172000000E1	7.076708610E0
4.176000000E1	7.334567204E0
4.180000000E1	7.590816357E0
4.184000000E1	7.899107752E0
4.188000000E1	7.899671823E0
4.192000000E1	7.901820905E0
4.196000000E1	7.890137545E0
4.200000000E1	7.766483782E0
4.204000000E1	7.625358170E0
4.208000000E1	7.550781723E0
4.212000000E1	7.614817980E0
4.216000000E1	7.584620651E0
4.220000000E1	7.591236329E0
4.224000000E1	7.591751534E0
4.228000000E1	7.601025666E0
4.232000000E1	7.600356775E0
4.236000000E1	7.602767843E0
4.240000000E1	7.605073069E0
4.244000000E1	7.583863908E0
4.248000000E1	7.553408809E0
4.252000000E1	7.550104617E0
4.256000000E1	7.548733769E0
4.260000000E1	7.551380885E0
4.264000000E1	7.552552249E0
4.268000000E1	7.580289292E0
4.272000000E1	7.588318694E0
4.276000000E1	7.594067277E0
4.280000000E1	7.601076328E0
4.284000000E1	7.604332809E0
4.288000000E1	7.605901484E0
4.292000000E1	7.606781738E0
4.296000000E1	7.607486177E0
4.300000000E1	7.612736989E0
4.304000000E1	7.609030532E0
4.308000000E1	7.607114248E0
4.312000000E1	7.613671905E0
4.316000000E1	7.620982819E0
4.320000000E1	7.614712717E0
4.324000000E1	7.611306643E0
4.328000000E1	7.611061358E0
4.332000000E1	7.611489775E0
4.336000000E1	7.609462458E0
4.340000000E1	7.607388133E0
4.344000000E1	7.606629096E0
4.348000000E1	7.606241796E0
4.352000000E1	7.604986350E0
4.356000000E1	7.604309830E0
4.360000000E1	7.602434443E0
4.364000000E1	7.593688527E0
4.368000000E1	7.599791234E0
4.372000000E1	7.602226453E0
