
t/1	ANGLE/1
0.000000000E0	9.054288159E1
4.000000000E-2	9.027141459E1
8.000000000E-2	9.027133967E1
1.200000000E-1	9.027205687E1
1.600000000E-1	9.027109312E1
2.000000000E-1	9.027160483E1
2.400000000E-1	9.027122178E1
2.800000000E-1	9.027243351E1
3.200000000E-1	9.027283992E1
3.600000000E-1	9.027223096E1
4.000000000E-1	9.027208515E1
4.400000000E-1	9.027064067E1
4.800000000E-1	9.026894146E1
5.200000000E-1	9.026940980E1
5.600000000E-1	9.026570369E1
6.000000000E-1	9.026546983E1
6.400000000E-1	9.026672521E1
6.800000000E-1	9.026623232E1
7.200000000E-1	9.026204221E1
7.600000000E-1	9.026332127E1
8.000000000E-1	9.026569956E1
8.400000000E-1	9.026777510E1
8.800000000E-1	9.026836151E1
9.200000000E-1	9.026817150E1
9.600000000E-1	9.026904719E1
1.000000000E0	9.026802377E1
1.040000000E0	9.026875573E1
1.080000000E0	9.026926130E1
1.120000000E0	9.026977707E1
1.160000000E0	9.027012559E1
1.200000000E0	9.027152294E1
1.240000000E0	9.027267520E1
1.280000000E0	9.027215781E1
1.320000000E0	9.027176735E1
1.360000000E0	9.027150485E1
1.400000000E0	9.027130031E1
1.440000000E0	9.026934791E1
1.480000000E0	9.026991823E1
1.520000000E0	9.026965499E1
1.560000000E0	9.027003182E1
1.600000000E0	9.027090049E1
1.640000000E0	9.027149219E1
1.680000000E0	9.027153363E1
1.720000000E0	9.027148754E1
1.760000000E0	9.027151419E1
1.800000000E0	9.027256625E1
1.840000000E0	9.028084826E1
1.880000000E0	9.028035246E1
1.920000000E0	9.027598852E1
1.960000000E0	9.027431438E1
2.000000000E0	9.026887519E1
2.040000000E0	9.026933986E1
2.080000000E0	9.026962158E1
2.120000000E0	9.027002154E1
2.160000000E0	9.027031047E1
2.200000000E0	9.027049274E1
2.240000000E0	9.027053703E1
2.280000000E0	9.027103470E1
2.320000000E0	9.027133840E1
2.360000000E0	9.027111420E1
2.400000000E0	9.027094561E1
2.440000000E0	9.027065722E1
2.480000000E0	9.027094105E1
2.520000000E0	9.027093177E1
2.560000000E0	9.027092134E1
2.600000000E0	9.027124886E1
2.640000000E0	9.027158523E1
2.680000000E0	9.027178072E1
2.720000000E0	9.027199606E1
2.760000000E0	9.027173728E1
2.800000000E0	9.027150258E1
2.840000000E0	9.027176839E1
2.880000000E0	9.027210193E1
2.920000000E0	9.027209526E1
2.960000000E0	9.027220647E1
3.000000000E0	9.027693755E1
3.040000000E0	9.027241501E1
3.080000000E0	9.026926884E1
3.120000000E0	9.026800496E1
3.160000000E0	9.026969668E1
3.200000000E0	9.026906088E1
3.240000000E0	9.026897851E1
3.280000000E0	9.026942729E1
3.320000000E0	9.026957377E1
3.360000000E0	9.026829489E1
3.400000000E0	9.026707066E1
3.440000000E0	9.026822969E1
3.480000000E0	9.026904379E1
3.520000000E0	9.027374374E1
3.560000000E0	9.027830211E1
3.600000000E0	9.028038696E1
3.640000000E0	9.027947324E1
3.680000000E0	9.027363670E1
3.720000000E0	9.027007698E1
3.760000000E0	9.026955306E1
3.800000000E0	9.026929163E1
3.840000000E0	9.026146563E1
3.880000000E0	9.025038899E1
3.920000000E0	9.024151466E1
3.960000000E0	9.022950456E1
4.000000000E0	9.022906501E1
4.040000000E0	9.021384827E1
4.080000000E0	9.022294921E1
4.120000000E0	9.018815022E1
4.160000000E0	9.013814406E1
4.200000000E0	9.001862289E1
4.240000000E0	8.994889781E1
4.280000000E0	8.973982120E1
4.320000000E0	8.968778102E1
4.360000000E0	8.967752493E1
4.400000000E0	8.969388993E1
4.440000000E0	8.969631160E1
4.480000000E0	8.969127523E1
4.520000000E0	8.964795299E1
4.560000000E0	8.950459478E1
4.600000000E0	8.923571042E1
4.640000000E0	8.900095351E1
4.680000000E0	8.868305677E1
4.720000000E0	8.839112433E1
4.760000000E0	8.834983120E1
4.800000000E0	8.840153104E1
4.840000000E0	8.841180064E1
4.880000000E0	8.828646948E1
4.920000000E0	8.780194882E1
4.960000000E0	8.704905779E1
5.000000000E0	8.623501466E1
5.040000000E0	8.537247777E1
5.080000000E0	8.344912765E1
5.120000000E0	8.347043706E1
5.160000000E0	8.252196464E1
5.200000000E0	8.176230769E1
5.240000000E0	8.118650286E1
5.280000000E0	8.089508979E1
5.320000000E0	8.080352450E1
5.360000000E0	8.085595331E1
5.400000000E0	8.098017112E1
5.440000000E0	8.105211672E1
5.480000000E0	8.113716724E1
5.520000000E0	8.109451747E1
5.560000000E0	8.107344864E1
5.600000000E0	8.110995615E1
5.640000000E0	8.120495527E1
5.680000000E0	8.129625068E1
5.720000000E0	8.134006688E1
5.760000000E0	8.147830907E1
5.800000000E0	8.156745550E1
5.840000000E0	8.175762267E1
5.880000000E0	8.200018761E1
5.920000000E0	8.231420414E1
5.960000000E0	8.267622720E1
6.000000000E0	8.306200483E1
6.040000000E0	8.346504247E1
6.080000000E0	8.385099094E1
6.120000000E0	8.421383355E1
6.160000000E0	8.459118423E1
6.200000000E0	8.501365098E1
6.240000000E0	8.549081358E1
6.280000000E0	8.598589679E1
6.320000000E0	8.652564511E1
6.360000000E0	8.720483074E1
6.400000000E0	8.794138762E1
6.440000000E0	8.891420333E1
6.480000000E0	8.976870331E1
6.520000000E0	8.995667432E1
6.560000000E0	8.946885250E1
6.600000000E0	8.909230094E1
6.640000000E0	8.885960543E1
6.680000000E0	8.830344724E1
6.720000000E0	8.833228713E1
6.760000000E0	8.835608009E1
6.800000000E0	8.857466985E1
6.840000000E0	8.867465861E1
6.880000000E0	8.879528137E1
6.920000000E0	8.885437539E1
6.960000000E0	8.885581162E1
7.000000000E0	8.881643536E1
7.040000000E0	8.879828355E1
7.080000000E0	8.882560449E1
7.120000000E0	8.888688001E1
7.160000000E0	8.880927041E1
7.200000000E0	8.864022331E1
7.240000000E0	8.829809251E1
7.280000000E0	8.777401190E1
7.320000000E0	8.713661325E1
7.360000000E0	8.638700116E1
7.400000000E0	8.556860948E1
7.440000000E0	8.478025509E1
7.480000000E0	8.399218196E1
7.520000000E0	8.324646939E1
7.560000000E0	8.244805346E1
7.600000000E0	8.165227557E1
7.640000000E0	8.103413377E1
7.680000000E0	8.075177720E1
7.720000000E0	8.083177028E1
7.760000000E0	8.103595938E1
7.800000000E0	8.118666768E1
7.840000000E0	8.130415844E1
7.880000000E0	8.133620138E1
7.920000000E0	8.129999669E1
7.960000000E0	8.124178264E1
8.000000000E0	8.116949243E1
8.040000000E0	8.118587817E1
8.080000000E0	8.128425039E1
8.120000000E0	8.137530000E1
8.160000000E0	8.140275741E1
8.200000000E0	8.145612792E1
8.240000000E0	8.154242816E1
8.280000000E0	8.163004331E1
8.320000000E0	8.178871515E1
8.360000000E0	8.208613154E1
8.400000000E0	8.244527488E1
8.440000000E0	8.362736949E1
8.480000000E0	8.366356063E1
8.520000000E0	8.424996873E1
8.560000000E0	8.494199041E1
8.600000000E0	8.554158977E1
8.640000000E0	8.598704344E1
8.680000000E0	8.639980834E1
8.720000000E0	8.665128232E1
8.760000000E0	8.702353808E1
8.800000000E0	8.760265714E1
8.840000000E0	8.823384792E1
8.880000000E0	8.859892944E1
8.920000000E0	8.862087929E1
8.960000000E0	8.858222064E1
9.000000000E0	8.856705228E1
9.040000000E0	8.836550084E1
9.080000000E0	8.803823213E1
9.120000000E0	8.781901671E1
9.160000000E0	8.781046429E1
9.200000000E0	8.784989824E1
9.240000000E0	8.792151432E1
9.280000000E0	8.795343387E1
9.320000000E0	8.785156959E1
9.360000000E0	8.749867816E1
9.400000000E0	8.699000780E1
9.440000000E0	8.636847534E1
9.480000000E0	8.582863831E1
9.520000000E0	8.531262174E1
9.560000000E0	8.473360857E1
9.600000000E0	8.421513632E1
9.640000000E0	8.366756404E1
9.680000000E0	8.296500574E1
9.720000000E0	8.227172836E1
9.760000000E0	8.154698160E1
9.800000000E0	8.085889161E1
9.840000000E0	8.027560840E1
9.880000000E0	7.993902771E1
9.920000000E0	7.992990489E1
9.960000000E0	8.014010940E1
1.000000000E1	8.038711455E1
1.004000000E1	8.058291724E1
1.008000000E1	8.064243646E1
1.012000000E1	8.062323592E1
1.016000000E1	8.062175408E1
1.020000000E1	8.062926070E1
1.024000000E1	8.064654374E1
1.028000000E1	8.076249044E1
1.032000000E1	8.088834399E1
1.036000000E1	8.104439774E1
1.040000000E1	8.121151091E1
1.044000000E1	8.140101104E1
1.048000000E1	8.167953452E1
1.052000000E1	8.210805047E1
1.056000000E1	8.252723690E1
1.060000000E1	8.297127339E1
1.064000000E1	8.346578727E1
1.068000000E1	8.393703803E1
1.072000000E1	8.438797570E1
1.076000000E1	8.466362501E1
1.080000000E1	8.498593560E1
1.084000000E1	8.516034134E1
1.088000000E1	8.528874703E1
1.092000000E1	8.551025304E1
1.096000000E1	8.583612720E1
1.100000000E1	8.621210292E1
1.104000000E1	8.644424263E1
1.108000000E1	8.648325194E1
1.112000000E1	8.650984102E1
1.116000000E1	8.663043191E1
1.120000000E1	8.672161593E1
1.124000000E1	8.652039692E1
1.128000000E1	8.644188621E1
1.132000000E1	8.645003156E1
1.136000000E1	8.655302517E1
1.140000000E1	8.676673087E1
1.144000000E1	8.700901550E1
1.148000000E1	8.702495112E1
1.152000000E1	8.681339184E1
1.156000000E1	8.636887913E1
1.160000000E1	8.581314130E1
1.164000000E1	8.529619335E1
1.168000000E1	8.478349344E1
1.172000000E1	8.426104043E1
1.176000000E1	8.378292125E1
1.180000000E1	8.329221957E1
1.184000000E1	8.277807455E1
1.188000000E1	8.214768452E1
1.192000000E1	8.152073313E1
1.196000000E1	8.091140786E1
1.200000000E1	8.027272996E1
1.204000000E1	8.028657464E1
1.208000000E1	8.043966265E1
1.212000000E1	8.073931223E1
1.216000000E1	8.097210714E1
1.220000000E1	8.109112715E1
1.224000000E1	8.113211787E1
1.228000000E1	8.106198923E1
1.232000000E1	8.104685149E1
1.236000000E1	8.105902672E1
1.240000000E1	8.110712388E1
1.244000000E1	8.120850670E1
1.248000000E1	8.142285608E1
1.252000000E1	8.171820826E1
1.256000000E1	8.205180879E1
1.260000000E1	8.251998161E1
1.264000000E1	8.304682524E1
1.268000000E1	8.356713394E1
1.272000000E1	8.410374735E1
1.276000000E1	8.460097154E1
1.280000000E1	8.502541109E1
1.284000000E1	8.546817572E1
1.288000000E1	8.578753678E1
1.292000000E1	8.594255439E1
1.296000000E1	8.610597215E1
1.300000000E1	8.632225660E1
1.304000000E1	8.655114936E1
1.308000000E1	8.685173481E1
1.312000000E1	8.708979310E1
1.316000000E1	8.717410211E1
1.320000000E1	8.711503421E1
1.324000000E1	8.709959318E1
1.328000000E1	8.704370307E1
1.332000000E1	8.680344759E1
1.336000000E1	8.672230494E1
1.340000000E1	8.669970859E1
1.344000000E1	8.679945426E1
1.348000000E1	8.683015070E1
1.352000000E1	8.683988812E1
1.356000000E1	8.683411944E1
1.360000000E1	8.671697712E1
1.364000000E1	8.655483774E1
1.368000000E1	8.628865010E1
1.372000000E1	8.592054380E1
1.376000000E1	8.545245580E1
1.380000000E1	8.503952359E1
1.384000000E1	8.461394528E1
1.388000000E1	8.414412030E1
1.392000000E1	8.361612935E1
1.396000000E1	8.308977373E1
1.400000000E1	8.251409186E1
1.404000000E1	8.188968269E1
1.408000000E1	8.135333246E1
1.412000000E1	8.081120264E1
1.416000000E1	8.033794061E1
1.420000000E1	8.003227275E1
1.424000000E1	8.003834303E1
1.428000000E1	8.020002563E1
1.432000000E1	8.035706131E1
1.436000000E1	8.044512497E1
1.440000000E1	8.048238095E1
1.444000000E1	8.048278646E1
1.448000000E1	8.050184546E1
1.452000000E1	8.071244427E1
1.456000000E1	8.100095789E1
1.460000000E1	8.147486595E1
1.464000000E1	8.203438875E1
1.468000000E1	8.260332595E1
1.472000000E1	8.322652239E1
1.476000000E1	8.378943537E1
1.480000000E1	8.434770081E1
1.484000000E1	8.473545448E1
1.488000000E1	8.505697145E1
1.492000000E1	8.526962632E1
1.496000000E1	8.522896805E1
1.500000000E1	8.524189012E1
1.504000000E1	8.557221853E1
1.508000000E1	8.606557149E1
1.512000000E1	8.664514199E1
1.516000000E1	8.694568375E1
1.520000000E1	8.693553718E1
1.524000000E1	8.685915948E1
1.528000000E1	8.679548290E1
1.532000000E1	8.656755122E1
1.536000000E1	8.636054001E1
1.540000000E1	8.626844516E1
1.544000000E1	8.626588481E1
1.548000000E1	8.630124067E1
1.552000000E1	8.632208977E1
1.556000000E1	8.647666527E1
1.560000000E1	8.659884313E1
1.564000000E1	8.674461698E1
1.568000000E1	8.685592342E1
1.572000000E1	8.692386971E1
1.576000000E1	8.696995755E1
1.580000000E1	8.687616094E1
1.584000000E1	8.668198755E1
1.588000000E1	8.629735633E1
1.592000000E1	8.566713556E1
1.596000000E1	8.502476996E1
1.600000000E1	8.439384600E1
1.604000000E1	8.373907327E1
1.608000000E1	8.304207462E1
1.612000000E1	8.226515193E1
1.616000000E1	8.154086043E1
1.620000000E1	8.098014757E1
1.624000000E1	8.054353328E1
1.628000000E1	8.023379584E1
1.632000000E1	8.002352627E1
1.636000000E1	8.003248912E1
1.640000000E1	8.023843672E1
1.644000000E1	8.044791734E1
1.648000000E1	8.058210282E1
1.652000000E1	8.072434169E1
1.656000000E1	8.074166471E1
1.660000000E1	8.072575493E1
1.664000000E1	8.071844446E1
1.668000000E1	8.073618693E1
1.672000000E1	8.076432803E1
1.676000000E1	8.093389828E1
1.680000000E1	8.107989783E1
1.684000000E1	8.137711898E1
1.688000000E1	8.179575022E1
1.692000000E1	8.224296614E1
1.696000000E1	8.266990003E1
1.700000000E1	8.313667132E1
1.704000000E1	8.357183455E1
1.708000000E1	8.400147735E1
1.712000000E1	8.448536194E1
1.716000000E1	8.483211249E1
1.720000000E1	8.513580383E1
1.724000000E1	8.540868483E1
1.728000000E1	8.569943284E1
1.732000000E1	8.597382176E1
1.736000000E1	8.628151425E1
1.740000000E1	8.661642919E1
1.744000000E1	8.679074722E1
1.748000000E1	8.682352256E1
1.752000000E1	8.649446517E1
1.756000000E1	8.653903704E1
1.760000000E1	8.627391087E1
1.764000000E1	8.605921768E1
1.768000000E1	8.600845479E1
1.772000000E1	8.602615608E1
1.776000000E1	8.605863235E1
1.780000000E1	8.609004862E1
1.784000000E1	8.612650819E1
1.788000000E1	8.620127481E1
1.792000000E1	8.633436726E1
1.796000000E1	8.638356333E1
1.800000000E1	8.632768157E1
1.804000000E1	8.609097327E1
1.808000000E1	8.569252208E1
1.812000000E1	8.514827385E1
1.816000000E1	8.467996286E1
1.820000000E1	8.427568503E1
1.824000000E1	8.391600206E1
1.828000000E1	8.351494901E1
1.832000000E1	8.314996979E1
1.836000000E1	8.267618771E1
1.840000000E1	8.219087354E1
1.844000000E1	8.170505105E1
1.848000000E1	8.123278194E1
1.852000000E1	8.090759371E1
1.856000000E1	8.075006010E1
1.860000000E1	8.074607599E1
1.864000000E1	8.084667114E1
1.868000000E1	8.114970341E1
1.872000000E1	8.120956079E1
1.876000000E1	8.128074097E1
1.880000000E1	8.125879549E1
1.884000000E1	8.123820791E1
1.888000000E1	8.122511567E1
1.892000000E1	8.122177808E1
1.896000000E1	8.123836131E1
1.900000000E1	8.126752980E1
1.904000000E1	8.137393335E1
1.908000000E1	8.153090990E1
1.912000000E1	8.178396337E1
1.916000000E1	8.210695378E1
1.920000000E1	8.247918241E1
1.924000000E1	8.293012672E1
1.928000000E1	8.381119003E1
1.932000000E1	8.374706527E1
1.936000000E1	8.425695854E1
1.940000000E1	8.466629750E1
1.944000000E1	8.495262994E1
1.948000000E1	8.503178856E1
1.952000000E1	8.517027881E1
1.956000000E1	8.534238609E1
1.960000000E1	8.562543165E1
1.964000000E1	8.563707368E1
1.968000000E1	8.559862701E1
1.972000000E1	8.560215913E1
1.976000000E1	8.555658918E1
1.980000000E1	8.537703999E1
1.984000000E1	8.505739693E1
1.988000000E1	8.484494260E1
1.992000000E1	8.476192324E1
1.996000000E1	8.479357448E1
2.000000000E1	8.496511601E1
2.004000000E1	8.523308708E1
2.008000000E1	8.590944584E1
2.012000000E1	8.588727818E1
2.016000000E1	8.618384424E1
2.020000000E1	8.634417134E1
2.024000000E1	8.622959482E1
2.028000000E1	8.597788703E1
2.032000000E1	8.556009837E1
2.036000000E1	8.501734225E1
2.040000000E1	8.447045420E1
2.044000000E1	8.398540794E1
2.048000000E1	8.341756176E1
2.052000000E1	8.234608096E1
2.056000000E1	8.234480009E1
2.060000000E1	8.184129720E1
2.064000000E1	8.134767390E1
2.068000000E1	8.093048946E1
2.072000000E1	8.062292914E1
2.076000000E1	8.052188360E1
2.080000000E1	8.063979743E1
2.084000000E1	8.090205350E1
2.088000000E1	8.111759197E1
2.092000000E1	8.118967527E1
2.096000000E1	8.118571123E1
2.100000000E1	8.115426424E1
2.104000000E1	8.115318397E1
2.108000000E1	8.115112895E1
2.112000000E1	8.119234466E1
2.116000000E1	8.133850736E1
2.120000000E1	8.150626178E1
2.124000000E1	8.168722434E1
2.128000000E1	8.212120505E1
2.132000000E1	8.253401171E1
2.136000000E1	8.289269607E1
2.140000000E1	8.344216019E1
2.144000000E1	8.373547913E1
2.148000000E1	8.424711370E1
2.152000000E1	8.502033089E1
2.156000000E1	8.501561938E1
2.160000000E1	8.526257418E1
2.164000000E1	8.547743938E1
2.168000000E1	8.581440335E1
2.172000000E1	8.627523132E1
2.176000000E1	8.651778623E1
2.180000000E1	8.655807445E1
2.184000000E1	8.643924996E1
2.188000000E1	8.626886469E1
2.192000000E1	8.608803135E1
2.196000000E1	8.584636777E1
2.200000000E1	8.565358648E1
2.204000000E1	8.561544050E1
2.208000000E1	8.585806464E1
2.212000000E1	8.585213502E1
2.216000000E1	8.605039237E1
2.220000000E1	8.610905982E1
2.224000000E1	8.615925663E1
2.228000000E1	8.615038490E1
2.232000000E1	8.617851373E1
2.236000000E1	8.616806659E1
2.240000000E1	8.615317058E1
2.244000000E1	8.596740476E1
2.248000000E1	8.571870547E1
2.252000000E1	8.534731358E1
2.256000000E1	8.496453788E1
2.260000000E1	8.448643754E1
2.264000000E1	8.393496989E1
2.268000000E1	8.336847868E1
2.272000000E1	8.273448310E1
2.276000000E1	8.207931058E1
2.280000000E1	8.154437773E1
2.284000000E1	8.093962486E1
2.288000000E1	8.096500101E1
2.292000000E1	8.076600741E1
2.296000000E1	8.074524611E1
2.300000000E1	8.081029314E1
2.304000000E1	8.097797201E1
2.308000000E1	8.113811810E1
2.312000000E1	8.121197246E1
2.316000000E1	8.117862957E1
2.320000000E1	8.109977332E1
2.324000000E1	8.103774853E1
2.328000000E1	8.099735476E1
2.332000000E1	8.112207837E1
2.336000000E1	8.130893723E1
2.340000000E1	8.152268147E1
2.344000000E1	8.190009450E1
2.348000000E1	8.224201946E1
2.352000000E1	8.268856080E1
2.356000000E1	8.315503624E1
2.360000000E1	8.370819582E1
2.364000000E1	8.423823919E1
2.368000000E1	8.465580374E1
2.372000000E1	8.478270627E1
2.376000000E1	8.477074623E1
2.380000000E1	8.484565499E1
2.384000000E1	8.513194983E1
2.388000000E1	8.558621111E1
2.392000000E1	8.590677841E1
2.396000000E1	8.603358941E1
2.400000000E1	8.613833812E1
2.404000000E1	8.610072038E1
2.408000000E1	8.586082883E1
2.412000000E1	8.560810222E1
2.416000000E1	8.538223300E1
2.420000000E1	8.531019213E1
2.424000000E1	8.529836897E1
2.428000000E1	8.535479123E1
2.432000000E1	8.552717197E1
2.436000000E1	8.577277435E1
2.440000000E1	8.601757449E1
2.444000000E1	8.616307030E1
2.448000000E1	8.621167344E1
2.452000000E1	8.612602516E1
2.456000000E1	8.583450690E1
2.460000000E1	8.543966271E1
2.464000000E1	8.479522289E1
2.468000000E1	8.418139461E1
2.472000000E1	8.363398355E1
2.476000000E1	8.311530793E1
2.480000000E1	8.258306588E1
2.484000000E1	8.205451364E1
2.488000000E1	8.159435987E1
2.492000000E1	8.118235843E1
2.496000000E1	8.080666504E1
2.500000000E1	8.047389463E1
2.504000000E1	8.017978781E1
2.508000000E1	8.012647934E1
2.512000000E1	8.015995485E1
2.516000000E1	8.036197375E1
2.520000000E1	8.055139195E1
2.524000000E1	8.065626270E1
2.528000000E1	8.080047454E1
2.532000000E1	8.089175970E1
2.536000000E1	8.109366941E1
2.540000000E1	8.139548496E1
2.544000000E1	8.179999433E1
2.548000000E1	8.217433973E1
2.552000000E1	8.261672929E1
2.556000000E1	8.311101326E1
2.560000000E1	8.352352324E1
2.564000000E1	8.386279852E1
2.568000000E1	8.411640255E1
2.572000000E1	8.436438951E1
2.576000000E1	8.443318790E1
2.580000000E1	8.444993148E1
2.584000000E1	8.471816317E1
2.588000000E1	8.508167388E1
2.592000000E1	8.530099321E1
2.596000000E1	8.538677271E1
2.600000000E1	8.551576861E1
2.604000000E1	8.572622664E1
2.608000000E1	8.578368468E1
2.612000000E1	8.579307961E1
2.616000000E1	8.559664377E1
2.620000000E1	8.550685788E1
2.624000000E1	8.541283510E1
2.628000000E1	8.550845308E1
2.632000000E1	8.553987016E1
2.636000000E1	8.568019024E1
2.640000000E1	8.577385756E1
2.644000000E1	8.587704956E1
2.648000000E1	8.606819465E1
2.652000000E1	8.612656960E1
2.656000000E1	8.612552317E1
2.660000000E1	8.601538112E1
2.664000000E1	8.573078351E1
2.668000000E1	8.530417078E1
2.672000000E1	8.481476945E1
2.676000000E1	8.430604738E1
2.680000000E1	8.381427797E1
2.684000000E1	8.323759472E1
2.688000000E1	8.261335437E1
2.692000000E1	8.195285008E1
2.696000000E1	8.133733299E1
2.700000000E1	8.078137625E1
2.704000000E1	8.020036100E1
2.708000000E1	7.975228829E1
2.712000000E1	7.958310477E1
2.716000000E1	7.969484083E1
2.720000000E1	7.991966630E1
2.724000000E1	8.016280584E1
2.728000000E1	8.039924485E1
2.732000000E1	8.047296511E1
2.736000000E1	8.047830966E1
2.740000000E1	8.052849730E1
2.744000000E1	8.061839338E1
2.748000000E1	8.083386634E1
2.752000000E1	8.118308447E1
2.756000000E1	8.162886111E1
2.760000000E1	8.211924680E1
2.764000000E1	8.265378750E1
2.768000000E1	8.330822387E1
2.772000000E1	8.383307627E1
2.776000000E1	8.431804831E1
2.780000000E1	8.472919327E1
2.784000000E1	8.493892654E1
2.788000000E1	8.505941657E1
2.792000000E1	8.515129124E1
2.796000000E1	8.537626167E1
2.800000000E1	8.566919574E1
2.804000000E1	8.601258181E1
2.808000000E1	8.629674553E1
2.812000000E1	8.634398440E1
2.816000000E1	8.631381131E1
2.820000000E1	8.613571024E1
2.824000000E1	8.588665688E1
2.828000000E1	8.565068191E1
2.832000000E1	8.550871705E1
2.836000000E1	8.549418982E1
2.840000000E1	8.553281991E1
2.844000000E1	8.554928482E1
2.848000000E1	8.556025814E1
2.852000000E1	8.570395136E1
2.856000000E1	8.583164051E1
2.860000000E1	8.588842814E1
2.864000000E1	8.591856631E1
2.868000000E1	8.589119309E1
2.872000000E1	8.585388702E1
2.876000000E1	8.566501232E1
2.880000000E1	8.539154122E1
2.884000000E1	8.487494131E1
2.888000000E1	8.494140523E1
2.892000000E1	8.470817413E1
2.896000000E1	8.446422617E1
2.900000000E1	8.409825660E1
2.904000000E1	8.366330154E1
2.908000000E1	8.324816438E1
2.912000000E1	8.275069887E1
2.916000000E1	8.228942775E1
2.920000000E1	8.183638582E1
2.924000000E1	8.142442694E1
2.928000000E1	8.113440178E1
2.932000000E1	8.098083154E1
2.936000000E1	8.098246713E1
2.940000000E1	8.105103488E1
2.944000000E1	8.113767231E1
2.948000000E1	8.113782323E1
2.952000000E1	8.111900812E1
2.956000000E1	8.109573385E1
2.960000000E1	8.115340024E1
2.964000000E1	8.127096230E1
2.968000000E1	8.155980293E1
2.972000000E1	8.191668733E1
2.976000000E1	8.239436065E1
2.980000000E1	8.291139480E1
2.984000000E1	8.334029173E1
2.988000000E1	8.380315491E1
2.992000000E1	8.448048338E1
2.996000000E1	8.451024374E1
3.000000000E1	8.476146519E1
3.004000000E1	8.497356385E1
3.008000000E1	8.508632390E1
3.012000000E1	8.536700576E1
3.016000000E1	8.583374937E1
3.020000000E1	8.632044113E1
3.024000000E1	8.655107368E1
3.028000000E1	8.656965573E1
3.032000000E1	8.651075871E1
3.036000000E1	8.635439699E1
3.040000000E1	8.609335814E1
3.044000000E1	8.569842313E1
3.048000000E1	8.562529683E1
3.052000000E1	8.560045758E1
3.056000000E1	8.562715052E1
3.060000000E1	8.580056372E1
3.064000000E1	8.590225015E1
3.068000000E1	8.605161738E1
3.072000000E1	8.612787294E1
3.076000000E1	8.614330914E1
3.080000000E1	8.614833790E1
3.084000000E1	8.601031732E1
3.088000000E1	8.581799864E1
3.092000000E1	8.549341697E1
3.096000000E1	8.513775140E1
3.100000000E1	8.472782513E1
3.104000000E1	8.422654322E1
3.108000000E1	8.377178625E1
3.112000000E1	8.321408727E1
3.116000000E1	8.264001056E1
3.120000000E1	8.197800333E1
3.124000000E1	8.135252730E1
3.128000000E1	8.072287394E1
3.132000000E1	8.071179594E1
3.136000000E1	8.073985407E1
3.140000000E1	8.093598945E1
3.144000000E1	8.113194662E1
3.148000000E1	8.120622899E1
3.152000000E1	8.118065934E1
3.156000000E1	8.116998068E1
3.160000000E1	8.118947738E1
3.164000000E1	8.137550501E1
3.168000000E1	8.163833346E1
3.172000000E1	8.192412393E1
3.176000000E1	8.227212790E1
3.180000000E1	8.262163983E1
3.184000000E1	8.291237933E1
3.188000000E1	8.328950873E1
3.192000000E1	8.363406022E1
3.196000000E1	8.390302210E1
3.200000000E1	8.421911315E1
3.204000000E1	8.447511012E1
3.208000000E1	8.468681392E1
3.212000000E1	8.479685048E1
3.216000000E1	8.491237335E1
3.220000000E1	8.522854728E1
3.224000000E1	8.565240134E1
3.228000000E1	8.602431613E1
3.232000000E1	8.613584102E1
3.236000000E1	8.604687619E1
3.240000000E1	8.588764490E1
3.244000000E1	8.561785350E1
3.248000000E1	8.532944249E1
3.252000000E1	8.511688446E1
3.256000000E1	8.506247649E1
3.260000000E1	8.510882878E1
3.264000000E1	8.525453205E1
3.268000000E1	8.533496712E1
3.272000000E1	8.544180515E1
3.276000000E1	8.555202052E1
3.280000000E1	8.556466183E1
3.284000000E1	8.556745343E1
3.288000000E1	8.556523805E1
3.292000000E1	8.552363675E1
3.296000000E1	8.547063783E1
3.300000000E1	8.537180577E1
3.304000000E1	8.520790827E1
3.308000000E1	8.501043343E1
3.312000000E1	8.474192025E1
3.316000000E1	8.438056342E1
3.320000000E1	8.406442218E1
3.324000000E1	8.356810631E1
3.328000000E1	8.304355874E1
3.332000000E1	8.237602852E1
3.336000000E1	8.166252711E1
3.340000000E1	8.102121679E1
3.344000000E1	8.050700429E1
3.348000000E1	7.972627897E1
3.352000000E1	7.968379356E1
3.356000000E1	7.959324801E1
3.360000000E1	7.966900462E1
3.364000000E1	7.980431364E1
3.368000000E1	7.992911278E1
3.372000000E1	8.000174128E1
3.376000000E1	7.994766914E1
3.380000000E1	7.994336385E1
3.384000000E1	8.007883426E1
3.388000000E1	8.029214433E1
3.392000000E1	8.063153040E1
3.396000000E1	8.112192937E1
3.400000000E1	8.162306371E1
3.404000000E1	8.209888168E1
3.408000000E1	8.262567607E1
3.412000000E1	8.299896370E1
3.416000000E1	8.340233193E1
3.420000000E1	8.374802654E1
3.424000000E1	8.400892585E1
3.428000000E1	8.416506560E1
3.432000000E1	8.436347117E1
3.436000000E1	8.474873315E1
3.440000000E1	8.509894661E1
3.444000000E1	8.526374839E1
3.448000000E1	8.527656653E1
3.452000000E1	8.526501411E1
3.456000000E1	8.522414471E1
3.460000000E1	8.500367911E1
3.464000000E1	8.473456878E1
3.468000000E1	8.456952706E1
3.472000000E1	8.448620118E1
3.476000000E1	8.454931803E1
3.480000000E1	8.470319131E1
3.484000000E1	8.479191521E1
3.488000000E1	8.495922975E1
3.492000000E1	8.529187574E1
3.496000000E1	8.529949468E1
3.500000000E1	8.538943313E1
3.504000000E1	8.541807017E1
3.508000000E1	8.533865829E1
3.512000000E1	8.511930308E1
3.516000000E1	8.479200405E1
3.520000000E1	8.429460994E1
3.524000000E1	8.389374881E1
3.528000000E1	8.350577276E1
3.532000000E1	8.307472601E1
3.536000000E1	8.259240685E1
3.540000000E1	8.203489515E1
3.544000000E1	8.156748026E1
3.548000000E1	8.106853497E1
3.552000000E1	8.006561672E1
3.556000000E1	8.010590335E1
3.560000000E1	7.972242552E1
3.564000000E1	7.959075393E1
3.568000000E1	7.965699050E1
3.572000000E1	7.984869249E1
3.576000000E1	7.993226055E1
3.580000000E1	7.998473341E1
3.584000000E1	7.990516768E1
3.588000000E1	7.988712319E1
3.592000000E1	8.002469453E1
3.596000000E1	8.008835574E1
3.600000000E1	8.027577764E1
3.604000000E1	8.057441372E1
3.608000000E1	8.086943963E1
3.612000000E1	8.134069161E1
3.616000000E1	8.180540293E1
3.620000000E1	8.234610500E1
3.624000000E1	8.277817972E1
3.628000000E1	8.325106502E1
3.632000000E1	8.357602680E1
3.636000000E1	8.364514641E1
3.640000000E1	8.364663312E1
3.644000000E1	8.371273169E1
3.648000000E1	8.417773311E1
3.652000000E1	8.485782323E1
3.656000000E1	8.526986159E1
3.660000000E1	8.540560692E1
3.664000000E1	8.531643552E1
3.668000000E1	8.526487346E1
3.672000000E1	8.517139185E1
3.676000000E1	8.500578401E1
3.680000000E1	8.478061466E1
3.684000000E1	8.475742831E1
3.688000000E1	8.481714915E1
3.692000000E1	8.497667227E1
3.696000000E1	8.507819453E1
3.700000000E1	8.514545806E1
3.704000000E1	8.518443406E1
3.708000000E1	8.511778094E1
3.712000000E1	8.490673209E1
3.716000000E1	8.466647715E1
3.720000000E1	8.436549925E1
3.724000000E1	8.400185070E1
3.728000000E1	8.355107423E1
3.732000000E1	8.302391281E1
3.736000000E1	8.254183273E1
3.740000000E1	8.200214067E1
3.744000000E1	8.149764224E1
3.748000000E1	8.057447882E1
3.752000000E1	8.056287505E1
3.756000000E1	8.014248501E1
3.760000000E1	7.979204593E1
3.764000000E1	7.951615659E1
3.768000000E1	7.930545594E1
3.772000000E1	7.926442866E1
3.776000000E1	7.935037845E1
3.780000000E1	7.955548507E1
3.784000000E1	7.974109554E1
3.788000000E1	7.982496561E1
3.792000000E1	7.982146382E1
3.796000000E1	7.981586129E1
3.800000000E1	7.981745638E1
3.804000000E1	7.980284527E1
3.808000000E1	7.981802969E1
3.812000000E1	7.989508351E1
3.816000000E1	8.001940061E1
3.820000000E1	8.031700599E1
3.824000000E1	8.065414190E1
3.828000000E1	8.110585194E1
3.832000000E1	8.148341152E1
3.836000000E1	8.190408221E1
3.840000000E1	8.235941772E1
3.844000000E1	8.284258913E1
3.848000000E1	8.334730247E1
3.852000000E1	8.371138033E1
3.856000000E1	8.398906366E1
3.860000000E1	8.416743664E1
3.864000000E1	8.430847550E1
3.868000000E1	8.465915949E1
3.872000000E1	8.507201577E1
3.876000000E1	8.531834539E1
3.880000000E1	8.542396513E1
3.884000000E1	8.559247763E1
3.888000000E1	8.570092511E1
3.892000000E1	8.551327952E1
3.896000000E1	8.552003722E1
3.900000000E1	8.531493498E1
3.904000000E1	8.521710755E1
3.908000000E1	8.504540411E1
3.912000000E1	8.492929199E1
3.916000000E1	8.496588448E1
3.920000000E1	8.500849708E1
3.924000000E1	8.509849468E1
3.928000000E1	8.514616268E1
3.932000000E1	8.508919385E1
3.936000000E1	8.489958971E1
3.940000000E1	8.463326411E1
3.944000000E1	8.439199110E1
3.948000000E1	8.411650964E1
3.952000000E1	8.393005877E1
3.956000000E1	8.361703513E1
3.960000000E1	8.318805390E1
3.964000000E1	8.274072599E1
3.968000000E1	8.224510597E1
3.972000000E1	8.174547824E1
3.976000000E1	8.126016704E1
3.980000000E1	8.079930211E1
3.984000000E1	8.037526082E1
3.988000000E1	8.001513107E1
3.992000000E1	7.982708689E1
3.996000000E1	7.976777469E1
4.000000000E1	7.982407026E1
4.004000000E1	7.986867882E1
4.008000000E1	7.986178648E1
4.012000000E1	7.984677590E1
4.016000000E1	7.982523739E1
4.020000000E1	7.983479982E1
4.024000000E1	7.987512528E1
4.028000000E1	8.003793455E1
4.032000000E1	8.037784421E1
4.036000000E1	8.065580884E1
4.040000000E1	8.109190791E1
4.044000000E1	8.144580644E1
4.048000000E1	8.181240832E1
4.052000000E1	8.233721107E1
4.056000000E1	8.281134773E1
4.060000000E1	8.336496536E1
4.064000000E1	8.388474713E1
4.068000000E1	8.435089008E1
4.072000000E1	8.471653105E1
4.076000000E1	8.497296494E1
4.080000000E1	8.514792046E1
4.084000000E1	8.541103484E1
4.088000000E1	8.574992725E1
4.092000000E1	8.607584770E1
4.096000000E1	8.625820016E1
4.100000000E1	8.601224194E1
4.104000000E1	8.557902489E1
4.108000000E1	8.515862942E1
4.112000000E1	8.425882486E1
4.116000000E1	8.430271711E1
4.120000000E1	8.408972778E1
4.124000000E1	8.409404572E1
4.128000000E1	8.414961759E1
4.132000000E1	8.426026661E1
4.136000000E1	8.435846740E1
4.140000000E1	8.446635976E1
4.144000000E1	8.436832597E1
4.148000000E1	8.427004337E1
4.152000000E1	8.430580988E1
4.156000000E1	8.455860933E1
4.160000000E1	8.482969448E1
4.164000000E1	8.488979745E1
4.168000000E1	8.486790028E1
4.172000000E1	8.484253660E1
4.176000000E1	8.467037356E1
4.180000000E1	8.452449338E1
4.184000000E1	8.433944098E1
4.188000000E1	8.433527555E1
4.192000000E1	8.432993824E1
4.196000000E1	8.432963596E1
4.200000000E1	8.433036861E1
4.204000000E1	8.433039860E1
4.208000000E1	8.433149003E1
4.212000000E1	8.434065471E1
4.216000000E1	8.434966974E1
4.220000000E1	8.435502491E1
4.224000000E1	8.434227877E1
4.228000000E1	8.433518776E1
4.232000000E1	8.433037822E1
4.236000000E1	8.433297105E1
4.240000000E1	8.434666290E1
4.244000000E1	8.434207558E1
4.248000000E1	8.434684841E1
4.252000000E1	8.434803705E1
4.256000000E1	8.434630773E1
4.260000000E1	8.434378715E1
4.264000000E1	8.435277578E1
4.268000000E1	8.434338195E1
4.272000000E1	8.434153407E1
4.276000000E1	8.434285988E1
4.280000000E1	8.433706586E1
4.284000000E1	8.433250947E1
4.288000000E1	8.433097380E1
4.292000000E1	8.432878375E1
4.296000000E1	8.432700455E1
4.300000000E1	8.432670000E1
4.304000000E1	8.432881916E1
4.308000000E1	8.432902352E1
4.312000000E1	8.433116874E1
4.316000000E1	8.433203024E1
4.320000000E1	8.433378343E1
4.324000000E1	8.433221279E1
4.328000000E1	8.433444027E1
4.332000000E1	8.433607825E1
4.336000000E1	8.433640850E1
4.340000000E1	8.433237984E1
4.344000000E1	8.433793585E1
4.348000000E1	8.433343816E1
4.352000000E1	8.433215238E1
4.356000000E1	8.433137428E1
4.360000000E1	8.433237921E1
4.364000000E1	8.433398959E1
4.368000000E1	8.433170262E1
4.372000000E1	8.433139456E1
