
t/1	ANGLE/1
0.000000000E0	-9.814428619E1
4.000000000E-2	-9.812300004E1
8.000000000E-2	-9.809692203E1
1.200000000E-1	-9.807627292E1
1.600000000E-1	-9.802038039E1
2.000000000E-1	-9.787790243E1
2.400000000E-1	-9.785154328E1
2.800000000E-1	-9.785332344E1
3.200000000E-1	-9.787085705E1
3.600000000E-1	-9.786641684E1
4.000000000E-1	-9.792700540E1
4.400000000E-1	-9.789456550E1
4.800000000E-1	-9.787541063E1
5.200000000E-1	-9.784940675E1
5.600000000E-1	-9.783700543E1
6.000000000E-1	-9.783242061E1
6.400000000E-1	-9.782900397E1
6.800000000E-1	-9.784257664E1
7.200000000E-1	-9.786332948E1
7.600000000E-1	-9.784710283E1
8.000000000E-1	-9.784017099E1
8.400000000E-1	-9.783500269E1
8.800000000E-1	-9.783328137E1
9.200000000E-1	-9.782371649E1
9.600000000E-1	-9.781272551E1
1.000000000E0	-9.779154485E1
1.040000000E0	-9.778587156E1
1.080000000E0	-9.777446303E1
1.120000000E0	-9.775130269E1
1.160000000E0	-9.770304421E1
1.200000000E0	-9.766648240E1
1.240000000E0	-9.762233411E1
1.280000000E0	-9.766087521E1
1.320000000E0	-9.768363886E1
1.360000000E0	-9.769663795E1
1.400000000E0	-9.770772559E1
1.440000000E0	-9.769699252E1
1.480000000E0	-9.772833894E1
1.520000000E0	-9.778396157E1
1.560000000E0	-9.788452925E1
1.600000000E0	-9.802867966E1
1.640000000E0	-9.807758903E1
1.680000000E0	-9.809905728E1
1.720000000E0	-9.811586836E1
1.760000000E0	-9.804797948E1
1.800000000E0	-9.768901196E1
1.840000000E0	-9.590688481E1
1.880000000E0	-9.591945222E1
1.920000000E0	-9.489013678E1
1.960000000E0	-9.490153032E1
2.000000000E0	-9.532183401E1
2.040000000E0	-9.616395525E1
2.080000000E0	-9.608143179E1
2.120000000E0	-9.581279083E1
2.160000000E0	-9.580815091E1
2.200000000E0	-9.643358326E1
2.240000000E0	-9.640011086E1
2.280000000E0	-9.748670701E1
2.320000000E0	-9.983554918E1
2.360000000E0	-1.036731271E2
2.400000000E0	-1.084085417E2
2.440000000E0	-1.141036042E2
2.480000000E0	-1.202901638E2
2.520000000E0	-1.264128020E2
2.560000000E0	-1.327480287E2
2.600000000E0	-1.382888919E2
2.640000000E0	-1.432681843E2
2.680000000E0	-1.475767542E2
2.720000000E0	-1.512513401E2
2.760000000E0	-1.550876301E2
2.800000000E0	-1.580517063E2
2.840000000E0	-1.603475728E2
2.880000000E0	-1.612837524E2
2.920000000E0	-1.615480731E2
2.960000000E0	-1.619005492E2
3.000000000E0	-1.622474534E2
3.040000000E0	-1.614499691E2
3.080000000E0	-1.612008847E2
3.120000000E0	-1.612706993E2
3.160000000E0	-1.612252555E2
3.200000000E0	-1.610403054E2
3.240000000E0	-1.602755578E2
3.280000000E0	-1.589185355E2
3.320000000E0	-1.572689032E2
3.360000000E0	-1.553460696E2
3.400000000E0	-1.530597064E2
3.440000000E0	-1.505694754E2
3.480000000E0	-1.482108106E2
3.520000000E0	-1.460560554E2
3.560000000E0	-1.437937840E2
3.600000000E0	-1.420873693E2
3.640000000E0	-1.410658565E2
3.680000000E0	-1.397701213E2
3.720000000E0	-1.384520748E2
3.760000000E0	-1.375894240E2
3.800000000E0	-1.360656422E2
3.840000000E0	-1.325369225E2
3.880000000E0	-1.325091957E2
3.920000000E0	-1.304960830E2
3.960000000E0	-1.280654408E2
4.000000000E0	-1.262680210E2
4.040000000E0	-1.243682270E2
4.080000000E0	-1.226328554E2
4.120000000E0	-1.210389334E2
4.160000000E0	-1.196331007E2
4.200000000E0	-1.184954825E2
4.240000000E0	-1.176375117E2
4.280000000E0	-1.165488524E2
4.320000000E0	-1.160793276E2
4.360000000E0	-1.153593299E2
4.400000000E0	-1.152231683E2
4.440000000E0	-1.151452100E2
4.480000000E0	-1.151006130E2
4.520000000E0	-1.149287996E2
4.560000000E0	-1.146833698E2
4.600000000E0	-1.146764219E2
4.640000000E0	-1.145207577E2
4.680000000E0	-1.143423246E2
4.720000000E0	-1.142348833E2
4.760000000E0	-1.144062812E2
4.800000000E0	-1.145357633E2
4.840000000E0	-1.147716964E2
4.880000000E0	-1.149108191E2
4.920000000E0	-1.151245648E2
4.960000000E0	-1.152556191E2
5.000000000E0	-1.150685567E2
5.040000000E0	-1.150822066E2
5.080000000E0	-1.150836901E2
5.120000000E0	-1.150671954E2
5.160000000E0	-1.152952693E2
5.200000000E0	-1.155491164E2
5.240000000E0	-1.161002186E2
5.280000000E0	-1.172416118E2
5.320000000E0	-1.191375822E2
5.360000000E0	-1.213808058E2
5.400000000E0	-1.238666817E2
5.440000000E0	-1.266381171E2
5.480000000E0	-1.295799666E2
5.520000000E0	-1.329123283E2
5.560000000E0	-1.366184919E2
5.600000000E0	-1.409330791E2
5.640000000E0	-1.455791078E2
5.680000000E0	-1.502829671E2
5.720000000E0	-1.547270618E2
5.760000000E0	-1.580801161E2
5.800000000E0	-1.603904420E2
5.840000000E0	-1.616207825E2
5.880000000E0	-1.621225675E2
5.920000000E0	-1.623561836E2
5.960000000E0	-1.613922539E2
6.000000000E0	-1.608658599E2
6.040000000E0	-1.604059071E2
6.080000000E0	-1.595223118E2
6.120000000E0	-1.579727196E2
6.160000000E0	-1.564024667E2
6.200000000E0	-1.544032148E2
6.240000000E0	-1.523195971E2
6.280000000E0	-1.502693080E2
6.320000000E0	-1.482397892E2
6.360000000E0	-1.463234289E2
6.400000000E0	-1.447265161E2
6.440000000E0	-1.433326908E2
6.480000000E0	-1.418950786E2
6.520000000E0	-1.405491717E2
6.560000000E0	-1.394106667E2
6.600000000E0	-1.382669556E2
6.640000000E0	-1.369789289E2
6.680000000E0	-1.355831151E2
6.720000000E0	-1.339798704E2
6.760000000E0	-1.322375165E2
6.800000000E0	-1.306761429E2
6.840000000E0	-1.292866884E2
6.880000000E0	-1.278806823E2
6.920000000E0	-1.265194389E2
6.960000000E0	-1.253913125E2
7.000000000E0	-1.243718343E2
7.040000000E0	-1.231473125E2
7.080000000E0	-1.218231439E2
7.120000000E0	-1.205033857E2
7.160000000E0	-1.194520108E2
7.200000000E0	-1.187188761E2
7.240000000E0	-1.183262346E2
7.280000000E0	-1.178620892E2
7.320000000E0	-1.175714900E2
7.360000000E0	-1.173711814E2
7.400000000E0	-1.161381543E2
7.440000000E0	-1.161093470E2
7.480000000E0	-1.157726844E2
7.520000000E0	-1.153905323E2
7.560000000E0	-1.153973601E2
7.600000000E0	-1.152447074E2
7.640000000E0	-1.147732423E2
7.680000000E0	-1.139842771E2
7.720000000E0	-1.135754009E2
7.760000000E0	-1.134148170E2
7.800000000E0	-1.134863231E2
7.840000000E0	-1.135233907E2
7.880000000E0	-1.138373710E2
7.920000000E0	-1.148628815E2
7.960000000E0	-1.149014871E2
8.000000000E0	-1.165226860E2
8.040000000E0	-1.190230789E2
8.080000000E0	-1.219789091E2
8.120000000E0	-1.256801374E2
8.160000000E0	-1.299308201E2
8.200000000E0	-1.345323474E2
8.240000000E0	-1.387826504E2
8.280000000E0	-1.432621278E2
8.320000000E0	-1.479712916E2
8.360000000E0	-1.524485069E2
8.400000000E0	-1.559200446E2
8.440000000E0	-1.584684818E2
8.480000000E0	-1.605330584E2
8.520000000E0	-1.614158763E2
8.560000000E0	-1.595109958E2
8.600000000E0	-1.585835295E2
8.640000000E0	-1.579370063E2
8.680000000E0	-1.570654033E2
8.720000000E0	-1.557776276E2
8.760000000E0	-1.542804589E2
8.800000000E0	-1.525693768E2
8.840000000E0	-1.506514916E2
8.880000000E0	-1.466015290E2
8.920000000E0	-1.467296080E2
8.960000000E0	-1.446523550E2
9.000000000E0	-1.430130929E2
9.040000000E0	-1.414997413E2
9.080000000E0	-1.399376117E2
9.120000000E0	-1.385746606E2
9.160000000E0	-1.374282016E2
9.200000000E0	-1.365258983E2
9.240000000E0	-1.351910211E2
9.280000000E0	-1.332668298E2
9.320000000E0	-1.311672417E2
9.360000000E0	-1.290536863E2
9.400000000E0	-1.274806147E2
9.440000000E0	-1.240443330E2
9.480000000E0	-1.240585316E2
9.520000000E0	-1.224484831E2
9.560000000E0	-1.211545950E2
9.600000000E0	-1.201944462E2
9.640000000E0	-1.192195002E2
9.680000000E0	-1.177846008E2
9.720000000E0	-1.162286521E2
9.760000000E0	-1.137052643E2
9.800000000E0	-1.111424180E2
9.840000000E0	-1.085778062E2
9.880000000E0	-1.064017037E2
9.920000000E0	-1.052734501E2
9.960000000E0	-1.051127755E2
1.000000000E1	-1.042932022E2
1.004000000E1	-1.045284362E2
1.008000000E1	-1.047392506E2
1.012000000E1	-1.048269501E2
1.016000000E1	-1.046535423E2
1.020000000E1	-1.046091169E2
1.024000000E1	-1.045530671E2
1.028000000E1	-1.046046251E2
1.032000000E1	-1.048671231E2
1.036000000E1	-1.052177342E2
1.040000000E1	-1.062741295E2
1.044000000E1	-1.076403833E2
1.048000000E1	-1.097620754E2
1.052000000E1	-1.123185800E2
1.056000000E1	-1.155461168E2
1.060000000E1	-1.191228232E2
1.064000000E1	-1.229007922E2
1.068000000E1	-1.265071148E2
1.072000000E1	-1.301228883E2
1.076000000E1	-1.338897879E2
1.080000000E1	-1.376368260E2
1.084000000E1	-1.413072405E2
1.088000000E1	-1.448450711E2
1.092000000E1	-1.477597714E2
1.096000000E1	-1.508161060E2
1.100000000E1	-1.538425551E2
1.104000000E1	-1.562223195E2
1.108000000E1	-1.582313646E2
1.112000000E1	-1.590115421E2
1.116000000E1	-1.590908764E2
1.120000000E1	-1.583666483E2
1.124000000E1	-1.567713029E2
1.128000000E1	-1.551909686E2
1.132000000E1	-1.534360027E2
1.136000000E1	-1.515187692E2
1.140000000E1	-1.497697809E2
1.144000000E1	-1.478821393E2
1.148000000E1	-1.466611294E2
1.152000000E1	-1.458149482E2
1.156000000E1	-1.452119912E2
1.160000000E1	-1.445361231E2
1.164000000E1	-1.432687943E2
1.168000000E1	-1.416312961E2
1.172000000E1	-1.396938583E2
1.176000000E1	-1.371284636E2
1.180000000E1	-1.351341192E2
1.184000000E1	-1.333952666E2
1.188000000E1	-1.315549603E2
1.192000000E1	-1.296151959E2
1.196000000E1	-1.275620676E2
1.200000000E1	-1.232874919E2
1.204000000E1	-1.234017047E2
1.208000000E1	-1.211217008E2
1.212000000E1	-1.190733802E2
1.216000000E1	-1.173364432E2
1.220000000E1	-1.157537169E2
1.224000000E1	-1.145076916E2
1.228000000E1	-1.132577225E2
1.232000000E1	-1.122287228E2
1.236000000E1	-1.112878126E2
1.240000000E1	-1.109102447E2
1.244000000E1	-1.106781202E2
1.248000000E1	-1.106970852E2
1.252000000E1	-1.099215202E2
1.256000000E1	-1.089444256E2
1.260000000E1	-1.077007224E2
1.264000000E1	-1.063621888E2
1.268000000E1	-1.045552583E2
1.272000000E1	-1.029949841E2
1.276000000E1	-1.021951996E2
1.280000000E1	-1.021874149E2
1.284000000E1	-1.024134641E2
1.288000000E1	-1.032784548E2
1.292000000E1	-1.061133163E2
1.296000000E1	-1.060339880E2
1.300000000E1	-1.082230365E2
1.304000000E1	-1.110229675E2
1.308000000E1	-1.141925851E2
1.312000000E1	-1.176913412E2
1.316000000E1	-1.213520660E2
1.320000000E1	-1.255349844E2
1.324000000E1	-1.300624002E2
1.328000000E1	-1.349862452E2
1.332000000E1	-1.392881584E2
1.336000000E1	-1.436736757E2
1.340000000E1	-1.475446941E2
1.344000000E1	-1.510915547E2
1.348000000E1	-1.564538709E2
1.352000000E1	-1.563898279E2
1.356000000E1	-1.586523688E2
1.360000000E1	-1.604800947E2
1.364000000E1	-1.609272823E2
1.368000000E1	-1.610821240E2
1.372000000E1	-1.597500590E2
1.376000000E1	-1.588837520E2
1.380000000E1	-1.576995058E2
1.384000000E1	-1.562875542E2
1.388000000E1	-1.546395905E2
1.392000000E1	-1.526045947E2
1.396000000E1	-1.504321169E2
1.400000000E1	-1.483597763E2
1.404000000E1	-1.463132859E2
1.408000000E1	-1.441747082E2
1.412000000E1	-1.426895667E2
1.416000000E1	-1.412161616E2
1.420000000E1	-1.383287588E2
1.424000000E1	-1.383782730E2
1.428000000E1	-1.366250716E2
1.432000000E1	-1.349987587E2
1.436000000E1	-1.331827843E2
1.440000000E1	-1.313438344E2
1.444000000E1	-1.293331928E2
1.448000000E1	-1.274071488E2
1.452000000E1	-1.256581649E2
1.456000000E1	-1.240809485E2
1.460000000E1	-1.225820593E2
1.464000000E1	-1.209640748E2
1.468000000E1	-1.193240566E2
1.472000000E1	-1.177262404E2
1.476000000E1	-1.163826138E2
1.480000000E1	-1.152294910E2
1.484000000E1	-1.143935775E2
1.488000000E1	-1.143714650E2
1.492000000E1	-1.140350709E2
1.496000000E1	-1.132144504E2
1.500000000E1	-1.122070620E2
1.504000000E1	-1.115321340E2
1.508000000E1	-1.113074022E2
1.512000000E1	-1.111874118E2
1.516000000E1	-1.115999658E2
1.520000000E1	-1.119599960E2
1.524000000E1	-1.122143324E2
1.528000000E1	-1.122180926E2
1.532000000E1	-1.120340057E2
1.536000000E1	-1.117615702E2
1.540000000E1	-1.115640326E2
1.544000000E1	-1.114940173E2
1.548000000E1	-1.111456909E2
1.552000000E1	-1.108388128E2
1.556000000E1	-1.108609240E2
1.560000000E1	-1.112607346E2
1.564000000E1	-1.120782932E2
1.568000000E1	-1.160690048E2
1.572000000E1	-1.160138013E2
1.576000000E1	-1.189283496E2
1.580000000E1	-1.222530695E2
1.584000000E1	-1.263161685E2
1.588000000E1	-1.319968832E2
1.592000000E1	-1.355264997E2
1.596000000E1	-1.395273117E2
1.600000000E1	-1.437912128E2
1.604000000E1	-1.483297620E2
1.608000000E1	-1.526794711E2
1.612000000E1	-1.565323541E2
1.616000000E1	-1.594128332E2
1.620000000E1	-1.611200039E2
1.624000000E1	-1.615688571E2
1.628000000E1	-1.620805886E2
1.632000000E1	-1.623561077E2
1.636000000E1	-1.615071834E2
1.640000000E1	-1.603569219E2
1.644000000E1	-1.593531837E2
1.648000000E1	-1.580719984E2
1.652000000E1	-1.563021040E2
1.656000000E1	-1.540435082E2
1.660000000E1	-1.517762552E2
1.664000000E1	-1.494020799E2
1.668000000E1	-1.470505672E2
1.672000000E1	-1.447539185E2
1.676000000E1	-1.428328550E2
1.680000000E1	-1.409792687E2
1.684000000E1	-1.394917783E2
1.688000000E1	-1.384050176E2
1.692000000E1	-1.370210889E2
1.696000000E1	-1.354650994E2
1.700000000E1	-1.335968862E2
1.704000000E1	-1.314758827E2
1.708000000E1	-1.294470023E2
1.712000000E1	-1.276525795E2
1.716000000E1	-1.259842633E2
1.720000000E1	-1.243256470E2
1.724000000E1	-1.228610196E2
1.728000000E1	-1.218785589E2
1.732000000E1	-1.209100787E2
1.736000000E1	-1.201575023E2
1.740000000E1	-1.184168331E2
1.744000000E1	-1.185033358E2
1.748000000E1	-1.177045169E2
1.752000000E1	-1.171661004E2
1.756000000E1	-1.168504146E2
1.760000000E1	-1.163004575E2
1.764000000E1	-1.158538120E2
1.768000000E1	-1.151162838E2
1.772000000E1	-1.141830006E2
1.776000000E1	-1.127263776E2
1.780000000E1	-1.107661697E2
1.784000000E1	-1.089512940E2
1.788000000E1	-1.075666618E2
1.792000000E1	-1.070518143E2
1.796000000E1	-1.072076787E2
1.800000000E1	-1.073430478E2
1.804000000E1	-1.071846831E2
1.808000000E1	-1.073412086E2
1.812000000E1	-1.076602531E2
1.816000000E1	-1.084783916E2
1.820000000E1	-1.095930673E2
1.824000000E1	-1.108288070E2
1.828000000E1	-1.122855868E2
1.832000000E1	-1.145177249E2
1.836000000E1	-1.176047146E2
1.840000000E1	-1.212017425E2
1.844000000E1	-1.252184770E2
1.848000000E1	-1.296600759E2
1.852000000E1	-1.341140299E2
1.856000000E1	-1.382432367E2
1.860000000E1	-1.428824947E2
1.864000000E1	-1.475097598E2
1.868000000E1	-1.512855138E2
1.872000000E1	-1.543010298E2
1.876000000E1	-1.569648550E2
1.880000000E1	-1.590737323E2
1.884000000E1	-1.603234311E2
1.888000000E1	-1.607271548E2
1.892000000E1	-1.611290189E2
1.896000000E1	-1.611305162E2
1.900000000E1	-1.603357160E2
1.904000000E1	-1.595158002E2
1.908000000E1	-1.590729636E2
1.912000000E1	-1.582949348E2
1.916000000E1	-1.569698371E2
1.920000000E1	-1.552376372E2
1.924000000E1	-1.531162724E2
1.928000000E1	-1.511919163E2
1.932000000E1	-1.488976425E2
1.936000000E1	-1.467647551E2
1.940000000E1	-1.452334557E2
1.944000000E1	-1.439465525E2
1.948000000E1	-1.424674065E2
1.952000000E1	-1.414053217E2
1.956000000E1	-1.402818046E2
1.960000000E1	-1.393968685E2
1.964000000E1	-1.390104385E2
1.968000000E1	-1.379854948E2
1.972000000E1	-1.364909021E2
1.976000000E1	-1.346601985E2
1.980000000E1	-1.328209244E2
1.984000000E1	-1.310215383E2
1.988000000E1	-1.294053542E2
1.992000000E1	-1.275004901E2
1.996000000E1	-1.257162335E2
2.000000000E1	-1.239052916E2
2.004000000E1	-1.222635606E2
2.008000000E1	-1.209512844E2
2.012000000E1	-1.199674140E2
2.016000000E1	-1.189784694E2
2.020000000E1	-1.182122595E2
2.024000000E1	-1.177469890E2
2.028000000E1	-1.161622862E2
2.032000000E1	-1.161033667E2
2.036000000E1	-1.151642752E2
2.040000000E1	-1.144460819E2
2.044000000E1	-1.137471528E2
2.048000000E1	-1.129828513E2
2.052000000E1	-1.123270068E2
2.056000000E1	-1.117232583E2
2.060000000E1	-1.113549105E2
2.064000000E1	-1.112916612E2
2.068000000E1	-1.113500756E2
2.072000000E1	-1.111386483E2
2.076000000E1	-1.099903829E2
2.080000000E1	-1.100293040E2
2.084000000E1	-1.089824850E2
2.088000000E1	-1.082183931E2
2.092000000E1	-1.081512679E2
2.096000000E1	-1.086594718E2
2.100000000E1	-1.100073392E2
2.104000000E1	-1.123591778E2
2.108000000E1	-1.158149134E2
2.112000000E1	-1.201107532E2
2.116000000E1	-1.250317365E2
2.120000000E1	-1.303255669E2
2.124000000E1	-1.358875502E2
2.128000000E1	-1.419184652E2
2.132000000E1	-1.476821350E2
2.136000000E1	-1.529348049E2
2.140000000E1	-1.565603840E2
2.144000000E1	-1.587576036E2
2.148000000E1	-1.600988450E2
2.152000000E1	-1.604688314E2
2.156000000E1	-1.599658852E2
2.160000000E1	-1.572675399E2
2.164000000E1	-1.571265393E2
2.168000000E1	-1.558210602E2
2.172000000E1	-1.543677389E2
2.176000000E1	-1.529456489E2
2.180000000E1	-1.513551578E2
2.184000000E1	-1.493338562E2
2.188000000E1	-1.473321336E2
2.192000000E1	-1.455658693E2
2.196000000E1	-1.436751940E2
2.200000000E1	-1.419733122E2
2.204000000E1	-1.404389920E2
2.208000000E1	-1.389135092E2
2.212000000E1	-1.375821890E2
2.216000000E1	-1.357920332E2
2.220000000E1	-1.338189331E2
2.224000000E1	-1.318870306E2
2.228000000E1	-1.296380183E2
2.232000000E1	-1.278951433E2
2.236000000E1	-1.262879888E2
2.240000000E1	-1.246998339E2
2.244000000E1	-1.231060450E2
2.248000000E1	-1.214789988E2
2.252000000E1	-1.199746284E2
2.256000000E1	-1.185755953E2
2.260000000E1	-1.167618121E2
2.264000000E1	-1.152654408E2
2.268000000E1	-1.138933268E2
2.272000000E1	-1.126278272E2
2.276000000E1	-1.118356890E2
2.280000000E1	-1.111792396E2
2.284000000E1	-1.109175544E2
2.288000000E1	-1.105683118E2
2.292000000E1	-1.098925825E2
2.296000000E1	-1.084912626E2
2.300000000E1	-1.066603876E2
2.304000000E1	-1.048633788E2
2.308000000E1	-1.033451400E2
2.312000000E1	-1.016945793E2
2.316000000E1	-1.016957928E2
2.320000000E1	-1.014012687E2
2.324000000E1	-1.013538741E2
2.328000000E1	-1.016316588E2
2.332000000E1	-1.022979336E2
2.336000000E1	-1.030455390E2
2.340000000E1	-1.042317164E2
2.344000000E1	-1.065923975E2
2.348000000E1	-1.100553058E2
2.352000000E1	-1.145407824E2
2.356000000E1	-1.196616370E2
2.360000000E1	-1.254393851E2
2.364000000E1	-1.316460632E2
2.368000000E1	-1.373151893E2
2.372000000E1	-1.432808587E2
2.376000000E1	-1.484531458E2
2.380000000E1	-1.534273887E2
2.384000000E1	-1.572875004E2
2.388000000E1	-1.593863066E2
2.392000000E1	-1.597641057E2
2.396000000E1	-1.595377763E2
2.400000000E1	-1.590709064E2
2.404000000E1	-1.576884458E2
2.408000000E1	-1.562090744E2
2.412000000E1	-1.545182036E2
2.416000000E1	-1.524325026E2
2.420000000E1	-1.502956988E2
2.424000000E1	-1.486016888E2
2.428000000E1	-1.467887048E2
2.432000000E1	-1.451635316E2
2.436000000E1	-1.434459065E2
2.440000000E1	-1.421612234E2
2.444000000E1	-1.388075414E2
2.448000000E1	-1.388121743E2
2.452000000E1	-1.369264195E2
2.456000000E1	-1.348481670E2
2.460000000E1	-1.325402285E2
2.464000000E1	-1.302534363E2
2.468000000E1	-1.279382259E2
2.472000000E1	-1.258167540E2
2.476000000E1	-1.237280266E2
2.480000000E1	-1.220137137E2
2.484000000E1	-1.205231847E2
2.488000000E1	-1.189816850E2
2.492000000E1	-1.174335795E2
2.496000000E1	-1.158105675E2
2.500000000E1	-1.142722001E2
2.504000000E1	-1.131404410E2
2.508000000E1	-1.122134576E2
2.512000000E1	-1.113021267E2
2.516000000E1	-1.106298018E2
2.520000000E1	-1.101216659E2
2.524000000E1	-1.099571597E2
2.528000000E1	-1.097570559E2
2.532000000E1	-1.095231217E2
2.536000000E1	-1.089570263E2
2.540000000E1	-1.084099173E2
2.544000000E1	-1.075703008E2
2.548000000E1	-1.064305499E2
2.552000000E1	-1.053969526E2
2.556000000E1	-1.045790479E2
2.560000000E1	-1.044367991E2
2.564000000E1	-1.045391681E2
2.568000000E1	-1.041201912E2
2.572000000E1	-1.041371941E2
2.576000000E1	-1.039113547E2
2.580000000E1	-1.041959525E2
2.584000000E1	-1.048416184E2
2.588000000E1	-1.058878032E2
2.592000000E1	-1.075558706E2
2.596000000E1	-1.102797790E2
2.600000000E1	-1.136582105E2
2.604000000E1	-1.176422380E2
2.608000000E1	-1.222362465E2
2.612000000E1	-1.273321633E2
2.616000000E1	-1.323698541E2
2.620000000E1	-1.367737699E2
2.624000000E1	-1.407610497E2
2.628000000E1	-1.488462857E2
2.632000000E1	-1.488665079E2
2.636000000E1	-1.523467459E2
2.640000000E1	-1.558979379E2
2.644000000E1	-1.584655530E2
2.648000000E1	-1.596985604E2
2.652000000E1	-1.599487114E2
2.656000000E1	-1.599255403E2
2.660000000E1	-1.588113559E2
2.664000000E1	-1.574126093E2
2.668000000E1	-1.558145648E2
2.672000000E1	-1.540751359E2
2.676000000E1	-1.522764071E2
2.680000000E1	-1.503201487E2
2.684000000E1	-1.480300972E2
2.688000000E1	-1.459224482E2
2.692000000E1	-1.437393203E2
2.696000000E1	-1.418143115E2
2.700000000E1	-1.400286204E2
2.704000000E1	-1.383781424E2
2.708000000E1	-1.344631971E2
2.712000000E1	-1.344403859E2
2.716000000E1	-1.323771442E2
2.720000000E1	-1.297468302E2
2.724000000E1	-1.276256134E2
2.728000000E1	-1.255284686E2
2.732000000E1	-1.237031738E2
2.736000000E1	-1.218410305E2
2.740000000E1	-1.200570344E2
2.744000000E1	-1.187056625E2
2.748000000E1	-1.174372463E2
2.752000000E1	-1.150174204E2
2.756000000E1	-1.149685015E2
2.760000000E1	-1.137354075E2
2.764000000E1	-1.127362401E2
2.768000000E1	-1.116787350E2
2.772000000E1	-1.110758556E2
2.776000000E1	-1.107174334E2
2.780000000E1	-1.104387569E2
2.784000000E1	-1.094284914E2
2.788000000E1	-1.078772758E2
2.792000000E1	-1.062697211E2
2.796000000E1	-1.047307965E2
2.800000000E1	-1.038155142E2
2.804000000E1	-1.032029587E2
2.808000000E1	-1.026902273E2
2.812000000E1	-1.020299556E2
2.816000000E1	-1.013456364E2
2.820000000E1	-1.006802566E2
2.824000000E1	-1.003672129E2
2.828000000E1	-1.006430542E2
2.832000000E1	-1.016835771E2
2.836000000E1	-1.036670384E2
2.840000000E1	-1.064216666E2
2.844000000E1	-1.096518554E2
2.848000000E1	-1.128919463E2
2.852000000E1	-1.167309266E2
2.856000000E1	-1.201746833E2
2.860000000E1	-1.245260785E2
2.864000000E1	-1.290100425E2
2.868000000E1	-1.342679433E2
2.872000000E1	-1.391115088E2
2.876000000E1	-1.440351538E2
2.880000000E1	-1.483187800E2
2.884000000E1	-1.520900482E2
2.888000000E1	-1.552135955E2
2.892000000E1	-1.578446251E2
2.896000000E1	-1.595683035E2
2.900000000E1	-1.603072862E2
2.904000000E1	-1.598791084E2
2.908000000E1	-1.589797673E2
2.912000000E1	-1.583488356E2
2.916000000E1	-1.575561214E2
2.920000000E1	-1.565919118E2
2.924000000E1	-1.553558423E2
2.928000000E1	-1.534708484E2
2.932000000E1	-1.513204988E2
2.936000000E1	-1.493501364E2
2.940000000E1	-1.469768244E2
2.944000000E1	-1.450590588E2
2.948000000E1	-1.433499813E2
2.952000000E1	-1.417831490E2
2.956000000E1	-1.405103011E2
2.960000000E1	-1.393680265E2
2.964000000E1	-1.382403030E2
2.968000000E1	-1.366680659E2
2.972000000E1	-1.345080608E2
2.976000000E1	-1.322526167E2
2.980000000E1	-1.300831529E2
2.984000000E1	-1.276717906E2
2.988000000E1	-1.255586068E2
2.992000000E1	-1.233892101E2
2.996000000E1	-1.215230526E2
3.000000000E1	-1.198611620E2
3.004000000E1	-1.182108183E2
3.008000000E1	-1.171406410E2
3.012000000E1	-1.162778688E2
3.016000000E1	-1.155222104E2
3.020000000E1	-1.150093169E2
3.024000000E1	-1.138858603E2
3.028000000E1	-1.124217473E2
3.032000000E1	-1.105109994E2
3.036000000E1	-1.083675350E2
3.040000000E1	-1.056335101E2
3.044000000E1	-1.033508973E2
3.048000000E1	-1.018994308E2
3.052000000E1	-1.014513840E2
3.056000000E1	-1.011229290E2
3.060000000E1	-1.011275505E2
3.064000000E1	-1.012668403E2
3.068000000E1	-1.015438452E2
3.072000000E1	-1.016299593E2
3.076000000E1	-1.015428583E2
3.080000000E1	-1.018370673E2
3.084000000E1	-1.023708128E2
3.088000000E1	-1.026336456E2
3.092000000E1	-1.027424941E2
3.096000000E1	-1.030128194E2
3.100000000E1	-1.035789516E2
3.104000000E1	-1.052605507E2
3.108000000E1	-1.078933091E2
3.112000000E1	-1.116307947E2
3.116000000E1	-1.161771574E2
3.120000000E1	-1.209060397E2
3.124000000E1	-1.262831450E2
3.128000000E1	-1.316273712E2
3.132000000E1	-1.367154158E2
3.136000000E1	-1.415674157E2
3.140000000E1	-1.465879153E2
3.144000000E1	-1.553628448E2
3.148000000E1	-1.553225316E2
3.152000000E1	-1.575941107E2
3.156000000E1	-1.583674188E2
3.160000000E1	-1.585808246E2
3.164000000E1	-1.574869583E2
3.168000000E1	-1.568617843E2
3.172000000E1	-1.561873881E2
3.176000000E1	-1.552467912E2
3.180000000E1	-1.538901112E2
3.184000000E1	-1.517829187E2
3.188000000E1	-1.494316804E2
3.192000000E1	-1.469914909E2
3.196000000E1	-1.449029954E2
3.200000000E1	-1.424352181E2
3.204000000E1	-1.404741843E2
3.208000000E1	-1.390002637E2
3.212000000E1	-1.375634713E2
3.216000000E1	-1.363077744E2
3.220000000E1	-1.345894959E2
3.224000000E1	-1.326731160E2
3.228000000E1	-1.306597750E2
3.232000000E1	-1.286583369E2
3.236000000E1	-1.265549339E2
3.240000000E1	-1.244269865E2
3.244000000E1	-1.225265838E2
3.248000000E1	-1.207433015E2
3.252000000E1	-1.196998152E2
3.256000000E1	-1.188533475E2
3.260000000E1	-1.180407411E2
3.264000000E1	-1.168645566E2
3.268000000E1	-1.155844923E2
3.272000000E1	-1.145280563E2
3.276000000E1	-1.132508749E2
3.280000000E1	-1.133242807E2
3.284000000E1	-1.131804650E2
3.288000000E1	-1.130788874E2
3.292000000E1	-1.130649606E2
3.296000000E1	-1.128866787E2
3.300000000E1	-1.126815133E2
3.304000000E1	-1.124554332E2
3.308000000E1	-1.121189310E2
3.312000000E1	-1.116544916E2
3.316000000E1	-1.113896549E2
3.320000000E1	-1.112495662E2
3.324000000E1	-1.113324489E2
3.328000000E1	-1.111484974E2
3.332000000E1	-1.112288872E2
3.336000000E1	-1.112402904E2
3.340000000E1	-1.113674556E2
3.344000000E1	-1.117380076E2
3.348000000E1	-1.124893867E2
3.352000000E1	-1.143232991E2
3.356000000E1	-1.170251412E2
3.360000000E1	-1.205250407E2
3.364000000E1	-1.247210614E2
3.368000000E1	-1.293284169E2
3.372000000E1	-1.340603836E2
3.376000000E1	-1.388749181E2
3.380000000E1	-1.435033724E2
3.384000000E1	-1.478745725E2
3.388000000E1	-1.521628301E2
3.392000000E1	-1.556133284E2
3.396000000E1	-1.575935283E2
3.400000000E1	-1.583213489E2
3.404000000E1	-1.588214758E2
3.408000000E1	-1.589422365E2
3.412000000E1	-1.579177074E2
3.416000000E1	-1.570533316E2
3.420000000E1	-1.559687089E2
3.424000000E1	-1.546491943E2
3.428000000E1	-1.506825772E2
3.432000000E1	-1.507814014E2
3.436000000E1	-1.480516474E2
3.440000000E1	-1.456209002E2
3.444000000E1	-1.430676044E2
3.448000000E1	-1.408044835E2
3.452000000E1	-1.388794460E2
3.456000000E1	-1.371223715E2
3.460000000E1	-1.350836396E2
3.464000000E1	-1.332080124E2
3.468000000E1	-1.311277314E2
3.472000000E1	-1.289458397E2
3.476000000E1	-1.267542019E2
3.480000000E1	-1.252337412E2
3.484000000E1	-1.237487200E2
3.488000000E1	-1.223741666E2
3.492000000E1	-1.211260061E2
3.496000000E1	-1.199787251E2
3.500000000E1	-1.188847038E2
3.504000000E1	-1.177945423E2
3.508000000E1	-1.167403356E2
3.512000000E1	-1.155516836E2
3.516000000E1	-1.146843396E2
3.520000000E1	-1.136950753E2
3.524000000E1	-1.131193503E2
3.528000000E1	-1.125579516E2
3.532000000E1	-1.121106452E2
3.536000000E1	-1.117874906E2
3.540000000E1	-1.114318167E2
3.544000000E1	-1.110638681E2
3.548000000E1	-1.109608009E2
3.552000000E1	-1.106679847E2
3.556000000E1	-1.104969958E2
3.560000000E1	-1.103572261E2
3.564000000E1	-1.104153908E2
3.568000000E1	-1.104550014E2
3.572000000E1	-1.103420680E2
3.576000000E1	-1.103229615E2
3.580000000E1	-1.103448482E2
3.584000000E1	-1.103973986E2
3.588000000E1	-1.103676345E2
3.592000000E1	-1.105188241E2
3.596000000E1	-1.103148102E2
3.600000000E1	-1.101988203E2
3.604000000E1	-1.095030668E2
3.608000000E1	-1.090633289E2
3.612000000E1	-1.086478913E2
3.616000000E1	-1.088432696E2
3.620000000E1	-1.094713972E2
3.624000000E1	-1.104618606E2
3.628000000E1	-1.119837385E2
3.632000000E1	-1.140403910E2
3.636000000E1	-1.164262894E2
3.640000000E1	-1.190447942E2
3.644000000E1	-1.221171163E2
3.648000000E1	-1.255900012E2
3.652000000E1	-1.295963974E2
3.656000000E1	-1.336351968E2
3.660000000E1	-1.381691897E2
3.664000000E1	-1.422572102E2
3.668000000E1	-1.458946515E2
3.672000000E1	-1.499274656E2
3.676000000E1	-1.537558807E2
3.680000000E1	-1.566368818E2
3.684000000E1	-1.578643063E2
3.688000000E1	-1.584135943E2
3.692000000E1	-1.582453420E2
3.696000000E1	-1.567390617E2
3.700000000E1	-1.553121624E2
3.704000000E1	-1.538074626E2
3.708000000E1	-1.522765188E2
3.712000000E1	-1.505308491E2
3.716000000E1	-1.482692430E2
3.720000000E1	-1.459789122E2
3.724000000E1	-1.441328902E2
3.728000000E1	-1.422431823E2
3.732000000E1	-1.399396717E2
3.736000000E1	-1.382860383E2
3.740000000E1	-1.366170599E2
3.744000000E1	-1.347561973E2
3.748000000E1	-1.327538888E2
3.752000000E1	-1.301399368E2
3.756000000E1	-1.274017315E2
3.760000000E1	-1.249319893E2
3.764000000E1	-1.226574205E2
3.768000000E1	-1.206284233E2
3.772000000E1	-1.189757400E2
3.776000000E1	-1.174056035E2
3.780000000E1	-1.157759809E2
3.784000000E1	-1.124953404E2
3.788000000E1	-1.124946181E2
3.792000000E1	-1.110773061E2
3.796000000E1	-1.101673271E2
3.800000000E1	-1.098560256E2
3.804000000E1	-1.095941264E2
3.808000000E1	-1.094421471E2
3.812000000E1	-1.091746487E2
3.816000000E1	-1.086930607E2
3.820000000E1	-1.082104055E2
3.824000000E1	-1.076744359E2
3.828000000E1	-1.070912242E2
3.832000000E1	-1.069266872E2
3.836000000E1	-1.067632893E2
3.840000000E1	-1.068130723E2
3.844000000E1	-1.070624407E2
3.848000000E1	-1.071039698E2
3.852000000E1	-1.068799294E2
3.856000000E1	-1.067406112E2
3.860000000E1	-1.065251100E2
3.864000000E1	-1.064829157E2
3.868000000E1	-1.063054093E2
3.872000000E1	-1.062609659E2
3.876000000E1	-1.060842864E2
3.880000000E1	-1.059189877E2
3.884000000E1	-1.056546397E2
3.888000000E1	-1.054884897E2
3.892000000E1	-1.051648408E2
3.896000000E1	-1.053013458E2
3.900000000E1	-1.062480094E2
3.904000000E1	-1.078811586E2
3.908000000E1	-1.107575815E2
3.912000000E1	-1.145093626E2
3.916000000E1	-1.194495621E2
3.920000000E1	-1.245944245E2
3.924000000E1	-1.300936736E2
3.928000000E1	-1.355172560E2
3.932000000E1	-1.403963452E2
3.936000000E1	-1.447130640E2
3.940000000E1	-1.490384526E2
3.944000000E1	-1.525924101E2
3.948000000E1	-1.548242491E2
3.952000000E1	-1.556261954E2
3.956000000E1	-1.563212467E2
3.960000000E1	-1.570894241E2
3.964000000E1	-1.573326262E2
3.968000000E1	-1.574413470E2
3.972000000E1	-1.566644006E2
3.976000000E1	-1.557761492E2
3.980000000E1	-1.546919971E2
3.984000000E1	-1.536988753E2
3.988000000E1	-1.523295246E2
3.992000000E1	-1.508224420E2
3.996000000E1	-1.489549420E2
4.000000000E1	-1.468692623E2
4.004000000E1	-1.449505150E2
4.008000000E1	-1.428256093E2
4.012000000E1	-1.409049772E2
4.016000000E1	-1.393900668E2
4.020000000E1	-1.363321974E2
4.024000000E1	-1.363960818E2
4.028000000E1	-1.350940544E2
4.032000000E1	-1.334575114E2
4.036000000E1	-1.319426892E2
4.040000000E1	-1.301901901E2
4.044000000E1	-1.284320921E2
4.048000000E1	-1.266465658E2
4.052000000E1	-1.246626395E2
4.056000000E1	-1.228573640E2
4.060000000E1	-1.210030348E2
4.064000000E1	-1.191577777E2
4.068000000E1	-1.177509309E2
4.072000000E1	-1.163663678E2
4.076000000E1	-1.148736779E2
4.080000000E1	-1.135116911E2
4.084000000E1	-1.121621201E2
4.088000000E1	-1.109511574E2
4.092000000E1	-1.100360891E2
4.096000000E1	-1.095187867E2
4.100000000E1	-1.095151816E2
4.104000000E1	-1.090143000E2
4.108000000E1	-1.086314368E2
4.112000000E1	-1.077386353E2
4.116000000E1	-1.066047393E2
4.120000000E1	-1.058786774E2
4.124000000E1	-1.055586095E2
4.128000000E1	-1.058304106E2
4.132000000E1	-1.064460411E2
4.136000000E1	-1.068630651E2
4.140000000E1	-1.070626477E2
4.144000000E1	-1.069406201E2
4.148000000E1	-1.068816616E2
4.152000000E1	-1.067465370E2
4.156000000E1	-1.067408807E2
4.160000000E1	-1.065442393E2
4.164000000E1	-1.066400799E2
4.168000000E1	-1.065891259E2
4.172000000E1	-1.066762262E2
4.176000000E1	-1.069953170E2
4.180000000E1	-1.073259821E2
4.184000000E1	-1.078776037E2
4.188000000E1	-1.085513140E2
4.192000000E1	-1.097647034E2
4.196000000E1	-1.118158857E2
4.200000000E1	-1.141885693E2
4.204000000E1	-1.168230183E2
4.208000000E1	-1.198783611E2
4.212000000E1	-1.232030453E2
4.216000000E1	-1.267062851E2
4.220000000E1	-1.300669485E2
4.224000000E1	-1.338921575E2
4.228000000E1	-1.381327293E2
4.232000000E1	-1.425315562E2
4.236000000E1	-1.470350156E2
4.240000000E1	-1.507903940E2
4.244000000E1	-1.537495104E2
4.248000000E1	-1.554924839E2
4.252000000E1	-1.563924050E2
4.256000000E1	-1.558907412E2
4.260000000E1	-1.543880942E2
4.264000000E1	-1.534923705E2
4.268000000E1	-1.523721295E2
4.272000000E1	-1.512294314E2
4.276000000E1	-1.498406834E2
4.280000000E1	-1.479690091E2
4.284000000E1	-1.459868544E2
4.288000000E1	-1.442615861E2
4.292000000E1	-1.421935039E2
4.296000000E1	-1.403625316E2
4.300000000E1	-1.389349099E2
4.304000000E1	-1.372533842E2
4.308000000E1	-1.358433956E2
4.312000000E1	-1.342346250E2
4.316000000E1	-1.321793551E2
4.320000000E1	-1.300036968E2
4.324000000E1	-1.274179046E2
4.328000000E1	-1.252872658E2
4.332000000E1	-1.229495856E2
4.336000000E1	-1.207998454E2
4.340000000E1	-1.186886963E2
4.344000000E1	-1.168069056E2
4.348000000E1	-1.152720855E2
4.352000000E1	-1.137205480E2
4.356000000E1	-1.123576847E2
4.360000000E1	-1.110275071E2
4.364000000E1	-1.098612838E2
4.368000000E1	-1.094076721E2
4.372000000E1	-1.090124802E2
4.376000000E1	-1.086413586E2
4.380000000E1	-1.084376619E2
4.384000000E1	-1.079400154E2
4.388000000E1	-1.072382453E2
4.392000000E1	-1.067601048E2
4.396000000E1	-1.062224901E2
4.400000000E1	-1.060281725E2
4.404000000E1	-1.059055976E2
4.408000000E1	-1.057156752E2
4.412000000E1	-1.055887370E2
4.416000000E1	-1.057507610E2
4.420000000E1	-1.058402267E2
4.424000000E1	-1.061634765E2
4.428000000E1	-1.062467770E2
4.432000000E1	-1.062617790E2
4.436000000E1	-1.062065018E2
4.440000000E1	-1.061679222E2
4.444000000E1	-1.061867294E2
4.448000000E1	-1.061990221E2
4.452000000E1	-1.062657215E2
4.456000000E1	-1.060708765E2
4.460000000E1	-1.062100026E2
4.464000000E1	-1.056633938E2
4.468000000E1	-1.054709537E2
4.472000000E1	-1.054138215E2
4.476000000E1	-1.055259405E2
4.480000000E1	-1.059855443E2
4.484000000E1	-1.072049338E2
4.488000000E1	-1.092960996E2
4.492000000E1	-1.123974640E2
4.496000000E1	-1.164740709E2
4.500000000E1	-1.209816288E2
4.504000000E1	-1.260918269E2
4.508000000E1	-1.315081381E2
4.512000000E1	-1.371670314E2
4.516000000E1	-1.432116449E2
4.520000000E1	-1.483514356E2
4.524000000E1	-1.527707337E2
4.528000000E1	-1.559868818E2
4.532000000E1	-1.578522900E2
4.536000000E1	-1.585101698E2
4.540000000E1	-1.586201665E2
4.544000000E1	-1.576109842E2
4.548000000E1	-1.564101996E2
4.552000000E1	-1.550061250E2
4.556000000E1	-1.533614077E2
4.560000000E1	-1.516260591E2
4.564000000E1	-1.491529175E2
4.568000000E1	-1.467885250E2
4.572000000E1	-1.443745870E2
4.576000000E1	-1.420092404E2
4.580000000E1	-1.376536161E2
4.584000000E1	-1.376042913E2
4.588000000E1	-1.357899938E2
4.592000000E1	-1.345041318E2
4.596000000E1	-1.326688866E2
4.600000000E1	-1.306766912E2
4.604000000E1	-1.285643450E2
4.608000000E1	-1.260560842E2
4.612000000E1	-1.234256270E2
4.616000000E1	-1.211477696E2
4.620000000E1	-1.188633816E2
4.624000000E1	-1.163828322E2
4.628000000E1	-1.142946013E2
4.632000000E1	-1.129172409E2
4.636000000E1	-1.114222205E2
4.640000000E1	-1.100761483E2
4.644000000E1	-1.085143150E2
4.648000000E1	-1.071014755E2
4.652000000E1	-1.062915796E2
4.656000000E1	-1.060180276E2
4.660000000E1	-1.060977060E2
4.664000000E1	-1.063284794E2
4.668000000E1	-1.063710593E2
4.672000000E1	-1.062681704E2
4.676000000E1	-1.058985781E2
4.680000000E1	-1.060048447E2
4.684000000E1	-1.061242552E2
4.688000000E1	-1.061115975E2
4.692000000E1	-1.060940988E2
4.696000000E1	-1.061191192E2
4.700000000E1	-1.061369056E2
4.704000000E1	-1.061427961E2
4.708000000E1	-1.061346237E2
4.712000000E1	-1.060344996E2
4.716000000E1	-1.059005603E2
4.720000000E1	-1.058895522E2
4.724000000E1	-1.059001285E2
4.728000000E1	-1.059056426E2
4.732000000E1	-1.059115233E2
4.736000000E1	-1.058880606E2
4.740000000E1	-1.058741632E2
4.744000000E1	-1.058625142E2
4.748000000E1	-1.058461678E2
4.752000000E1	-1.058451226E2
4.756000000E1	-1.058438882E2
4.760000000E1	-1.058401716E2
4.764000000E1	-1.058323633E2
4.768000000E1	-1.058980682E2
4.772000000E1	-1.058914549E2
4.776000000E1	-1.055273033E2
4.780000000E1	-1.042635810E2
4.784000000E1	-1.024816378E2
4.788000000E1	-9.976518777E1
4.792000000E1	-9.661114693E1
4.796000000E1	-9.376615291E1
4.800000000E1	-9.161583969E1
4.804000000E1	-8.990584791E1
4.808000000E1	-8.727259996E1
4.812000000E1	-8.726072389E1
4.816000000E1	-8.574442149E1
4.820000000E1	-8.500314393E1
4.824000000E1	-8.474020927E1
4.828000000E1	-8.520780949E1
4.832000000E1	-8.642811836E1
4.836000000E1	-8.794335453E1
4.840000000E1	-8.964318189E1
