
t/1	ANGLE/1
0.000000000E0	1.002271801E1
4.000000000E-2	1.001762814E1
8.000000000E-2	1.001402821E1
1.200000000E-1	1.003147646E1
1.600000000E-1	1.003249191E1
2.000000000E-1	1.000235332E1
2.400000000E-1	9.981305688E0
2.800000000E-1	9.978884298E0
3.200000000E-1	9.982468545E0
3.600000000E-1	9.977633714E0
4.000000000E-1	9.986746612E0
4.400000000E-1	9.977871619E0
4.800000000E-1	9.974744419E0
5.200000000E-1	9.970136545E0
5.600000000E-1	9.967519525E0
6.000000000E-1	9.965994330E0
6.400000000E-1	9.964819421E0
6.800000000E-1	9.966541797E0
7.200000000E-1	9.973881986E0
7.600000000E-1	9.966325889E0
8.000000000E-1	9.965414094E0
8.400000000E-1	9.964816859E0
8.800000000E-1	9.963930092E0
9.200000000E-1	9.960324083E0
9.600000000E-1	9.956324360E0
1.000000000E0	9.954027893E0
1.040000000E0	9.949364520E0
1.080000000E0	9.946252417E0
1.120000000E0	9.934923236E0
1.160000000E0	9.915348539E0
1.200000000E0	9.905936738E0
1.240000000E0	9.895971821E0
1.280000000E0	9.910346933E0
1.320000000E0	9.917572688E0
1.360000000E0	9.921933254E0
1.400000000E0	9.931539249E0
1.440000000E0	9.942155653E0
1.480000000E0	9.960841944E0
1.520000000E0	9.962171434E0
1.560000000E0	9.968544822E0
1.600000000E0	9.979432967E0
1.640000000E0	9.971014886E0
1.680000000E0	9.970208627E0
1.720000000E0	9.972293207E0
1.760000000E0	9.950856177E0
1.800000000E0	9.898807426E0
1.840000000E0	9.163882340E0
1.880000000E0	9.164028609E0
1.920000000E0	8.723589023E0
1.960000000E0	8.719987606E0
2.000000000E0	8.912839708E0
2.040000000E0	9.287785500E0
2.080000000E0	9.656899605E0
2.120000000E0	9.988052778E0
2.160000000E0	1.093547170E1
2.200000000E0	1.560769672E1
2.240000000E0	1.562446656E1
2.280000000E0	1.975091254E1
2.320000000E0	2.487945142E1
2.360000000E0	3.105772523E1
2.400000000E0	3.787079645E1
2.440000000E0	4.485457121E1
2.480000000E0	5.166463971E1
2.520000000E0	5.770113233E1
2.560000000E0	6.305164637E1
2.600000000E0	6.750622085E1
2.640000000E0	7.100119502E1
2.680000000E0	7.370561168E1
2.720000000E0	7.569077422E1
2.760000000E0	7.739439448E1
2.800000000E0	7.842346449E1
2.840000000E0	7.890271223E1
2.880000000E0	7.875888440E1
2.920000000E0	7.839532074E1
2.960000000E0	7.809647406E1
3.000000000E0	7.768954403E1
3.040000000E0	7.700128373E1
3.080000000E0	7.678558023E1
3.120000000E0	7.665532265E1
3.160000000E0	7.632644731E1
3.200000000E0	7.594153448E1
3.240000000E0	7.512662401E1
3.280000000E0	7.404949427E1
3.320000000E0	7.271130862E1
3.360000000E0	7.102935574E1
3.400000000E0	6.911867099E1
3.440000000E0	6.677086618E1
3.480000000E0	6.440822998E1
3.520000000E0	6.209045371E1
3.560000000E0	5.976709423E1
3.600000000E0	5.773831431E1
3.640000000E0	5.609566466E1
3.680000000E0	5.435797739E1
3.720000000E0	5.273951543E1
3.760000000E0	5.139579414E1
3.800000000E0	4.980146039E1
3.840000000E0	4.622263144E1
3.880000000E0	4.620424422E1
3.920000000E0	4.421190120E1
3.960000000E0	4.201967870E1
4.000000000E0	4.007572764E1
4.040000000E0	3.821302166E1
4.080000000E0	3.656130456E1
4.120000000E0	3.502312054E1
4.160000000E0	3.377735547E1
4.200000000E0	3.289203520E1
4.240000000E0	3.224974788E1
4.280000000E0	3.168426439E1
4.320000000E0	3.131974503E1
4.360000000E0	3.101171232E1
4.400000000E0	3.095569472E1
4.440000000E0	3.095190161E1
4.480000000E0	3.096105228E1
4.520000000E0	3.093552573E1
4.560000000E0	3.087175534E1
4.600000000E0	3.084415277E1
4.640000000E0	3.078242995E1
4.680000000E0	3.067896336E1
4.720000000E0	3.066375075E1
4.760000000E0	3.072266674E1
4.800000000E0	3.079958030E1
4.840000000E0	3.096290510E1
4.880000000E0	3.107638793E1
4.920000000E0	3.128383276E1
4.960000000E0	3.163187936E1
5.000000000E0	3.198393822E1
5.040000000E0	3.263296200E1
5.080000000E0	3.333412321E1
5.120000000E0	3.447675044E1
5.160000000E0	3.589206840E1
5.200000000E0	3.764499059E1
5.240000000E0	3.962940703E1
5.280000000E0	4.216832347E1
5.320000000E0	4.524859783E1
5.360000000E0	4.867087291E1
5.400000000E0	5.232804037E1
5.440000000E0	5.617499158E1
5.480000000E0	6.002295189E1
5.520000000E0	6.371199608E1
5.560000000E0	6.725543979E1
5.600000000E0	7.056077643E1
5.640000000E0	7.355714386E1
5.680000000E0	7.608365733E1
5.720000000E0	7.810629791E1
5.760000000E0	7.939765853E1
5.800000000E0	7.997939955E1
5.840000000E0	8.002030462E1
5.880000000E0	7.972787676E1
5.920000000E0	7.920272801E1
5.960000000E0	7.843974351E1
6.000000000E0	7.782965473E1
6.040000000E0	7.704846395E1
6.080000000E0	7.583646217E1
6.120000000E0	7.423942718E1
6.160000000E0	7.257190059E1
6.200000000E0	7.066435407E1
6.240000000E0	6.859021178E1
6.280000000E0	6.640756229E1
6.320000000E0	6.406535289E1
6.360000000E0	6.185562698E1
6.400000000E0	5.987459295E1
6.440000000E0	5.804455943E1
6.480000000E0	5.628940732E1
6.520000000E0	5.468778929E1
6.560000000E0	5.328854002E1
6.600000000E0	5.201865333E1
6.640000000E0	5.059170883E1
6.680000000E0	4.900395583E1
6.720000000E0	4.736090657E1
6.760000000E0	4.561177089E1
6.800000000E0	4.389613773E1
6.840000000E0	4.229788109E1
6.880000000E0	4.081109115E1
6.920000000E0	3.938578648E1
6.960000000E0	3.820384772E1
7.000000000E0	3.716028649E1
7.040000000E0	3.603973595E1
7.080000000E0	3.491040503E1
7.120000000E0	3.384650094E1
7.160000000E0	3.289372915E1
7.200000000E0	3.223915291E1
7.240000000E0	3.181598958E1
7.280000000E0	3.152853680E1
7.320000000E0	3.125947635E1
7.360000000E0	3.109324289E1
7.400000000E0	3.042838008E1
7.440000000E0	3.040764721E1
7.480000000E0	3.016742186E1
7.520000000E0	2.992944705E1
7.560000000E0	2.989781367E1
7.600000000E0	2.976207288E1
7.640000000E0	2.949497897E1
7.680000000E0	2.930572397E1
7.720000000E0	2.931183923E1
7.760000000E0	2.992070075E1
7.800000000E0	3.106631409E1
7.840000000E0	3.284785814E1
7.880000000E0	3.521714902E1
7.920000000E0	4.110302238E1
7.960000000E0	4.111071945E1
8.000000000E0	4.493803081E1
8.040000000E0	4.923117648E1
8.080000000E0	5.376217814E1
8.120000000E0	5.844751745E1
8.160000000E0	6.305439333E1
8.200000000E0	6.718588786E1
8.240000000E0	7.058431670E1
8.280000000E0	7.332587209E1
8.320000000E0	7.570559465E1
8.360000000E0	7.745650041E1
8.400000000E0	7.836489459E1
8.440000000E0	7.847945885E1
8.480000000E0	7.829250314E1
8.520000000E0	7.762690515E1
8.560000000E0	7.642079714E1
8.600000000E0	7.582461075E1
8.640000000E0	7.496610203E1
8.680000000E0	7.367646094E1
8.720000000E0	7.230997881E1
8.760000000E0	7.074223495E1
8.800000000E0	6.908233386E1
8.840000000E0	6.725177031E1
8.880000000E0	6.314539466E1
8.920000000E0	6.318486006E1
8.960000000E0	6.115985744E1
9.000000000E0	5.922600057E1
9.040000000E0	5.735539609E1
9.080000000E0	5.549289830E1
9.120000000E0	5.379005655E1
9.160000000E0	5.236182036E1
9.200000000E0	5.095712141E1
9.240000000E0	4.937364404E1
9.280000000E0	4.738181444E1
9.320000000E0	4.526083314E1
9.360000000E0	4.309063553E1
9.400000000E0	4.108581385E1
9.440000000E0	3.729371155E1
9.480000000E0	3.727238914E1
9.520000000E0	3.563411304E1
9.560000000E0	3.418958783E1
9.600000000E0	3.313153796E1
9.640000000E0	3.218676671E1
9.680000000E0	3.116290779E1
9.720000000E0	3.007057017E1
9.760000000E0	2.855847739E1
9.800000000E0	2.668745902E1
9.840000000E0	2.461170494E1
9.880000000E0	2.254853276E1
9.920000000E0	2.084567193E1
9.960000000E0	1.964297150E1
1.000000000E1	1.872965030E1
1.004000000E1	1.864122935E1
1.008000000E1	1.884430766E1
1.012000000E1	1.923051473E1
1.016000000E1	1.960536703E1
1.020000000E1	2.014813244E1
1.024000000E1	2.077635271E1
1.028000000E1	2.172864252E1
1.032000000E1	2.306122040E1
1.036000000E1	2.472967621E1
1.040000000E1	2.709901320E1
1.044000000E1	3.006277128E1
1.048000000E1	3.375423107E1
1.052000000E1	3.799979055E1
1.056000000E1	4.273951151E1
1.060000000E1	4.770659684E1
1.064000000E1	5.258012905E1
1.068000000E1	5.698756544E1
1.072000000E1	6.102009773E1
1.076000000E1	6.467366220E1
1.080000000E1	6.785601954E1
1.084000000E1	7.055205751E1
1.088000000E1	7.275158188E1
1.092000000E1	7.435345716E1
1.096000000E1	7.578262668E1
1.100000000E1	7.699201599E1
1.104000000E1	7.760711550E1
1.108000000E1	7.790718724E1
1.112000000E1	7.752885766E1
1.116000000E1	7.689160489E1
1.120000000E1	7.599973842E1
1.124000000E1	7.498209767E1
1.128000000E1	7.367785835E1
1.132000000E1	7.196151535E1
1.136000000E1	6.993974207E1
1.140000000E1	6.793433871E1
1.144000000E1	6.570302507E1
1.148000000E1	6.377468696E1
1.152000000E1	6.193205186E1
1.156000000E1	6.032806072E1
1.160000000E1	5.892297150E1
1.164000000E1	5.737000124E1
1.168000000E1	5.579305249E1
1.172000000E1	5.406021800E1
1.176000000E1	5.208765664E1
1.180000000E1	5.020275058E1
1.184000000E1	4.836503242E1
1.188000000E1	4.654357963E1
1.192000000E1	4.456275172E1
1.196000000E1	4.253425201E1
1.200000000E1	3.795777455E1
1.204000000E1	3.798307056E1
1.208000000E1	3.576279689E1
1.212000000E1	3.387364156E1
1.216000000E1	3.223545989E1
1.220000000E1	3.083072266E1
1.224000000E1	2.983370924E1
1.228000000E1	2.882190363E1
1.232000000E1	2.801620815E1
1.236000000E1	2.732667404E1
1.240000000E1	2.703103301E1
1.244000000E1	2.705623640E1
1.248000000E1	2.708451148E1
1.252000000E1	2.684379786E1
1.256000000E1	2.651326162E1
1.260000000E1	2.604842196E1
1.264000000E1	2.547321732E1
1.268000000E1	2.470462412E1
1.272000000E1	2.382393058E1
1.276000000E1	2.330088532E1
1.280000000E1	2.332708387E1
1.284000000E1	2.383065244E1
1.288000000E1	2.507520960E1
1.292000000E1	2.955163811E1
1.296000000E1	2.951840293E1
1.300000000E1	3.266152367E1
1.304000000E1	3.649659572E1
1.308000000E1	4.073705222E1
1.312000000E1	4.519311323E1
1.316000000E1	4.964324307E1
1.320000000E1	5.400630831E1
1.324000000E1	5.835684714E1
1.328000000E1	6.246557744E1
1.332000000E1	6.599739459E1
1.336000000E1	6.926774824E1
1.340000000E1	7.188440666E1
1.344000000E1	7.420305842E1
1.348000000E1	7.713714231E1
1.352000000E1	7.706040314E1
1.356000000E1	7.776027395E1
1.360000000E1	7.798896186E1
1.364000000E1	7.741617449E1
1.368000000E1	7.672139321E1
1.372000000E1	7.574637361E1
1.376000000E1	7.494082424E1
1.380000000E1	7.354340412E1
1.384000000E1	7.181043172E1
1.388000000E1	7.000357868E1
1.392000000E1	6.779008741E1
1.396000000E1	6.550340961E1
1.400000000E1	6.317708182E1
1.404000000E1	6.077896585E1
1.408000000E1	5.826559262E1
1.412000000E1	5.631605201E1
1.416000000E1	5.443480474E1
1.420000000E1	5.089883105E1
1.424000000E1	5.091253020E1
1.428000000E1	4.897644855E1
1.432000000E1	4.719995086E1
1.436000000E1	4.528729798E1
1.440000000E1	4.328778389E1
1.444000000E1	4.126660522E1
1.448000000E1	3.934667894E1
1.452000000E1	3.758438180E1
1.456000000E1	3.601057882E1
1.460000000E1	3.461275379E1
1.464000000E1	3.319872898E1
1.468000000E1	3.191199970E1
1.472000000E1	3.065773928E1
1.476000000E1	2.969438409E1
1.480000000E1	2.894908315E1
1.484000000E1	2.849924844E1
1.488000000E1	2.852788423E1
1.492000000E1	2.847221905E1
1.496000000E1	2.810410510E1
1.500000000E1	2.754406829E1
1.504000000E1	2.701122958E1
1.508000000E1	2.667478202E1
1.512000000E1	2.643810122E1
1.516000000E1	2.656360806E1
1.520000000E1	2.669553028E1
1.524000000E1	2.679940740E1
1.528000000E1	2.679547838E1
1.532000000E1	2.674087607E1
1.536000000E1	2.661328427E1
1.540000000E1	2.660476310E1
1.544000000E1	2.679267389E1
1.548000000E1	2.708716107E1
1.552000000E1	2.768446722E1
1.556000000E1	2.888784417E1
1.560000000E1	3.083471627E1
1.564000000E1	3.346200046E1
1.568000000E1	4.090425148E1
1.572000000E1	4.089609476E1
1.576000000E1	4.536574020E1
1.580000000E1	5.012114547E1
1.584000000E1	5.488787867E1
1.588000000E1	6.071553482E1
1.592000000E1	6.422774730E1
1.596000000E1	6.747322877E1
1.600000000E1	7.026816403E1
1.604000000E1	7.276725028E1
1.608000000E1	7.479514264E1
1.612000000E1	7.628154295E1
1.616000000E1	7.705605955E1
1.620000000E1	7.722631048E1
1.624000000E1	7.684190911E1
1.628000000E1	7.649150476E1
1.632000000E1	7.574587101E1
1.636000000E1	7.461195280E1
1.640000000E1	7.367214370E1
1.644000000E1	7.277408731E1
1.648000000E1	7.135016540E1
1.652000000E1	6.973377679E1
1.656000000E1	6.773422081E1
1.660000000E1	6.571335288E1
1.664000000E1	6.354232084E1
1.668000000E1	6.122245722E1
1.672000000E1	5.890264034E1
1.676000000E1	5.686912797E1
1.680000000E1	5.483222969E1
1.684000000E1	5.310241348E1
1.688000000E1	5.161982672E1
1.692000000E1	4.996529482E1
1.696000000E1	4.825768261E1
1.700000000E1	4.640997732E1
1.704000000E1	4.431751813E1
1.708000000E1	4.231877066E1
1.712000000E1	4.047055737E1
1.716000000E1	3.868861795E1
1.720000000E1	3.704857750E1
1.724000000E1	3.564487770E1
1.728000000E1	3.460900102E1
1.732000000E1	3.366527986E1
1.736000000E1	3.295574938E1
1.740000000E1	3.160584040E1
1.744000000E1	3.160719766E1
1.748000000E1	3.104362832E1
1.752000000E1	3.069559088E1
1.756000000E1	3.051849648E1
1.760000000E1	3.025839702E1
1.764000000E1	3.011154008E1
1.768000000E1	2.980613169E1
1.772000000E1	2.945421577E1
1.776000000E1	2.887607489E1
1.780000000E1	2.796008931E1
1.784000000E1	2.691638556E1
1.788000000E1	2.592563691E1
1.792000000E1	2.511356475E1
1.796000000E1	2.465480855E1
1.800000000E1	2.455263755E1
1.804000000E1	2.467791111E1
1.808000000E1	2.537366786E1
1.812000000E1	2.653156730E1
1.816000000E1	2.852237096E1
1.820000000E1	3.116909804E1
1.824000000E1	3.440216018E1
1.828000000E1	3.809043780E1
1.832000000E1	4.228462333E1
1.836000000E1	4.696272876E1
1.840000000E1	5.177587442E1
1.844000000E1	5.661965890E1
1.848000000E1	6.119120455E1
1.852000000E1	6.516710051E1
1.856000000E1	6.850068634E1
1.860000000E1	7.132701202E1
1.864000000E1	7.373184437E1
1.868000000E1	7.541983704E1
1.872000000E1	7.649032619E1
1.876000000E1	7.720835180E1
1.880000000E1	7.741467905E1
1.884000000E1	7.723725695E1
1.888000000E1	7.672761618E1
1.892000000E1	7.630557717E1
1.896000000E1	7.565175481E1
1.900000000E1	7.482511080E1
1.904000000E1	7.418914264E1
1.908000000E1	7.349640903E1
1.912000000E1	7.248432436E1
1.916000000E1	7.112210403E1
1.920000000E1	6.945659387E1
1.924000000E1	6.758126453E1
1.928000000E1	6.569164307E1
1.932000000E1	6.356726403E1
1.936000000E1	6.153038939E1
1.940000000E1	5.985660006E1
1.944000000E1	5.830683735E1
1.948000000E1	5.655289240E1
1.952000000E1	5.511314486E1
1.956000000E1	5.368701211E1
1.960000000E1	5.257452667E1
1.964000000E1	5.175410279E1
1.968000000E1	5.048570290E1
1.972000000E1	4.895680653E1
1.976000000E1	4.722508509E1
1.980000000E1	4.533172781E1
1.984000000E1	4.345375332E1
1.988000000E1	4.164670638E1
1.992000000E1	3.969533006E1
1.996000000E1	3.785081596E1
2.000000000E1	3.609393741E1
2.004000000E1	3.452861495E1
2.008000000E1	3.324366264E1
2.012000000E1	3.231061300E1
2.016000000E1	3.151188590E1
2.020000000E1	3.087734772E1
2.024000000E1	3.049094414E1
2.028000000E1	2.938412786E1
2.032000000E1	2.939023743E1
2.036000000E1	2.876401492E1
2.040000000E1	2.827499906E1
2.044000000E1	2.776266140E1
2.048000000E1	2.722483099E1
2.052000000E1	2.674565036E1
2.056000000E1	2.628686266E1
2.060000000E1	2.602757341E1
2.064000000E1	2.604156156E1
2.068000000E1	2.633013970E1
2.072000000E1	2.662008855E1
2.076000000E1	2.792652409E1
2.080000000E1	2.792598230E1
2.084000000E1	2.921073910E1
2.088000000E1	3.118567194E1
2.092000000E1	3.399432575E1
2.096000000E1	3.752167005E1
2.100000000E1	4.173190975E1
2.104000000E1	4.640748272E1
2.108000000E1	5.150610638E1
2.112000000E1	5.654483169E1
2.116000000E1	6.128748825E1
2.120000000E1	6.547632336E1
2.124000000E1	6.913074538E1
2.128000000E1	7.223963413E1
2.132000000E1	7.483268159E1
2.136000000E1	7.679343936E1
2.140000000E1	7.798474819E1
2.144000000E1	7.846575413E1
2.148000000E1	7.848898293E1
2.152000000E1	7.815795746E1
2.156000000E1	7.746088086E1
2.160000000E1	7.547420762E1
2.164000000E1	7.546104239E1
2.168000000E1	7.414958711E1
2.172000000E1	7.253870196E1
2.176000000E1	7.088929249E1
2.180000000E1	6.899948399E1
2.184000000E1	6.692334961E1
2.188000000E1	6.470498957E1
2.192000000E1	6.264704185E1
2.196000000E1	6.046744766E1
2.200000000E1	5.837392302E1
2.204000000E1	5.646908927E1
2.208000000E1	5.452265303E1
2.212000000E1	5.271494567E1
2.216000000E1	5.072943563E1
2.220000000E1	4.866236886E1
2.224000000E1	4.661991766E1
2.228000000E1	4.439277916E1
2.232000000E1	4.242823771E1
2.236000000E1	4.062334489E1
2.240000000E1	3.881789834E1
2.244000000E1	3.712707175E1
2.248000000E1	3.552668417E1
2.252000000E1	3.410424468E1
2.256000000E1	3.276919822E1
2.260000000E1	3.142030997E1
2.264000000E1	3.025716364E1
2.268000000E1	2.914898903E1
2.272000000E1	2.818508357E1
2.276000000E1	2.743753899E1
2.280000000E1	2.684131415E1
2.284000000E1	2.641118089E1
2.288000000E1	2.619489526E1
2.292000000E1	2.597789913E1
2.296000000E1	2.542774355E1
2.300000000E1	2.455781434E1
2.304000000E1	2.353560890E1
2.308000000E1	2.256335678E1
2.312000000E1	2.116978233E1
2.316000000E1	2.117767766E1
2.320000000E1	2.113862218E1
2.324000000E1	2.172835182E1
2.328000000E1	2.300628256E1
2.332000000E1	2.505780547E1
2.336000000E1	2.780332870E1
2.340000000E1	3.140201701E1
2.344000000E1	3.587578599E1
2.348000000E1	4.113751338E1
2.352000000E1	4.686084211E1
2.356000000E1	5.273658351E1
2.360000000E1	5.834873101E1
2.364000000E1	6.336257698E1
2.368000000E1	6.756004545E1
2.372000000E1	7.110557118E1
2.376000000E1	7.380922396E1
2.380000000E1	7.598039745E1
2.384000000E1	7.735252467E1
2.388000000E1	7.774906852E1
2.392000000E1	7.735422558E1
2.396000000E1	7.679338523E1
2.400000000E1	7.600847892E1
2.404000000E1	7.478274206E1
2.408000000E1	7.331131088E1
2.412000000E1	7.166944733E1
2.416000000E1	6.950676790E1
2.420000000E1	6.735184055E1
2.424000000E1	6.519949831E1
2.428000000E1	6.298080894E1
2.432000000E1	6.086991917E1
2.436000000E1	5.859539412E1
2.440000000E1	5.649414018E1
2.444000000E1	5.230621495E1
2.448000000E1	5.229141011E1
2.452000000E1	5.021497494E1
2.456000000E1	4.799064033E1
2.460000000E1	4.569907745E1
2.464000000E1	4.340229403E1
2.468000000E1	4.111638656E1
2.472000000E1	3.894302396E1
2.476000000E1	3.690195664E1
2.480000000E1	3.512207480E1
2.484000000E1	3.364655231E1
2.488000000E1	3.230403109E1
2.492000000E1	3.110039849E1
2.496000000E1	2.986691565E1
2.500000000E1	2.880423477E1
2.504000000E1	2.803326023E1
2.508000000E1	2.738811950E1
2.512000000E1	2.683464300E1
2.516000000E1	2.638686532E1
2.520000000E1	2.609831050E1
2.524000000E1	2.600786956E1
2.528000000E1	2.595080330E1
2.532000000E1	2.586237291E1
2.536000000E1	2.561996935E1
2.540000000E1	2.520899518E1
2.544000000E1	2.471757671E1
2.548000000E1	2.402318174E1
2.552000000E1	2.351204143E1
2.556000000E1	2.308988973E1
2.560000000E1	2.302871727E1
2.564000000E1	2.334880051E1
2.568000000E1	2.483620598E1
2.572000000E1	2.488348874E1
2.576000000E1	2.633425819E1
2.580000000E1	2.856999107E1
2.584000000E1	3.150820948E1
2.588000000E1	3.505972670E1
2.592000000E1	3.922659217E1
2.596000000E1	4.392088717E1
2.600000000E1	4.887086282E1
2.604000000E1	5.382657654E1
2.608000000E1	5.857076936E1
2.612000000E1	6.295258761E1
2.616000000E1	6.651555512E1
2.620000000E1	6.927671474E1
2.624000000E1	7.146305347E1
2.628000000E1	7.502216576E1
2.632000000E1	7.506012387E1
2.636000000E1	7.622380022E1
2.640000000E1	7.718305307E1
2.644000000E1	7.756593476E1
2.648000000E1	7.727735330E1
2.652000000E1	7.659397718E1
2.656000000E1	7.567371831E1
2.660000000E1	7.463535249E1
2.664000000E1	7.348563242E1
2.668000000E1	7.201130541E1
2.672000000E1	7.016998143E1
2.676000000E1	6.832979175E1
2.680000000E1	6.611691347E1
2.684000000E1	6.377472167E1
2.688000000E1	6.131600923E1
2.692000000E1	5.886986951E1
2.696000000E1	5.654591682E1
2.700000000E1	5.436625880E1
2.704000000E1	5.241399434E1
2.708000000E1	4.817759008E1
2.712000000E1	4.821819616E1
2.716000000E1	4.600863111E1
2.720000000E1	4.364712757E1
2.724000000E1	4.140819050E1
2.728000000E1	3.917406577E1
2.732000000E1	3.709236096E1
2.736000000E1	3.520054787E1
2.740000000E1	3.362170986E1
2.744000000E1	3.236262210E1
2.748000000E1	3.123006457E1
2.752000000E1	2.919432635E1
2.756000000E1	2.919905095E1
2.760000000E1	2.821106954E1
2.764000000E1	2.742533425E1
2.768000000E1	2.670115066E1
2.772000000E1	2.624497734E1
2.776000000E1	2.590868774E1
2.780000000E1	2.566412277E1
2.784000000E1	2.525559725E1
2.788000000E1	2.462344067E1
2.792000000E1	2.375035143E1
2.796000000E1	2.274170274E1
2.800000000E1	2.189771669E1
2.804000000E1	2.143326741E1
2.808000000E1	2.129983444E1
2.812000000E1	2.163192281E1
2.816000000E1	2.257787563E1
2.820000000E1	2.392926664E1
2.824000000E1	2.595417078E1
2.828000000E1	2.856106852E1
2.832000000E1	3.178763941E1
2.836000000E1	3.564307114E1
2.840000000E1	3.973313312E1
2.844000000E1	4.397231367E1
2.848000000E1	4.796528936E1
2.852000000E1	5.271454065E1
2.856000000E1	5.610847279E1
2.860000000E1	5.958773527E1
2.864000000E1	6.279623884E1
2.868000000E1	6.600777903E1
2.872000000E1	6.885800536E1
2.876000000E1	7.139930639E1
2.880000000E1	7.340182737E1
2.884000000E1	7.504828284E1
2.888000000E1	7.621743289E1
2.892000000E1	7.700559647E1
2.896000000E1	7.721822191E1
2.900000000E1	7.683554824E1
2.904000000E1	7.627338435E1
2.908000000E1	7.570367396E1
2.912000000E1	7.496748985E1
2.916000000E1	7.394149699E1
2.920000000E1	7.257442537E1
2.924000000E1	7.101073201E1
2.928000000E1	6.907952784E1
2.932000000E1	6.700472508E1
2.936000000E1	6.490164065E1
2.940000000E1	6.245066041E1
2.944000000E1	6.030615560E1
2.948000000E1	5.823494565E1
2.952000000E1	5.630078505E1
2.956000000E1	5.468356957E1
2.960000000E1	5.317649118E1
2.964000000E1	5.172159057E1
2.968000000E1	5.017114729E1
2.972000000E1	4.816503318E1
2.976000000E1	4.610855344E1
2.980000000E1	4.397993049E1
2.984000000E1	4.161320804E1
2.988000000E1	3.933134284E1
2.992000000E1	3.703730336E1
2.996000000E1	3.503187299E1
3.000000000E1	3.335715517E1
3.004000000E1	3.194570626E1
3.008000000E1	3.084452599E1
3.012000000E1	3.005926105E1
3.016000000E1	2.941266428E1
3.020000000E1	2.896655088E1
3.024000000E1	2.833250970E1
3.028000000E1	2.746747967E1
3.032000000E1	2.612149614E1
3.036000000E1	2.454450404E1
3.040000000E1	2.263161246E1
3.044000000E1	2.088191736E1
3.048000000E1	1.929872861E1
3.052000000E1	1.829787222E1
3.056000000E1	1.779500271E1
3.060000000E1	1.780433121E1
3.064000000E1	1.786225001E1
3.068000000E1	1.816473823E1
3.072000000E1	1.838647537E1
3.076000000E1	1.874623889E1
3.080000000E1	1.944655572E1
3.084000000E1	2.056859200E1
3.088000000E1	2.195766173E1
3.092000000E1	2.377872181E1
3.096000000E1	2.613483117E1
3.100000000E1	2.915948723E1
3.104000000E1	3.303544448E1
3.108000000E1	3.759818373E1
3.112000000E1	4.286023222E1
3.116000000E1	4.850197567E1
3.120000000E1	5.398796568E1
3.124000000E1	5.930613760E1
3.128000000E1	6.387755062E1
3.132000000E1	6.749502555E1
3.136000000E1	7.048614041E1
3.140000000E1	7.300800403E1
3.144000000E1	7.611331032E1
3.148000000E1	7.607789639E1
3.152000000E1	7.645411732E1
3.156000000E1	7.619418418E1
3.160000000E1	7.573666560E1
3.164000000E1	7.509644133E1
3.168000000E1	7.454540989E1
3.172000000E1	7.363042634E1
3.176000000E1	7.240251119E1
3.180000000E1	7.079290378E1
3.184000000E1	6.875784001E1
3.188000000E1	6.661455203E1
3.192000000E1	6.427256965E1
3.196000000E1	6.196552549E1
3.200000000E1	5.940754009E1
3.204000000E1	5.713792741E1
3.208000000E1	5.518925974E1
3.212000000E1	5.327389552E1
3.216000000E1	5.150176171E1
3.220000000E1	4.952848895E1
3.224000000E1	4.745473851E1
3.228000000E1	4.523360953E1
3.232000000E1	4.304567273E1
3.236000000E1	4.085380430E1
3.240000000E1	3.861090704E1
3.244000000E1	3.655368488E1
3.248000000E1	3.478175564E1
3.252000000E1	3.360384447E1
3.256000000E1	3.277489958E1
3.260000000E1	3.206624633E1
3.264000000E1	3.130151605E1
3.268000000E1	3.056002660E1
3.272000000E1	2.999995437E1
3.276000000E1	2.930596001E1
3.280000000E1	2.930570864E1
3.284000000E1	2.921336465E1
3.288000000E1	2.918283320E1
3.292000000E1	2.919177746E1
3.296000000E1	2.913261639E1
3.300000000E1	2.908198266E1
3.304000000E1	2.901152267E1
3.308000000E1	2.887116218E1
3.312000000E1	2.873091041E1
3.316000000E1	2.862652633E1
3.320000000E1	2.859616844E1
3.324000000E1	2.865406301E1
3.328000000E1	2.888483738E1
3.332000000E1	2.958494092E1
3.336000000E1	3.096570170E1
3.340000000E1	3.279007805E1
3.344000000E1	3.531053157E1
3.348000000E1	3.844489676E1
3.352000000E1	4.218200879E1
3.356000000E1	4.648777772E1
3.360000000E1	5.115392891E1
3.364000000E1	5.590376463E1
3.368000000E1	6.034887754E1
3.372000000E1	6.439295799E1
3.376000000E1	6.803930939E1
3.380000000E1	7.106482821E1
3.384000000E1	7.343812519E1
3.388000000E1	7.544833839E1
3.392000000E1	7.677230675E1
3.396000000E1	7.713043781E1
3.400000000E1	7.685643552E1
3.404000000E1	7.638635073E1
3.408000000E1	7.577084415E1
3.412000000E1	7.491172386E1
3.416000000E1	7.402132006E1
3.420000000E1	7.288163628E1
3.424000000E1	7.126339280E1
3.428000000E1	6.691804829E1
3.432000000E1	6.698320653E1
3.436000000E1	6.419535661E1
3.440000000E1	6.157294882E1
3.444000000E1	5.881167158E1
3.448000000E1	5.623902572E1
3.452000000E1	5.397122687E1
3.456000000E1	5.181133935E1
3.460000000E1	4.961933005E1
3.464000000E1	4.759427324E1
3.468000000E1	4.548752886E1
3.472000000E1	4.336640878E1
3.476000000E1	4.130122517E1
3.480000000E1	3.961529577E1
3.484000000E1	3.806333456E1
3.488000000E1	3.668743324E1
3.492000000E1	3.551782041E1
3.496000000E1	3.447276416E1
3.500000000E1	3.353416865E1
3.504000000E1	3.275091732E1
3.508000000E1	3.195311522E1
3.512000000E1	3.112227268E1
3.516000000E1	3.037475535E1
3.520000000E1	2.962739911E1
3.524000000E1	2.913274764E1
3.528000000E1	2.876386954E1
3.532000000E1	2.842332324E1
3.536000000E1	2.837929075E1
3.540000000E1	2.831324698E1
3.544000000E1	2.821656205E1
3.548000000E1	2.813082721E1
3.552000000E1	2.798584091E1
3.556000000E1	2.789518895E1
3.560000000E1	2.780146400E1
3.564000000E1	2.781919702E1
3.568000000E1	2.779923878E1
3.572000000E1	2.776013058E1
3.576000000E1	2.775872817E1
3.580000000E1	2.774114192E1
3.584000000E1	2.775464951E1
3.588000000E1	2.784180034E1
3.592000000E1	2.799372655E1
3.596000000E1	2.802437584E1
3.600000000E1	2.824500987E1
3.604000000E1	2.838019717E1
3.608000000E1	2.895115588E1
3.612000000E1	2.979878633E1
3.616000000E1	3.134724754E1
3.620000000E1	3.349979559E1
3.624000000E1	3.637346049E1
3.628000000E1	3.974262189E1
3.632000000E1	4.354456226E1
3.636000000E1	4.751903107E1
3.640000000E1	5.143473036E1
3.644000000E1	5.526201583E1
3.648000000E1	5.893118299E1
3.652000000E1	6.245718450E1
3.656000000E1	6.544407326E1
3.660000000E1	6.827438364E1
3.664000000E1	7.060983016E1
3.668000000E1	7.250127675E1
3.672000000E1	7.431635315E1
3.676000000E1	7.585020133E1
3.680000000E1	7.662049712E1
3.684000000E1	7.647108452E1
3.688000000E1	7.584327730E1
3.692000000E1	7.492612487E1
3.696000000E1	7.375742402E1
3.700000000E1	7.246368538E1
3.704000000E1	7.075387771E1
3.708000000E1	6.872974338E1
3.712000000E1	6.646766772E1
3.716000000E1	6.394239792E1
3.720000000E1	6.122887001E1
3.724000000E1	5.886448136E1
3.728000000E1	5.629914284E1
3.732000000E1	5.385772138E1
3.736000000E1	5.170759425E1
3.740000000E1	4.970951385E1
3.744000000E1	4.771426287E1
3.748000000E1	4.559864345E1
3.752000000E1	4.318319529E1
3.756000000E1	4.072315156E1
3.760000000E1	3.847349584E1
3.764000000E1	3.638146202E1
3.768000000E1	3.448952559E1
3.772000000E1	3.299656162E1
3.776000000E1	3.163541619E1
3.780000000E1	3.032245915E1
3.784000000E1	2.781846359E1
3.788000000E1	2.783282866E1
3.792000000E1	2.675856484E1
3.796000000E1	2.605418374E1
3.800000000E1	2.578075864E1
3.804000000E1	2.574238276E1
3.808000000E1	2.574114613E1
3.812000000E1	2.571352220E1
3.816000000E1	2.552603198E1
3.820000000E1	2.518126259E1
3.824000000E1	2.492129867E1
3.828000000E1	2.464730568E1
3.832000000E1	2.452794815E1
3.836000000E1	2.448675455E1
3.840000000E1	2.443356597E1
3.844000000E1	2.436339621E1
3.848000000E1	2.429494007E1
3.852000000E1	2.415077015E1
3.856000000E1	2.406851577E1
3.860000000E1	2.407287961E1
3.864000000E1	2.416696482E1
3.868000000E1	2.420403913E1
3.872000000E1	2.427363081E1
3.876000000E1	2.429897354E1
3.880000000E1	2.436736441E1
3.884000000E1	2.454564190E1
3.888000000E1	2.505800829E1
3.892000000E1	2.617014129E1
3.896000000E1	2.836734539E1
3.900000000E1	3.155118367E1
3.904000000E1	3.566775585E1
3.908000000E1	4.051536043E1
3.912000000E1	4.573692080E1
3.916000000E1	5.119499445E1
3.920000000E1	5.648390835E1
3.924000000E1	6.125396313E1
3.928000000E1	6.533797756E1
3.932000000E1	6.849614325E1
3.936000000E1	7.098341006E1
3.940000000E1	7.314122616E1
3.944000000E1	7.475454179E1
3.948000000E1	7.555439882E1
3.952000000E1	7.565549461E1
3.956000000E1	7.573678792E1
3.960000000E1	7.573430894E1
3.964000000E1	7.536301287E1
3.968000000E1	7.475074821E1
3.972000000E1	7.400457758E1
3.976000000E1	7.307874866E1
3.980000000E1	7.202171089E1
3.984000000E1	7.063930806E1
3.988000000E1	6.899653508E1
3.992000000E1	6.727822489E1
3.996000000E1	6.512516747E1
4.000000000E1	6.299234214E1
4.004000000E1	6.096677243E1
4.008000000E1	5.873450550E1
4.012000000E1	5.678338758E1
4.016000000E1	5.504631870E1
4.020000000E1	5.170071825E1
4.024000000E1	5.175324926E1
4.028000000E1	5.023313788E1
4.032000000E1	4.850037866E1
4.036000000E1	4.687862975E1
4.040000000E1	4.503271447E1
4.044000000E1	4.313543729E1
4.048000000E1	4.107996110E1
4.052000000E1	3.889811592E1
4.056000000E1	3.684488428E1
4.060000000E1	3.492366749E1
4.064000000E1	3.310224785E1
4.068000000E1	3.169704841E1
4.072000000E1	3.035529896E1
4.076000000E1	2.903895623E1
4.080000000E1	2.784878699E1
4.084000000E1	2.672133957E1
4.088000000E1	2.577904538E1
4.092000000E1	2.499435334E1
4.096000000E1	2.453694448E1
4.100000000E1	2.436323163E1
4.104000000E1	2.416595012E1
4.108000000E1	2.393581579E1
4.112000000E1	2.348964046E1
4.116000000E1	2.296998596E1
4.120000000E1	2.247468233E1
4.124000000E1	2.222625187E1
4.128000000E1	2.226106254E1
4.132000000E1	2.235471988E1
4.136000000E1	2.243576102E1
4.140000000E1	2.246246451E1
4.144000000E1	2.246723096E1
4.148000000E1	2.245116637E1
4.152000000E1	2.253343534E1
4.156000000E1	2.264117370E1
4.160000000E1	2.267414878E1
4.164000000E1	2.275044179E1
4.168000000E1	2.270183869E1
4.172000000E1	2.288606649E1
4.176000000E1	2.333158209E1
4.180000000E1	2.426336279E1
4.184000000E1	2.596746653E1
4.188000000E1	2.869820564E1
4.192000000E1	3.238364475E1
4.196000000E1	3.684489510E1
4.200000000E1	4.169614439E1
4.204000000E1	4.679299281E1
4.208000000E1	5.176726124E1
4.212000000E1	5.656184767E1
4.216000000E1	6.083579449E1
4.220000000E1	6.426048519E1
4.224000000E1	6.733030055E1
4.228000000E1	6.995794945E1
4.232000000E1	7.214683880E1
4.236000000E1	7.390828751E1
4.240000000E1	7.511430095E1
4.244000000E1	7.562462898E1
4.248000000E1	7.557147005E1
4.252000000E1	7.520784648E1
4.256000000E1	7.415726086E1
4.260000000E1	7.314193446E1
4.264000000E1	7.228289537E1
4.268000000E1	7.096525131E1
4.272000000E1	6.937961656E1
4.276000000E1	6.762161340E1
4.280000000E1	6.550232708E1
4.284000000E1	6.337502633E1
4.288000000E1	6.136933020E1
4.292000000E1	5.902855027E1
4.296000000E1	5.696773778E1
4.300000000E1	5.510937829E1
4.304000000E1	5.338663073E1
4.308000000E1	5.170350783E1
4.312000000E1	4.974343155E1
4.316000000E1	4.763896268E1
4.320000000E1	4.553834018E1
4.324000000E1	4.298239396E1
4.328000000E1	4.068660513E1
4.332000000E1	3.819650056E1
4.336000000E1	3.587557995E1
4.340000000E1	3.362488217E1
4.344000000E1	3.162116546E1
4.348000000E1	3.004473525E1
4.352000000E1	2.852003782E1
4.356000000E1	2.719007258E1
4.360000000E1	2.607763991E1
4.364000000E1	2.506936180E1
4.368000000E1	2.455468815E1
4.372000000E1	2.425941947E1
4.376000000E1	2.414962621E1
4.380000000E1	2.409130500E1
4.384000000E1	2.398531158E1
4.388000000E1	2.364630046E1
4.392000000E1	2.338784595E1
4.396000000E1	2.315601279E1
4.400000000E1	2.305479468E1
4.404000000E1	2.301231273E1
4.408000000E1	2.289881253E1
4.412000000E1	2.290392570E1
4.416000000E1	2.297880054E1
4.420000000E1	2.296649673E1
4.424000000E1	2.311534743E1
4.428000000E1	2.311134474E1
4.432000000E1	2.307474725E1
4.436000000E1	2.303158772E1
4.440000000E1	2.300697091E1
4.444000000E1	2.301437447E1
4.448000000E1	2.303814014E1
4.452000000E1	2.306477618E1
4.456000000E1	2.304411418E1
4.460000000E1	2.320399862E1
4.464000000E1	2.351937810E1
4.468000000E1	2.438527295E1
4.472000000E1	2.593908862E1
4.476000000E1	2.822341544E1
4.480000000E1	3.129146842E1
4.484000000E1	3.536562852E1
4.488000000E1	4.009846565E1
4.492000000E1	4.529439062E1
4.496000000E1	5.075006107E1
4.500000000E1	5.591583963E1
4.504000000E1	6.067373445E1
4.508000000E1	6.491738844E1
4.512000000E1	6.863178710E1
4.516000000E1	7.184456455E1
4.520000000E1	7.418047421E1
4.524000000E1	7.595118110E1
4.528000000E1	7.693500381E1
4.532000000E1	7.723285621E1
4.536000000E1	7.697770798E1
4.540000000E1	7.646294258E1
4.544000000E1	7.563367791E1
4.548000000E1	7.464492339E1
4.552000000E1	7.322977346E1
4.556000000E1	7.149580280E1
4.560000000E1	6.968663427E1
4.564000000E1	6.727563919E1
4.568000000E1	6.493103777E1
4.572000000E1	6.244227575E1
4.576000000E1	5.994154730E1
4.580000000E1	5.511687458E1
4.584000000E1	5.509446317E1
4.588000000E1	5.293014086E1
4.592000000E1	5.110091178E1
4.596000000E1	4.901789477E1
4.600000000E1	4.679097261E1
4.604000000E1	4.459064046E1
4.608000000E1	4.214103740E1
4.612000000E1	3.955329485E1
4.616000000E1	3.722027333E1
4.620000000E1	3.485605729E1
4.624000000E1	3.251423481E1
4.628000000E1	3.053044444E1
4.632000000E1	2.918667229E1
4.636000000E1	2.787476900E1
4.640000000E1	2.678124780E1
4.644000000E1	2.565421441E1
4.648000000E1	2.463459714E1
4.652000000E1	2.406554453E1
4.656000000E1	2.379725155E1
4.660000000E1	2.385070786E1
4.664000000E1	2.403865660E1
4.668000000E1	2.406127785E1
4.672000000E1	2.400802567E1
4.676000000E1	2.370712110E1
4.680000000E1	2.363712102E1
4.684000000E1	2.352487654E1
4.688000000E1	2.354764931E1
4.692000000E1	2.352860650E1
4.696000000E1	2.355929969E1
4.700000000E1	2.355650634E1
4.704000000E1	2.356605568E1
4.708000000E1	2.356948063E1
4.712000000E1	2.355655492E1
4.716000000E1	2.354729692E1
4.720000000E1	2.354842909E1
4.724000000E1	2.354969705E1
4.728000000E1	2.355012478E1
4.732000000E1	2.354858711E1
4.736000000E1	2.354981707E1
4.740000000E1	2.355329427E1
4.744000000E1	2.355856574E1
4.748000000E1	2.356012606E1
4.752000000E1	2.355936319E1
4.756000000E1	2.355855956E1
4.760000000E1	2.355132233E1
4.764000000E1	2.353926421E1
4.768000000E1	2.357475106E1
4.772000000E1	2.355191160E1
4.776000000E1	2.324742454E1
4.780000000E1	2.262419447E1
4.784000000E1	2.172614704E1
4.788000000E1	2.004633417E1
4.792000000E1	1.792154903E1
4.796000000E1	1.549488180E1
4.800000000E1	1.301210898E1
4.804000000E1	1.049683168E1
4.808000000E1	5.113049169E0
4.812000000E1	5.107435313E0
4.816000000E1	2.202126260E0
4.820000000E1	-2.870886554E-1
4.824000000E1	-2.416513135E0
4.828000000E1	-3.971162826E0
4.832000000E1	-4.816245349E0
4.836000000E1	-5.004863470E0
4.840000000E1	-4.703789109E0
