
t/1	ANGLE/1
0.000000000E0	8.982546272E1
4.000000000E-2	8.982260965E1
8.000000000E-2	8.981153469E1
1.200000000E-1	8.978582183E1
1.600000000E-1	8.974539031E1
2.000000000E-1	8.961027193E1
2.400000000E-1	8.958697391E1
2.800000000E-1	8.957594715E1
3.200000000E-1	8.957524873E1
3.600000000E-1	8.957089222E1
4.000000000E-1	8.961495708E1
4.400000000E-1	8.959521736E1
4.800000000E-1	8.958753258E1
5.200000000E-1	8.956650004E1
5.600000000E-1	8.955545200E1
6.000000000E-1	8.955492085E1
6.400000000E-1	8.955465106E1
6.800000000E-1	8.955526656E1
7.200000000E-1	8.955343760E1
7.600000000E-1	8.954912884E1
8.000000000E-1	8.954933988E1
8.400000000E-1	8.954870644E1
8.800000000E-1	8.954937106E1
9.200000000E-1	8.954243066E1
9.600000000E-1	8.953412637E1
1.000000000E0	8.951168797E1
1.040000000E0	8.952646742E1
1.080000000E0	8.953029460E1
1.120000000E0	8.953512566E1
1.160000000E0	8.953700841E1
1.200000000E0	8.953807385E1
1.240000000E0	8.953848083E1
1.280000000E0	8.954516069E1
1.320000000E0	8.954529878E1
1.360000000E0	8.954606645E1
1.400000000E0	8.954008505E1
1.440000000E0	8.950209016E1
1.480000000E0	8.950744455E1
1.520000000E0	8.950923610E1
1.560000000E0	8.950277372E1
1.600000000E0	8.951467684E1
1.640000000E0	8.952045641E1
1.680000000E0	8.953815862E1
1.720000000E0	8.954807395E1
1.760000000E0	8.955373652E1
1.800000000E0	8.951897681E1
1.840000000E0	8.919707537E1
1.880000000E0	8.921590787E1
1.920000000E0	8.901800719E1
1.960000000E0	8.900500681E1
2.000000000E0	8.900327619E1
2.040000000E0	8.897755472E1
2.080000000E0	8.873764747E1
2.120000000E0	8.846673630E1
2.160000000E0	8.820879517E1
2.200000000E0	8.739687638E1
2.240000000E0	8.738929124E1
2.280000000E0	8.658392877E1
2.320000000E0	8.559537239E1
2.360000000E0	8.436511891E1
2.400000000E0	8.277322648E1
2.440000000E0	8.114325555E1
2.480000000E0	7.944660676E1
2.520000000E0	7.770303957E1
2.560000000E0	7.605485875E1
2.600000000E0	7.440824507E1
2.640000000E0	7.281599801E1
2.680000000E0	7.147787776E1
2.720000000E0	7.027455532E1
2.760000000E0	6.926050533E1
2.800000000E0	6.832990270E1
2.840000000E0	6.755605004E1
2.880000000E0	6.690783268E1
2.920000000E0	6.646177690E1
2.960000000E0	6.621692223E1
3.000000000E0	6.606096092E1
3.040000000E0	6.601385326E1
3.080000000E0	6.612019631E1
3.120000000E0	6.639849723E1
3.160000000E0	6.661556463E1
3.200000000E0	6.680251039E1
3.240000000E0	6.704786588E1
3.280000000E0	6.731405802E1
3.320000000E0	6.769591248E1
3.360000000E0	6.829139722E1
3.400000000E0	6.891756052E1
3.440000000E0	6.961981233E1
3.480000000E0	7.046522959E1
3.520000000E0	7.133009154E1
3.560000000E0	7.223613158E1
3.600000000E0	7.309997232E1
3.640000000E0	7.398460824E1
3.680000000E0	7.475827991E1
3.720000000E0	7.542977357E1
3.760000000E0	7.606643928E1
3.800000000E0	7.665838100E1
3.840000000E0	7.784790421E1
3.880000000E0	7.783358307E1
3.920000000E0	7.837275740E1
3.960000000E0	7.891515523E1
4.000000000E0	7.954568286E1
4.040000000E0	8.012233278E1
4.080000000E0	8.063627603E1
4.120000000E0	8.105918512E1
4.160000000E0	8.150024786E1
4.200000000E0	8.181943300E1
4.240000000E0	8.206959076E1
4.280000000E0	8.219479868E1
4.320000000E0	8.226951698E1
4.360000000E0	8.231106757E1
4.400000000E0	8.239062555E1
4.440000000E0	8.242111696E1
4.480000000E0	8.242328075E1
4.520000000E0	8.236637166E1
4.560000000E0	8.233200358E1
4.600000000E0	8.236739158E1
4.640000000E0	8.237744349E1
4.680000000E0	8.240460771E1
4.720000000E0	8.238140802E1
4.760000000E0	8.250439917E1
4.800000000E0	8.259078544E1
4.840000000E0	8.260274053E1
4.880000000E0	8.261212935E1
4.920000000E0	8.259412641E1
4.960000000E0	8.252159736E1
5.000000000E0	8.232924565E1
5.040000000E0	8.208252721E1
5.080000000E0	8.189094131E1
5.120000000E0	8.157717274E1
5.160000000E0	8.130438684E1
5.200000000E0	8.088359899E1
5.240000000E0	8.051031385E1
5.280000000E0	8.002256429E1
5.320000000E0	7.949718045E1
5.360000000E0	7.872805993E1
5.400000000E0	7.770764725E1
5.440000000E0	7.649631735E1
5.480000000E0	7.509412892E1
5.520000000E0	7.362967211E1
5.560000000E0	7.213067079E1
5.600000000E0	7.072757213E1
5.640000000E0	6.937690720E1
5.680000000E0	6.819913077E1
5.720000000E0	6.718608558E1
5.760000000E0	6.629965426E1
5.800000000E0	6.558212606E1
5.840000000E0	6.504856621E1
5.880000000E0	6.469602125E1
5.920000000E0	6.457599702E1
5.960000000E0	6.464629927E1
6.000000000E0	6.502945359E1
6.040000000E0	6.561544752E1
6.080000000E0	6.620128921E1
6.120000000E0	6.672622260E1
6.160000000E0	6.736587883E1
6.200000000E0	6.814697352E1
6.240000000E0	6.897348642E1
6.280000000E0	6.983961124E1
6.320000000E0	7.075667606E1
6.360000000E0	7.171003742E1
6.400000000E0	7.263167014E1
6.440000000E0	7.353807091E1
6.480000000E0	7.434364773E1
6.520000000E0	7.506556308E1
6.560000000E0	7.572024630E1
6.600000000E0	7.630421063E1
6.640000000E0	7.684498532E1
6.680000000E0	7.742754354E1
6.720000000E0	7.796103704E1
6.760000000E0	7.852620089E1
6.800000000E0	7.907324735E1
6.840000000E0	7.968392588E1
6.880000000E0	8.022724562E1
6.920000000E0	8.073891857E1
6.960000000E0	8.124057472E1
7.000000000E0	8.171366382E1
7.040000000E0	8.209514930E1
7.080000000E0	8.245504816E1
7.120000000E0	8.274335891E1
7.160000000E0	8.312933236E1
7.200000000E0	8.340498042E1
7.240000000E0	8.365026172E1
7.280000000E0	8.376352225E1
7.320000000E0	8.393080830E1
7.360000000E0	8.397384791E1
7.400000000E0	8.399657771E1
7.440000000E0	8.399202646E1
7.480000000E0	8.398452414E1
7.520000000E0	8.398619377E1
7.560000000E0	8.399266075E1
7.600000000E0	8.399331468E1
7.640000000E0	8.393013895E1
7.680000000E0	8.369390473E1
7.720000000E0	8.361891736E1
7.760000000E0	8.338191685E1
7.800000000E0	8.307675343E1
7.840000000E0	8.258392940E1
7.880000000E0	8.200909403E1
7.920000000E0	8.038819923E1
7.960000000E0	8.040735564E1
8.000000000E0	7.942365228E1
8.040000000E0	7.838295562E1
8.080000000E0	7.709058302E1
8.120000000E0	7.566845675E1
8.160000000E0	7.419563188E1
8.200000000E0	7.278631462E1
8.240000000E0	7.138028450E1
8.280000000E0	7.008598979E1
8.320000000E0	6.893835808E1
8.360000000E0	6.791667159E1
8.400000000E0	6.700816916E1
8.440000000E0	6.631020485E1
8.480000000E0	6.574766615E1
8.520000000E0	6.539435272E1
8.560000000E0	6.531496396E1
8.600000000E0	6.561232300E1
8.640000000E0	6.628919005E1
8.680000000E0	6.693186912E1
8.720000000E0	6.744560465E1
8.760000000E0	6.806835459E1
8.800000000E0	6.872130025E1
8.840000000E0	6.950216189E1
8.880000000E0	7.101920923E1
8.920000000E0	7.102871177E1
8.960000000E0	7.178730404E1
9.000000000E0	7.253536575E1
9.040000000E0	7.337007990E1
9.080000000E0	7.413514889E1
9.120000000E0	7.485040723E1
9.160000000E0	7.547464427E1
9.200000000E0	7.603919783E1
9.240000000E0	7.667498166E1
9.280000000E0	7.740324225E1
9.320000000E0	7.813522655E1
9.360000000E0	7.890532166E1
9.400000000E0	7.974827126E1
9.440000000E0	8.122486594E1
9.480000000E0	8.122442496E1
9.520000000E0	8.190010304E1
9.560000000E0	8.256687698E1
9.600000000E0	8.309551641E1
9.640000000E0	8.346693447E1
9.680000000E0	8.374013924E1
9.720000000E0	8.399802008E1
9.760000000E0	8.421021003E1
9.800000000E0	8.450180533E1
9.840000000E0	8.494038390E1
9.880000000E0	8.545044351E1
9.920000000E0	8.595339315E1
9.960000000E0	8.635400669E1
1.000000000E1	8.659580497E1
1.004000000E1	8.672158367E1
1.008000000E1	8.671448016E1
1.012000000E1	8.643673237E1
1.016000000E1	8.596507025E1
1.020000000E1	8.547406617E1
1.024000000E1	8.497009409E1
1.028000000E1	8.449439462E1
1.032000000E1	8.409127344E1
1.036000000E1	8.358545821E1
1.040000000E1	8.302988316E1
1.044000000E1	8.226272511E1
1.048000000E1	8.141580751E1
1.052000000E1	8.046655738E1
1.056000000E1	7.937603530E1
1.060000000E1	7.816062624E1
1.064000000E1	7.684918073E1
1.068000000E1	7.557060696E1
1.072000000E1	7.435862490E1
1.076000000E1	7.315723068E1
1.080000000E1	7.199250666E1
1.084000000E1	7.087947831E1
1.088000000E1	6.984304025E1
1.092000000E1	6.879671471E1
1.096000000E1	6.793413312E1
1.100000000E1	6.711476496E1
1.104000000E1	6.642179194E1
1.108000000E1	6.585524167E1
1.112000000E1	6.545860311E1
1.116000000E1	6.519441796E1
1.120000000E1	6.521869458E1
1.124000000E1	6.542785677E1
1.128000000E1	6.593320634E1
1.132000000E1	6.659866668E1
1.136000000E1	6.729943734E1
1.140000000E1	6.804987960E1
1.144000000E1	6.895984503E1
1.148000000E1	7.000947742E1
1.152000000E1	7.115724201E1
1.156000000E1	7.223331765E1
1.160000000E1	7.314137172E1
1.164000000E1	7.390340190E1
1.168000000E1	7.447429442E1
1.172000000E1	7.493168151E1
1.176000000E1	7.531115275E1
1.180000000E1	7.595396470E1
1.184000000E1	7.664243087E1
1.188000000E1	7.721504431E1
1.192000000E1	7.779074317E1
1.196000000E1	7.836741583E1
1.200000000E1	7.980775572E1
1.204000000E1	7.980073116E1
1.208000000E1	8.048414115E1
1.212000000E1	8.108891563E1
1.216000000E1	8.161259022E1
1.220000000E1	8.207707277E1
1.224000000E1	8.245176177E1
1.228000000E1	8.275325100E1
1.232000000E1	8.300403963E1
1.236000000E1	8.322522316E1
1.240000000E1	8.331596099E1
1.244000000E1	8.338765307E1
1.248000000E1	8.336732043E1
1.252000000E1	8.332517943E1
1.256000000E1	8.327208857E1
1.260000000E1	8.327256012E1
1.264000000E1	8.327916395E1
1.268000000E1	8.324390174E1
1.272000000E1	8.322268231E1
1.276000000E1	8.325742776E1
1.280000000E1	8.336248913E1
1.284000000E1	8.329353990E1
1.288000000E1	8.312854426E1
1.292000000E1	8.226028007E1
1.296000000E1	8.224994785E1
1.300000000E1	8.161929431E1
1.304000000E1	8.078995334E1
1.308000000E1	7.976127663E1
1.312000000E1	7.861081448E1
1.316000000E1	7.742519463E1
1.320000000E1	7.634586073E1
1.324000000E1	7.519490196E1
1.328000000E1	7.405497541E1
1.332000000E1	7.283971729E1
1.336000000E1	7.158678811E1
1.340000000E1	7.041066811E1
1.344000000E1	6.930673279E1
1.348000000E1	6.725734768E1
1.352000000E1	6.728210511E1
1.356000000E1	6.650556554E1
1.360000000E1	6.592292365E1
1.364000000E1	6.555589655E1
1.368000000E1	6.541817813E1
1.372000000E1	6.561003155E1
1.376000000E1	6.603876426E1
1.380000000E1	6.673104763E1
1.384000000E1	6.751124025E1
1.388000000E1	6.821288707E1
1.392000000E1	6.908358154E1
1.396000000E1	7.001442227E1
1.400000000E1	7.097134248E1
1.404000000E1	7.202015194E1
1.408000000E1	7.308932468E1
1.412000000E1	7.405082783E1
1.416000000E1	7.495623925E1
1.420000000E1	7.655493570E1
1.424000000E1	7.656207703E1
1.428000000E1	7.725108852E1
1.432000000E1	7.795463336E1
1.436000000E1	7.865510625E1
1.440000000E1	7.937790125E1
1.444000000E1	8.000305078E1
1.448000000E1	8.058639593E1
1.452000000E1	8.115220657E1
1.456000000E1	8.172041461E1
1.460000000E1	8.214707171E1
1.464000000E1	8.249831709E1
1.468000000E1	8.270351964E1
1.472000000E1	8.291209112E1
1.476000000E1	8.309041608E1
1.480000000E1	8.325329461E1
1.484000000E1	8.341258590E1
1.488000000E1	8.338071812E1
1.492000000E1	8.335162253E1
1.496000000E1	8.333873319E1
1.500000000E1	8.336207941E1
1.504000000E1	8.355755943E1
1.508000000E1	8.364346954E1
1.512000000E1	8.364308945E1
1.516000000E1	8.365607702E1
1.520000000E1	8.366009273E1
1.524000000E1	8.363837865E1
1.528000000E1	8.358681096E1
1.532000000E1	8.344730335E1
1.536000000E1	8.329302358E1
1.540000000E1	8.304097419E1
1.544000000E1	8.276135052E1
1.548000000E1	8.242168994E1
1.552000000E1	8.201775821E1
1.556000000E1	8.161055235E1
1.560000000E1	8.107902053E1
1.564000000E1	8.044357300E1
1.568000000E1	7.897661113E1
1.572000000E1	7.895822421E1
1.576000000E1	7.798827773E1
1.580000000E1	7.681816189E1
1.584000000E1	7.569344158E1
1.588000000E1	7.447657072E1
1.592000000E1	7.322707338E1
1.596000000E1	7.193959172E1
1.600000000E1	7.079372021E1
1.604000000E1	6.979105741E1
1.608000000E1	6.885963425E1
1.612000000E1	6.810614364E1
1.616000000E1	6.749223952E1
1.620000000E1	6.698238154E1
1.624000000E1	6.660358296E1
1.628000000E1	6.643021673E1
1.632000000E1	6.651444500E1
1.636000000E1	6.664231072E1
1.640000000E1	6.695137888E1
1.644000000E1	6.747285584E1
1.648000000E1	6.812086074E1
1.652000000E1	6.857908904E1
1.656000000E1	6.916945667E1
1.660000000E1	6.988416886E1
1.664000000E1	7.063925701E1
1.668000000E1	7.147423239E1
1.672000000E1	7.234608901E1
1.676000000E1	7.318176714E1
1.680000000E1	7.405979071E1
1.684000000E1	7.485228152E1
1.688000000E1	7.562735625E1
1.692000000E1	7.634114686E1
1.696000000E1	7.698504388E1
1.700000000E1	7.754293833E1
1.704000000E1	7.815470328E1
1.708000000E1	7.873014148E1
1.712000000E1	7.934169946E1
1.716000000E1	7.988542401E1
1.720000000E1	8.037881613E1
1.724000000E1	8.082009703E1
1.728000000E1	8.130445517E1
1.732000000E1	8.176160843E1
1.736000000E1	8.211043148E1
1.740000000E1	8.257844540E1
1.744000000E1	8.256745081E1
1.748000000E1	8.268826419E1
1.752000000E1	8.275133540E1
1.756000000E1	8.283599951E1
1.760000000E1	8.288444372E1
1.764000000E1	8.290745483E1
1.768000000E1	8.289705640E1
1.772000000E1	8.286877442E1
1.776000000E1	8.288963181E1
1.780000000E1	8.293913403E1
1.784000000E1	8.310480511E1
1.788000000E1	8.318445484E1
1.792000000E1	8.325670193E1
1.796000000E1	8.330217677E1
1.800000000E1	8.334432216E1
1.804000000E1	8.342729370E1
1.808000000E1	8.337784089E1
1.812000000E1	8.310196806E1
1.816000000E1	8.256907792E1
1.820000000E1	8.176165246E1
1.824000000E1	8.068689724E1
1.828000000E1	7.945996718E1
1.832000000E1	7.817811761E1
1.836000000E1	7.690333057E1
1.840000000E1	7.563081922E1
1.844000000E1	7.438503090E1
1.848000000E1	7.319024764E1
1.852000000E1	7.211168446E1
1.856000000E1	7.106110681E1
1.860000000E1	7.024047226E1
1.864000000E1	6.950188002E1
1.868000000E1	6.878070191E1
1.872000000E1	6.822572969E1
1.876000000E1	6.772511679E1
1.880000000E1	6.728730294E1
1.884000000E1	6.692271874E1
1.888000000E1	6.669048840E1
1.892000000E1	6.658042625E1
1.896000000E1	6.654573742E1
1.900000000E1	6.665343643E1
1.904000000E1	6.692091120E1
1.908000000E1	6.736219742E1
1.912000000E1	6.785098935E1
1.916000000E1	6.830344544E1
1.920000000E1	6.878099444E1
1.924000000E1	6.935065388E1
1.928000000E1	7.010876750E1
1.932000000E1	7.079422796E1
1.936000000E1	7.151404971E1
1.940000000E1	7.221767058E1
1.944000000E1	7.294588805E1
1.948000000E1	7.374836058E1
1.952000000E1	7.446350566E1
1.956000000E1	7.512752214E1
1.960000000E1	7.569876967E1
1.964000000E1	7.625199376E1
1.968000000E1	7.681128144E1
1.972000000E1	7.733211279E1
1.976000000E1	7.782622903E1
1.980000000E1	7.844987741E1
1.984000000E1	7.911981496E1
1.988000000E1	7.979555595E1
1.992000000E1	8.041840353E1
1.996000000E1	8.100630424E1
2.000000000E1	8.151374342E1
2.004000000E1	8.200544311E1
2.008000000E1	8.250479133E1
2.012000000E1	8.294260294E1
2.016000000E1	8.324225426E1
2.020000000E1	8.346172661E1
2.024000000E1	8.366017547E1
2.028000000E1	8.388606930E1
2.032000000E1	8.388618808E1
2.036000000E1	8.390855382E1
2.040000000E1	8.397832413E1
2.044000000E1	8.407241132E1
2.048000000E1	8.413077272E1
2.052000000E1	8.419320447E1
2.056000000E1	8.429204513E1
2.060000000E1	8.435788194E1
2.064000000E1	8.436004772E1
2.068000000E1	8.416305573E1
2.072000000E1	8.390842671E1
2.076000000E1	8.322314359E1
2.080000000E1	8.323305611E1
2.084000000E1	8.263732642E1
2.088000000E1	8.204371591E1
2.092000000E1	8.144180206E1
2.096000000E1	8.063209669E1
2.100000000E1	7.956179793E1
2.104000000E1	7.831178530E1
2.108000000E1	7.686354311E1
2.112000000E1	7.526620917E1
2.116000000E1	7.368564881E1
2.120000000E1	7.214087519E1
2.124000000E1	7.076163513E1
2.128000000E1	6.960859467E1
2.132000000E1	6.855619725E1
2.136000000E1	6.766518077E1
2.140000000E1	6.678004241E1
2.144000000E1	6.597215709E1
2.148000000E1	6.541111663E1
2.152000000E1	6.499701971E1
2.156000000E1	6.483228770E1
2.160000000E1	6.526216244E1
2.164000000E1	6.525961155E1
2.168000000E1	6.582057927E1
2.172000000E1	6.651501982E1
2.176000000E1	6.723312245E1
2.180000000E1	6.803166879E1
2.184000000E1	6.873458608E1
2.188000000E1	6.964589950E1
2.192000000E1	7.051362963E1
2.196000000E1	7.138284223E1
2.200000000E1	7.223778384E1
2.204000000E1	7.300229822E1
2.208000000E1	7.385970003E1
2.212000000E1	7.455835087E1
2.216000000E1	7.528278239E1
2.220000000E1	7.594861631E1
2.224000000E1	7.663324229E1
2.228000000E1	7.731017049E1
2.232000000E1	7.808597936E1
2.236000000E1	7.884282530E1
2.240000000E1	7.953445073E1
2.244000000E1	8.014627504E1
2.248000000E1	8.060437542E1
2.252000000E1	8.103431136E1
2.256000000E1	8.149470004E1
2.260000000E1	8.195120125E1
2.264000000E1	8.232384437E1
2.268000000E1	8.258462392E1
2.272000000E1	8.284057224E1
2.276000000E1	8.308407900E1
2.280000000E1	8.332456104E1
2.284000000E1	8.352044862E1
2.288000000E1	8.361311899E1
2.292000000E1	8.359523701E1
2.296000000E1	8.356971443E1
2.300000000E1	8.354968480E1
2.304000000E1	8.355905721E1
2.308000000E1	8.359905495E1
2.312000000E1	8.365085646E1
2.316000000E1	8.366767768E1
2.320000000E1	8.354890367E1
2.324000000E1	8.342177310E1
2.328000000E1	8.318246023E1
2.332000000E1	8.289431950E1
2.336000000E1	8.229234169E1
2.340000000E1	8.138278734E1
2.344000000E1	8.032668951E1
2.348000000E1	7.911774008E1
2.352000000E1	7.771505244E1
2.356000000E1	7.605160796E1
2.360000000E1	7.433096326E1
2.364000000E1	7.259247374E1
2.368000000E1	7.090667096E1
2.372000000E1	6.942065826E1
2.376000000E1	6.820088058E1
2.380000000E1	6.726795297E1
2.384000000E1	6.658481621E1
2.388000000E1	6.610045820E1
2.392000000E1	6.582591731E1
2.396000000E1	6.574718981E1
2.400000000E1	6.594559344E1
2.404000000E1	6.630521009E1
2.408000000E1	6.684437497E1
2.412000000E1	6.754533997E1
2.416000000E1	6.834313858E1
2.420000000E1	6.908727412E1
2.424000000E1	6.999620753E1
2.428000000E1	7.091354165E1
2.432000000E1	7.199047403E1
2.436000000E1	7.301752904E1
2.440000000E1	7.398969592E1
2.444000000E1	7.577828914E1
2.448000000E1	7.578540725E1
2.452000000E1	7.659451004E1
2.456000000E1	7.738895502E1
2.460000000E1	7.809954167E1
2.464000000E1	7.880427334E1
2.468000000E1	7.947928224E1
2.472000000E1	8.021617644E1
2.476000000E1	8.085448303E1
2.480000000E1	8.150253555E1
2.484000000E1	8.205062572E1
2.488000000E1	8.242295341E1
2.492000000E1	8.262023268E1
2.496000000E1	8.276302326E1
2.500000000E1	8.291795644E1
2.504000000E1	8.305959873E1
2.508000000E1	8.323898848E1
2.512000000E1	8.329003816E1
2.516000000E1	8.336368020E1
2.520000000E1	8.339226998E1
2.524000000E1	8.343485237E1
2.528000000E1	8.340280617E1
2.532000000E1	8.335547172E1
2.536000000E1	8.326204795E1
2.540000000E1	8.324739026E1
2.544000000E1	8.327799424E1
2.548000000E1	8.337925241E1
2.552000000E1	8.343144931E1
2.556000000E1	8.345740111E1
2.560000000E1	8.341726811E1
2.564000000E1	8.323481670E1
2.568000000E1	8.240753700E1
2.572000000E1	8.239133917E1
2.576000000E1	8.181533650E1
2.580000000E1	8.124746449E1
2.584000000E1	8.062462246E1
2.588000000E1	7.984976877E1
2.592000000E1	7.900157474E1
2.596000000E1	7.806349304E1
2.600000000E1	7.694474972E1
2.604000000E1	7.575224607E1
2.608000000E1	7.449192213E1
2.612000000E1	7.326809418E1
2.616000000E1	7.216212501E1
2.620000000E1	7.115227764E1
2.624000000E1	7.017257570E1
2.628000000E1	6.843927394E1
2.632000000E1	6.842875865E1
2.636000000E1	6.770342815E1
2.640000000E1	6.720576742E1
2.644000000E1	6.671676268E1
2.648000000E1	6.636758259E1
2.652000000E1	6.613977657E1
2.656000000E1	6.622132985E1
2.660000000E1	6.638264325E1
2.664000000E1	6.674224074E1
2.668000000E1	6.737320544E1
2.672000000E1	6.809023181E1
2.676000000E1	6.884645355E1
2.680000000E1	6.969291324E1
2.684000000E1	7.043720099E1
2.688000000E1	7.133335315E1
2.692000000E1	7.225874796E1
2.696000000E1	7.329276134E1
2.700000000E1	7.419477820E1
2.704000000E1	7.497173746E1
2.708000000E1	7.648319073E1
2.712000000E1	7.648721787E1
2.716000000E1	7.717330827E1
2.720000000E1	7.783972805E1
2.724000000E1	7.856904814E1
2.728000000E1	7.937276247E1
2.732000000E1	8.012922697E1
2.736000000E1	8.080048273E1
2.740000000E1	8.131776861E1
2.744000000E1	8.172767151E1
2.748000000E1	8.207646051E1
2.752000000E1	8.255900945E1
2.756000000E1	8.256701993E1
2.760000000E1	8.266918332E1
2.764000000E1	8.280385767E1
2.768000000E1	8.297192737E1
2.772000000E1	8.305993602E1
2.776000000E1	8.312237242E1
2.780000000E1	8.321611765E1
2.784000000E1	8.312127101E1
2.788000000E1	8.297555224E1
2.792000000E1	8.293197031E1
2.796000000E1	8.295205306E1
2.800000000E1	8.314280608E1
2.804000000E1	8.313870272E1
2.808000000E1	8.299382754E1
2.812000000E1	8.285938341E1
2.816000000E1	8.271348438E1
2.820000000E1	8.261887291E1
2.824000000E1	8.233987686E1
2.828000000E1	8.185478629E1
2.832000000E1	8.113983535E1
2.836000000E1	8.034912235E1
2.840000000E1	7.944886745E1
2.844000000E1	7.851599464E1
2.848000000E1	7.745493628E1
2.852000000E1	7.640089964E1
2.856000000E1	7.535444645E1
2.860000000E1	7.440546216E1
2.864000000E1	7.338293290E1
2.868000000E1	7.242480782E1
2.872000000E1	7.137893122E1
2.876000000E1	7.036082096E1
2.880000000E1	6.935484581E1
2.884000000E1	6.840424730E1
2.888000000E1	6.753495186E1
2.892000000E1	6.681443800E1
2.896000000E1	6.617157010E1
2.900000000E1	6.573586897E1
2.904000000E1	6.547904342E1
2.908000000E1	6.557964552E1
2.912000000E1	6.613588640E1
2.916000000E1	6.665746388E1
2.920000000E1	6.734837017E1
2.924000000E1	6.802480867E1
2.928000000E1	6.868622170E1
2.932000000E1	6.944961700E1
2.936000000E1	7.034992833E1
2.940000000E1	7.127536373E1
2.944000000E1	7.212796362E1
2.948000000E1	7.295452461E1
2.952000000E1	7.377342106E1
2.956000000E1	7.452489782E1
2.960000000E1	7.520002971E1
2.964000000E1	7.582433899E1
2.968000000E1	7.627504708E1
2.972000000E1	7.677234613E1
2.976000000E1	7.723742481E1
2.980000000E1	7.779803749E1
2.984000000E1	7.845573093E1
2.988000000E1	7.920557661E1
2.992000000E1	7.993743832E1
2.996000000E1	8.062651262E1
3.000000000E1	8.120802390E1
3.004000000E1	8.169156723E1
3.008000000E1	8.208440929E1
3.012000000E1	8.238178781E1
3.016000000E1	8.257157562E1
3.020000000E1	8.270183861E1
3.024000000E1	8.277774653E1
3.028000000E1	8.290693529E1
3.032000000E1	8.314918946E1
3.036000000E1	8.352089859E1
3.040000000E1	8.385627195E1
3.044000000E1	8.437025566E1
3.048000000E1	8.490391218E1
3.052000000E1	8.523493705E1
3.056000000E1	8.559619596E1
3.060000000E1	8.573757913E1
3.064000000E1	8.573662077E1
3.068000000E1	8.551680477E1
3.072000000E1	8.525453431E1
3.076000000E1	8.501198252E1
3.080000000E1	8.480985618E1
3.084000000E1	8.455149131E1
3.088000000E1	8.425311336E1
3.092000000E1	8.378625437E1
3.096000000E1	8.324585956E1
3.100000000E1	8.267135018E1
3.104000000E1	8.196622759E1
3.108000000E1	8.098104670E1
3.112000000E1	7.978242093E1
3.116000000E1	7.838883412E1
3.120000000E1	7.684326570E1
3.124000000E1	7.510481586E1
3.128000000E1	7.336235626E1
3.132000000E1	7.167682230E1
3.136000000E1	7.014993302E1
3.140000000E1	6.888323115E1
3.144000000E1	6.701677696E1
3.148000000E1	6.701473436E1
3.152000000E1	6.635758027E1
3.156000000E1	6.588647239E1
3.160000000E1	6.569381406E1
3.164000000E1	6.568735100E1
3.168000000E1	6.594676292E1
3.172000000E1	6.643183037E1
3.176000000E1	6.698543279E1
3.180000000E1	6.763830453E1
3.184000000E1	6.828336585E1
3.188000000E1	6.894051413E1
3.192000000E1	6.977256190E1
3.196000000E1	7.076807294E1
3.200000000E1	7.168737623E1
3.204000000E1	7.262446590E1
3.208000000E1	7.357954437E1
3.212000000E1	7.439900785E1
3.216000000E1	7.521493262E1
3.220000000E1	7.591456919E1
3.224000000E1	7.657621346E1
3.228000000E1	7.737369124E1
3.232000000E1	7.813060090E1
3.236000000E1	7.885060004E1
3.240000000E1	7.960291062E1
3.244000000E1	8.035287207E1
3.248000000E1	8.093891096E1
3.252000000E1	8.159347944E1
3.256000000E1	8.205225914E1
3.260000000E1	8.238567700E1
3.264000000E1	8.256004771E1
3.268000000E1	8.255757974E1
3.272000000E1	8.252063541E1
3.276000000E1	8.260154439E1
3.280000000E1	8.259080886E1
3.284000000E1	8.260248293E1
3.288000000E1	8.256274217E1
3.292000000E1	8.252106275E1
3.296000000E1	8.246542353E1
3.300000000E1	8.236978502E1
3.304000000E1	8.228239636E1
3.308000000E1	8.224311528E1
3.312000000E1	8.221304043E1
3.316000000E1	8.221733036E1
3.320000000E1	8.222692426E1
3.324000000E1	8.222472909E1
3.328000000E1	8.215452974E1
3.332000000E1	8.190557157E1
3.336000000E1	8.150783413E1
3.340000000E1	8.118469491E1
3.344000000E1	8.069916047E1
3.348000000E1	8.019153726E1
3.352000000E1	7.953211150E1
3.356000000E1	7.861773206E1
3.360000000E1	7.759137350E1
3.364000000E1	7.640080141E1
3.368000000E1	7.520815483E1
3.372000000E1	7.395031383E1
3.376000000E1	7.261997578E1
3.380000000E1	7.123717775E1
3.384000000E1	6.994806623E1
3.388000000E1	6.872068227E1
3.392000000E1	6.763826683E1
3.396000000E1	6.674798432E1
3.400000000E1	6.606751793E1
3.404000000E1	6.568829068E1
3.408000000E1	6.549364511E1
3.412000000E1	6.557526408E1
3.416000000E1	6.598144545E1
3.420000000E1	6.660397167E1
3.424000000E1	6.734152841E1
3.428000000E1	6.880384412E1
3.432000000E1	6.879895613E1
3.436000000E1	6.967302706E1
3.440000000E1	7.066695730E1
3.444000000E1	7.175342060E1
3.448000000E1	7.284750473E1
3.452000000E1	7.381160445E1
3.456000000E1	7.471345309E1
3.460000000E1	7.546859040E1
3.464000000E1	7.619322293E1
3.468000000E1	7.684232799E1
3.472000000E1	7.745952297E1
3.476000000E1	7.797818364E1
3.480000000E1	7.864213544E1
3.484000000E1	7.920031290E1
3.488000000E1	7.967657339E1
3.492000000E1	8.011764554E1
3.496000000E1	8.042535223E1
3.500000000E1	8.067193741E1
3.504000000E1	8.087026967E1
3.508000000E1	8.103606122E1
3.512000000E1	8.111463424E1
3.516000000E1	8.125536731E1
3.520000000E1	8.138027954E1
3.524000000E1	8.156304005E1
3.528000000E1	8.171175677E1
3.532000000E1	8.180329727E1
3.536000000E1	8.176488411E1
3.540000000E1	8.173091855E1
3.544000000E1	8.170344121E1
3.548000000E1	8.169577033E1
3.552000000E1	8.171907676E1
3.556000000E1	8.174460844E1
3.560000000E1	8.183594795E1
3.564000000E1	8.189633258E1
3.568000000E1	8.191060676E1
3.572000000E1	8.191482418E1
3.576000000E1	8.190265959E1
3.580000000E1	8.189793495E1
3.584000000E1	8.184207551E1
3.588000000E1	8.175263436E1
3.592000000E1	8.168909058E1
3.596000000E1	8.161712272E1
3.600000000E1	8.143669725E1
3.604000000E1	8.132122717E1
3.608000000E1	8.114387943E1
3.612000000E1	8.100084251E1
3.616000000E1	8.088513059E1
3.620000000E1	8.068701618E1
3.624000000E1	8.024248784E1
3.628000000E1	7.966184851E1
3.632000000E1	7.893886220E1
3.636000000E1	7.800860642E1
3.640000000E1	7.705923218E1
3.644000000E1	7.603538294E1
3.648000000E1	7.493227307E1
3.652000000E1	7.372325635E1
3.656000000E1	7.249624091E1
3.660000000E1	7.131273553E1
3.664000000E1	7.013337116E1
3.668000000E1	6.901189125E1
3.672000000E1	6.798259527E1
3.676000000E1	6.707235752E1
3.680000000E1	6.636457066E1
3.684000000E1	6.586452374E1
3.688000000E1	6.572828461E1
3.692000000E1	6.578751917E1
3.696000000E1	6.607880978E1
3.700000000E1	6.663393609E1
3.704000000E1	6.752983740E1
3.708000000E1	6.849209759E1
3.712000000E1	6.952685479E1
3.716000000E1	7.052283812E1
3.720000000E1	7.165704059E1
3.724000000E1	7.277537762E1
3.728000000E1	7.387459498E1
3.732000000E1	7.484346323E1
3.736000000E1	7.568495312E1
3.740000000E1	7.651540236E1
3.744000000E1	7.724729523E1
3.748000000E1	7.800000414E1
3.752000000E1	7.863971307E1
3.756000000E1	7.923319185E1
3.760000000E1	7.987715867E1
3.764000000E1	8.046875548E1
3.768000000E1	8.107463402E1
3.772000000E1	8.151592060E1
3.776000000E1	8.184946761E1
3.780000000E1	8.208274471E1
3.784000000E1	8.241256681E1
3.788000000E1	8.238453225E1
3.792000000E1	8.257953529E1
3.796000000E1	8.281906865E1
3.800000000E1	8.306034533E1
3.804000000E1	8.311342126E1
3.808000000E1	8.311001970E1
3.812000000E1	8.311901790E1
3.816000000E1	8.311665673E1
3.820000000E1	8.327450822E1
3.824000000E1	8.346111025E1
3.828000000E1	8.359253930E1
3.832000000E1	8.375706447E1
3.836000000E1	8.383183316E1
3.840000000E1	8.398832928E1
3.844000000E1	8.408797434E1
3.848000000E1	8.409757725E1
3.852000000E1	8.396833206E1
3.856000000E1	8.384037616E1
3.860000000E1	8.361554977E1
3.864000000E1	8.348795010E1
3.868000000E1	8.329735587E1
3.872000000E1	8.320476601E1
3.876000000E1	8.301716443E1
3.880000000E1	8.283492025E1
3.884000000E1	8.271506802E1
3.888000000E1	8.248002595E1
3.892000000E1	8.220746441E1
3.896000000E1	8.177090233E1
3.900000000E1	8.142343286E1
3.904000000E1	8.080995354E1
3.908000000E1	7.998871602E1
3.912000000E1	7.896299149E1
3.916000000E1	7.789347422E1
3.920000000E1	7.663343495E1
3.924000000E1	7.538240305E1
3.928000000E1	7.410553855E1
3.932000000E1	7.286207047E1
3.936000000E1	7.164089454E1
3.940000000E1	7.053664577E1
3.944000000E1	6.946004144E1
3.948000000E1	6.840403832E1
3.952000000E1	6.744040540E1
3.956000000E1	6.673388754E1
3.960000000E1	6.628759836E1
3.964000000E1	6.600348984E1
3.968000000E1	6.601946171E1
3.972000000E1	6.612160170E1
3.976000000E1	6.647868823E1
3.980000000E1	6.696987265E1
3.984000000E1	6.768117544E1
3.988000000E1	6.835759548E1
3.992000000E1	6.907471076E1
3.996000000E1	6.982620151E1
4.000000000E1	7.055788712E1
4.004000000E1	7.125875085E1
4.008000000E1	7.205904959E1
4.012000000E1	7.272431414E1
4.016000000E1	7.333481402E1
4.020000000E1	7.446921120E1
4.024000000E1	7.447072442E1
4.028000000E1	7.504011317E1
4.032000000E1	7.563424632E1
4.036000000E1	7.617787322E1
4.040000000E1	7.674006249E1
4.044000000E1	7.736724559E1
4.048000000E1	7.811496427E1
4.052000000E1	7.885911978E1
4.056000000E1	7.965779837E1
4.060000000E1	8.036191264E1
4.064000000E1	8.096800071E1
4.068000000E1	8.154923640E1
4.072000000E1	8.206138371E1
4.076000000E1	8.243742357E1
4.080000000E1	8.280327387E1
4.084000000E1	8.313875010E1
4.088000000E1	8.338102383E1
4.092000000E1	8.367553701E1
4.096000000E1	8.396430903E1
4.100000000E1	8.417373220E1
4.104000000E1	8.417327991E1
4.108000000E1	8.414621541E1
4.112000000E1	8.409445639E1
4.116000000E1	8.405361889E1
4.120000000E1	8.406256811E1
4.124000000E1	8.411316611E1
4.128000000E1	8.418183018E1
4.132000000E1	8.438467435E1
4.136000000E1	8.442062665E1
4.140000000E1	8.441835798E1
4.144000000E1	8.422048779E1
4.148000000E1	8.414587505E1
4.152000000E1	8.391845008E1
4.156000000E1	8.384314334E1
4.160000000E1	8.368426806E1
4.164000000E1	8.362873147E1
4.168000000E1	8.358286443E1
4.172000000E1	8.339508334E1
4.176000000E1	8.331368588E1
4.180000000E1	8.295503395E1
4.184000000E1	8.264017949E1
4.188000000E1	8.219531766E1
4.192000000E1	8.161138457E1
4.196000000E1	8.087300576E1
4.200000000E1	7.983896402E1
4.204000000E1	7.846311263E1
4.208000000E1	7.701593924E1
4.212000000E1	7.556469460E1
4.216000000E1	7.406258171E1
4.220000000E1	7.259480444E1
4.224000000E1	7.116059329E1
4.228000000E1	6.985765755E1
4.232000000E1	6.876420468E1
4.236000000E1	6.785858286E1
4.240000000E1	6.706774992E1
4.244000000E1	6.639037675E1
4.248000000E1	6.578853334E1
4.252000000E1	6.542202553E1
4.256000000E1	6.537888082E1
4.260000000E1	6.555267761E1
4.264000000E1	6.595458275E1
4.268000000E1	6.666067886E1
4.272000000E1	6.747502495E1
4.276000000E1	6.822541568E1
4.280000000E1	6.903204196E1
4.284000000E1	6.980872677E1
4.288000000E1	7.067569760E1
4.292000000E1	7.149098612E1
4.296000000E1	7.216794473E1
4.300000000E1	7.289333881E1
4.304000000E1	7.352039608E1
4.308000000E1	7.412923475E1
4.312000000E1	7.469177270E1
4.316000000E1	7.528903917E1
4.320000000E1	7.580893096E1
4.324000000E1	7.644831247E1
4.328000000E1	7.719117659E1
4.332000000E1	7.808405256E1
4.336000000E1	7.884781768E1
4.340000000E1	7.957806702E1
4.344000000E1	8.027742439E1
4.348000000E1	8.081811552E1
4.352000000E1	8.135125160E1
4.356000000E1	8.183366328E1
4.360000000E1	8.213009368E1
4.364000000E1	8.236318774E1
4.368000000E1	8.259385308E1
4.372000000E1	8.278147026E1
4.376000000E1	8.286063900E1
4.380000000E1	8.301171292E1
4.384000000E1	8.302239491E1
4.388000000E1	8.304323010E1
4.392000000E1	8.320677111E1
4.396000000E1	8.323358506E1
4.400000000E1	8.324783682E1
4.404000000E1	8.322749263E1
4.408000000E1	8.317588905E1
4.412000000E1	8.299645558E1
4.416000000E1	8.294864656E1
4.420000000E1	8.297570868E1
4.424000000E1	8.299377092E1
4.428000000E1	8.301134770E1
4.432000000E1	8.301699817E1
4.436000000E1	8.301248107E1
4.440000000E1	8.300973598E1
4.444000000E1	8.300890287E1
4.448000000E1	8.300088545E1
4.452000000E1	8.298628109E1
4.456000000E1	8.279754891E1
4.460000000E1	8.267144854E1
4.464000000E1	8.225288811E1
4.468000000E1	8.197275075E1
4.472000000E1	8.172234563E1
4.476000000E1	8.130187417E1
4.480000000E1	8.075779176E1
4.484000000E1	8.002727327E1
4.488000000E1	7.905999155E1
4.492000000E1	7.782955041E1
4.496000000E1	7.637286784E1
4.500000000E1	7.487467927E1
4.504000000E1	7.323722928E1
4.508000000E1	7.164791137E1
4.512000000E1	7.014389319E1
4.516000000E1	6.887710366E1
4.520000000E1	6.768847865E1
4.524000000E1	6.662001137E1
4.528000000E1	6.578782140E1
4.532000000E1	6.507416662E1
4.536000000E1	6.459818493E1
4.540000000E1	6.434507294E1
4.544000000E1	6.445885307E1
4.548000000E1	6.475764608E1
4.552000000E1	6.536600833E1
4.556000000E1	6.605036394E1
4.560000000E1	6.666865784E1
4.564000000E1	6.745616178E1
4.568000000E1	6.825737388E1
4.572000000E1	6.913515776E1
4.576000000E1	7.009412237E1
4.580000000E1	7.189496461E1
4.584000000E1	7.188350711E1
4.588000000E1	7.271763092E1
4.592000000E1	7.353091861E1
4.596000000E1	7.423428870E1
4.600000000E1	7.495197089E1
4.604000000E1	7.559604411E1
4.608000000E1	7.620082364E1
4.612000000E1	7.693068097E1
4.616000000E1	7.769922293E1
4.620000000E1	7.851901905E1
4.624000000E1	7.916629955E1
4.628000000E1	7.979311699E1
4.632000000E1	8.037922094E1
4.636000000E1	8.080156462E1
4.640000000E1	8.117134928E1
4.644000000E1	8.143689579E1
4.648000000E1	8.168964460E1
4.652000000E1	8.192582067E1
4.656000000E1	8.220004802E1
4.660000000E1	8.242378164E1
4.664000000E1	8.256500721E1
4.668000000E1	8.270014852E1
4.672000000E1	8.271934009E1
4.676000000E1	8.275457916E1
4.680000000E1	8.285351053E1
4.684000000E1	8.305074993E1
4.688000000E1	8.303936762E1
4.692000000E1	8.303516262E1
4.696000000E1	8.301242426E1
4.700000000E1	8.301126191E1
4.704000000E1	8.300831790E1
4.708000000E1	8.299944591E1
4.712000000E1	8.291736055E1
4.716000000E1	8.279616508E1
4.720000000E1	8.277000703E1
4.724000000E1	8.276245292E1
4.728000000E1	8.276893882E1
4.732000000E1	8.277668761E1
4.736000000E1	8.275966531E1
4.740000000E1	8.274979775E1
4.744000000E1	8.274570085E1
4.748000000E1	8.274255954E1
4.752000000E1	8.274352084E1
4.756000000E1	8.274435326E1
4.760000000E1	8.274551780E1
4.764000000E1	8.274755288E1
4.768000000E1	8.274972856E1
4.772000000E1	8.275182265E1
4.776000000E1	8.274612307E1
4.780000000E1	8.272484436E1
4.784000000E1	8.278108523E1
4.788000000E1	8.298952421E1
4.792000000E1	8.331406253E1
4.796000000E1	8.387108728E1
4.800000000E1	8.448094812E1
4.804000000E1	8.508137439E1
4.808000000E1	8.618743197E1
4.812000000E1	8.619070086E1
4.816000000E1	8.679534010E1
4.820000000E1	8.738256237E1
4.824000000E1	8.793059161E1
4.828000000E1	8.835117689E1
4.832000000E1	8.864866672E1
4.836000000E1	8.884572974E1
4.840000000E1	8.895390343E1
