
t/1	ANGLE/1
0.000000000E0	-1.047812256E1
4.000000000E-2	-1.049393228E1
8.000000000E-2	-1.049849247E1
1.200000000E-1	-1.049205300E1
1.600000000E-1	-1.048416471E1
2.000000000E-1	-1.047652524E1
2.400000000E-1	-1.046967918E1
2.800000000E-1	-1.046456976E1
3.200000000E-1	-1.047031779E1
3.600000000E-1	-1.047357051E1
4.000000000E-1	-1.049065967E1
4.400000000E-1	-1.052695154E1
4.800000000E-1	-1.060532383E1
5.200000000E-1	-1.065579387E1
5.600000000E-1	-1.071455853E1
6.000000000E-1	-1.072468219E1
6.400000000E-1	-1.073021902E1
6.800000000E-1	-1.073309520E1
7.200000000E-1	-1.073477789E1
7.600000000E-1	-1.073858957E1
8.000000000E-1	-1.074071911E1
8.400000000E-1	-1.074691349E1
8.800000000E-1	-1.075549673E1
9.200000000E-1	-1.076311609E1
9.600000000E-1	-1.078747818E1
1.000000000E0	-1.085011016E1
1.040000000E0	-1.080162868E1
1.080000000E0	-1.075328485E1
1.120000000E0	-1.016548977E1
1.160000000E0	-8.728861023E0
1.200000000E0	-6.188243481E0
1.240000000E0	-2.277792135E0
1.280000000E0	2.941395132E0
1.320000000E0	9.495241435E0
1.360000000E0	1.701561623E1
1.400000000E0	2.489329372E1
1.440000000E0	3.280452225E1
1.480000000E0	4.016405069E1
1.520000000E0	4.655889287E1
1.560000000E0	5.184870085E1
1.600000000E0	5.587459313E1
1.640000000E0	5.905725313E1
1.680000000E0	6.134435129E1
1.720000000E0	6.294687143E1
1.760000000E0	6.419172486E1
1.800000000E0	6.499979980E1
1.840000000E0	6.555213181E1
1.880000000E0	6.579943291E1
1.920000000E0	6.572296458E1
1.960000000E0	6.541306972E1
2.000000000E0	6.471366816E1
2.040000000E0	6.347070278E1
2.080000000E0	6.183672018E1
2.120000000E0	5.955053276E1
2.160000000E0	5.662967078E1
2.200000000E0	5.309420346E1
2.240000000E0	4.922383273E1
2.280000000E0	4.524479743E1
2.320000000E0	4.095649256E1
2.360000000E0	3.658642514E1
2.400000000E0	3.238208964E1
2.440000000E0	2.853068694E1
2.480000000E0	2.504491703E1
2.520000000E0	2.210818950E1
2.560000000E0	1.963753944E1
2.600000000E0	1.784126959E1
2.640000000E0	1.671232216E1
2.680000000E0	1.612980850E1
2.720000000E0	1.576737934E1
2.760000000E0	1.574598971E1
2.800000000E0	1.603572911E1
2.840000000E0	1.632868312E1
2.880000000E0	1.656160753E1
2.920000000E0	1.680623310E1
2.960000000E0	1.707884643E1
3.000000000E0	1.738921057E1
3.040000000E0	1.754272275E1
3.080000000E0	1.748235702E1
3.120000000E0	1.734466870E1
3.160000000E0	1.707691531E1
3.200000000E0	1.680725169E1
3.240000000E0	1.649366455E1
3.280000000E0	1.605011508E1
3.320000000E0	1.544715813E1
3.360000000E0	1.466611753E1
3.400000000E0	1.377368574E1
3.440000000E0	1.310441366E1
3.480000000E0	1.271906141E1
3.520000000E0	1.283768181E1
3.560000000E0	1.363780313E1
3.600000000E0	1.521164454E1
3.640000000E0	1.765478137E1
3.680000000E0	2.089883844E1
3.720000000E0	2.491162254E1
3.760000000E0	2.958856528E1
3.800000000E0	3.475125742E1
3.840000000E0	3.987020113E1
3.880000000E0	4.495093356E1
3.920000000E0	4.963166159E1
3.960000000E0	5.402436062E1
4.000000000E0	5.786704990E1
4.040000000E0	6.096572411E1
4.080000000E0	6.353072561E1
4.120000000E0	6.517080876E1
4.160000000E0	6.584783629E1
4.200000000E0	6.581537426E1
4.240000000E0	6.494868105E1
4.280000000E0	6.361331032E1
4.320000000E0	6.186826395E1
4.360000000E0	5.961637178E1
4.400000000E0	5.709405559E1
4.440000000E0	5.412924059E1
4.480000000E0	5.071626313E1
4.520000000E0	4.716310952E1
4.560000000E0	4.347331789E1
4.600000000E0	3.978439581E1
4.640000000E0	3.624767979E1
4.680000000E0	3.297751188E1
4.720000000E0	2.974891868E1
4.760000000E0	2.681078915E1
4.800000000E0	2.434775256E1
4.840000000E0	2.227654867E1
4.880000000E0	2.073875134E1
4.920000000E0	1.955713756E1
4.960000000E0	1.865280761E1
5.000000000E0	1.808332902E1
5.040000000E0	1.773279731E1
5.080000000E0	1.763023755E1
5.120000000E0	1.770009648E1
5.160000000E0	1.764766010E1
5.200000000E0	1.737535223E1
5.240000000E0	1.693806955E1
5.280000000E0	1.620203196E1
5.320000000E0	1.514188344E1
5.360000000E0	1.379098717E1
5.400000000E0	1.215816565E1
5.440000000E0	1.054359151E1
5.480000000E0	9.019075991E0
5.520000000E0	7.615532210E0
5.560000000E0	6.392837910E0
5.600000000E0	5.311018462E0
5.640000000E0	4.358770706E0
5.680000000E0	3.536813229E0
5.720000000E0	2.834345473E0
5.760000000E0	2.305501493E0
5.800000000E0	1.921540827E0
5.840000000E0	1.693946743E0
5.880000000E0	1.566155041E0
5.920000000E0	1.699015178E0
5.960000000E0	2.241085275E0
6.000000000E0	3.126922332E0
6.040000000E0	4.611868284E0
6.080000000E0	6.832373995E0
6.120000000E0	9.822700258E0
6.160000000E0	1.386749870E1
6.200000000E0	1.893681544E1
6.240000000E0	2.494260678E1
6.280000000E0	3.154131563E1
6.320000000E0	3.841971609E1
6.360000000E0	4.495821331E1
6.400000000E0	5.065496903E1
6.440000000E0	5.535280897E1
6.480000000E0	5.888683325E1
6.520000000E0	6.145319460E1
6.560000000E0	6.334109102E1
6.600000000E0	6.424570634E1
6.640000000E0	6.407749842E1
6.680000000E0	6.293906776E1
6.720000000E0	6.132674230E1
6.760000000E0	5.920927977E1
6.800000000E0	5.669551369E1
6.840000000E0	5.332025102E1
6.880000000E0	4.942806463E1
6.920000000E0	4.474031548E1
6.960000000E0	3.985947165E1
7.000000000E0	3.512522183E1
7.040000000E0	3.082679245E1
7.080000000E0	2.680054350E1
7.120000000E0	2.308968010E1
7.160000000E0	1.985537642E1
7.200000000E0	1.718894581E1
7.240000000E0	1.533207137E1
7.280000000E0	1.437303015E1
7.320000000E0	1.386534172E1
7.360000000E0	1.373325460E1
7.400000000E0	1.373220568E1
7.440000000E0	1.370157031E1
7.480000000E0	1.368995802E1
7.520000000E0	1.374753913E1
7.560000000E0	1.376494958E1
7.600000000E0	1.370177381E1
7.640000000E0	1.344658685E1
7.680000000E0	1.313830402E1
7.720000000E0	1.281583932E1
7.760000000E0	1.248938416E1
7.800000000E0	1.223473991E1
7.840000000E0	1.201784544E1
7.880000000E0	1.191940026E1
7.920000000E0	1.177424238E1
7.960000000E0	1.172587018E1
8.000000000E0	1.170309614E1
8.040000000E0	1.169766445E1
8.080000000E0	1.170197921E1
8.120000000E0	1.177086652E1
8.160000000E0	1.209246042E1
8.200000000E0	1.288853007E1
8.240000000E0	1.449560827E1
8.280000000E0	1.730875452E1
8.320000000E0	2.131197956E1
8.360000000E0	2.646530441E1
8.400000000E0	3.234885265E1
8.440000000E0	3.872580549E1
8.480000000E0	4.512068942E1
8.520000000E0	5.102126313E1
8.560000000E0	5.596944319E1
8.600000000E0	6.007418394E1
8.640000000E0	6.296858185E1
8.680000000E0	6.493097763E1
8.720000000E0	6.634724922E1
8.760000000E0	6.671105245E1
8.800000000E0	6.607292857E1
8.840000000E0	6.453577279E1
8.880000000E0	6.252916551E1
8.920000000E0	5.982949662E1
8.960000000E0	5.673018209E1
9.000000000E0	5.298472841E1
9.040000000E0	4.900141232E1
9.080000000E0	4.454728836E1
9.120000000E0	4.005062429E1
9.160000000E0	3.557186285E1
9.200000000E0	3.148182732E1
9.240000000E0	2.754590079E1
9.280000000E0	2.413113610E1
9.320000000E0	2.127492066E1
9.360000000E0	1.893932802E1
9.400000000E0	1.715118132E1
9.440000000E0	1.600286262E1
9.480000000E0	1.511288209E1
9.520000000E0	1.452618397E1
9.560000000E0	1.438731497E1
9.600000000E0	1.435481950E1
9.640000000E0	1.443827525E1
9.680000000E0	1.453642053E1
9.720000000E0	1.455932072E1
9.760000000E0	1.437113204E1
9.800000000E0	1.405967984E1
9.840000000E0	1.368430745E1
9.880000000E0	1.314468906E1
9.920000000E0	1.258972996E1
9.960000000E0	1.215421794E1
1.000000000E1	1.178395882E1
1.004000000E1	1.148128197E1
1.008000000E1	1.123124689E1
1.012000000E1	1.123947476E1
1.016000000E1	1.114772087E1
1.020000000E1	1.113796350E1
1.024000000E1	1.122887775E1
1.028000000E1	1.178430216E1
1.032000000E1	1.286820438E1
1.036000000E1	1.479482181E1
1.040000000E1	1.774237490E1
1.044000000E1	2.174137501E1
1.048000000E1	2.660326714E1
1.052000000E1	3.204751965E1
1.056000000E1	3.775518069E1
1.060000000E1	4.344285994E1
1.064000000E1	4.891787329E1
1.068000000E1	5.395884613E1
1.072000000E1	5.812510489E1
1.076000000E1	6.179511037E1
1.080000000E1	6.459414208E1
1.084000000E1	6.665698496E1
1.088000000E1	6.791432558E1
1.092000000E1	6.822411468E1
1.096000000E1	6.764916751E1
1.100000000E1	6.676948658E1
1.104000000E1	6.520002495E1
1.108000000E1	6.343378951E1
1.112000000E1	6.108233715E1
1.116000000E1	5.839803815E1
1.120000000E1	5.528429722E1
1.124000000E1	5.187510567E1
1.128000000E1	4.782022537E1
1.132000000E1	4.370505474E1
1.136000000E1	3.934496662E1
1.140000000E1	3.522011379E1
1.144000000E1	3.120904189E1
1.148000000E1	2.754505416E1
1.152000000E1	2.432082324E1
1.156000000E1	2.175738862E1
1.160000000E1	1.980720164E1
1.164000000E1	1.842508191E1
1.168000000E1	1.762199773E1
1.172000000E1	1.734557897E1
1.176000000E1	1.731233473E1
1.180000000E1	1.723437107E1
1.184000000E1	1.713704048E1
1.188000000E1	1.703852871E1
1.192000000E1	1.687015439E1
1.196000000E1	1.676165979E1
1.200000000E1	1.653642077E1
1.204000000E1	1.620567133E1
1.208000000E1	1.565500424E1
1.212000000E1	1.498870652E1
1.216000000E1	1.416802553E1
1.220000000E1	1.327095503E1
1.224000000E1	1.242625709E1
1.228000000E1	1.155926421E1
1.232000000E1	1.080032504E1
1.236000000E1	1.038771706E1
1.240000000E1	1.044729916E1
1.244000000E1	1.114068176E1
1.248000000E1	1.280152487E1
1.252000000E1	1.532214026E1
1.256000000E1	1.875626698E1
1.260000000E1	2.291681317E1
1.264000000E1	2.757774335E1
1.268000000E1	3.276692388E1
1.272000000E1	3.818716898E1
1.276000000E1	4.351108520E1
1.280000000E1	4.840114784E1
1.284000000E1	5.301453649E1
1.288000000E1	5.692922751E1
1.292000000E1	6.016412903E1
1.296000000E1	6.289791556E1
1.300000000E1	6.497473988E1
1.304000000E1	6.620697581E1
1.308000000E1	6.664726964E1
1.312000000E1	6.628884231E1
1.316000000E1	6.515123109E1
1.320000000E1	6.339768237E1
1.324000000E1	6.139626513E1
1.328000000E1	5.893929738E1
1.332000000E1	5.578011511E1
1.336000000E1	5.208117641E1
1.340000000E1	4.818081746E1
1.344000000E1	4.402041336E1
1.348000000E1	3.971384166E1
1.352000000E1	3.524536945E1
1.356000000E1	3.111294197E1
1.360000000E1	2.732745387E1
1.364000000E1	2.421946098E1
1.368000000E1	2.160659245E1
1.372000000E1	1.967702817E1
1.376000000E1	1.837708156E1
1.380000000E1	1.763367804E1
1.384000000E1	1.715469939E1
1.388000000E1	1.689010186E1
1.392000000E1	1.679547717E1
1.396000000E1	1.683796161E1
1.400000000E1	1.696262943E1
1.404000000E1	1.685610808E1
1.408000000E1	1.667687746E1
1.412000000E1	1.640149298E1
1.416000000E1	1.607543222E1
1.420000000E1	1.572552691E1
1.424000000E1	1.535890274E1
1.428000000E1	1.497160849E1
1.432000000E1	1.458301039E1
1.436000000E1	1.413345844E1
1.440000000E1	1.366357390E1
1.444000000E1	1.318232208E1
1.448000000E1	1.268681411E1
1.452000000E1	1.226274272E1
1.456000000E1	1.192757843E1
1.460000000E1	1.163832243E1
1.464000000E1	1.144924504E1
1.468000000E1	1.140677664E1
1.472000000E1	1.142456720E1
1.476000000E1	1.147830119E1
1.480000000E1	1.173692974E1
1.484000000E1	1.208555557E1
1.488000000E1	1.262381785E1
1.492000000E1	1.328548030E1
1.496000000E1	1.433789399E1
1.500000000E1	1.567954290E1
1.504000000E1	1.736538232E1
1.508000000E1	1.970654926E1
1.512000000E1	2.262162355E1
1.516000000E1	2.607164610E1
1.520000000E1	3.023906684E1
1.524000000E1	3.501785090E1
1.528000000E1	4.012524294E1
1.532000000E1	4.520993636E1
1.536000000E1	5.007434296E1
1.540000000E1	5.437382515E1
1.544000000E1	5.800787448E1
1.548000000E1	6.104247446E1
1.552000000E1	6.334351189E1
1.556000000E1	6.499526355E1
1.560000000E1	6.591242511E1
1.564000000E1	6.602902795E1
1.568000000E1	6.560008861E1
1.572000000E1	6.442353750E1
1.576000000E1	6.249532321E1
1.580000000E1	5.998869183E1
1.584000000E1	5.696096103E1
1.588000000E1	5.317368029E1
1.592000000E1	4.926182270E1
1.596000000E1	4.501070063E1
1.600000000E1	4.049377881E1
1.604000000E1	3.633235031E1
1.608000000E1	3.226589924E1
1.612000000E1	2.857222865E1
1.616000000E1	2.519190006E1
1.620000000E1	2.216644651E1
1.624000000E1	1.956537867E1
1.628000000E1	1.759450833E1
1.632000000E1	1.634761747E1
1.636000000E1	1.566796760E1
1.640000000E1	1.519567682E1
1.644000000E1	1.488850268E1
1.648000000E1	1.489539767E1
1.652000000E1	1.501339044E1
1.656000000E1	1.506282382E1
1.660000000E1	1.501237438E1
1.664000000E1	1.480026884E1
1.668000000E1	1.460028707E1
1.672000000E1	1.435333742E1
1.676000000E1	1.408139354E1
1.680000000E1	1.382827718E1
1.684000000E1	1.370695628E1
1.688000000E1	1.351406769E1
1.692000000E1	1.348060534E1
1.696000000E1	1.348584436E1
1.700000000E1	1.353191273E1
1.704000000E1	1.374195338E1
1.708000000E1	1.396459823E1
1.712000000E1	1.438760849E1
1.716000000E1	1.503700328E1
1.720000000E1	1.608438287E1
1.724000000E1	1.756470490E1
1.728000000E1	1.945152710E1
1.732000000E1	2.169835836E1
1.736000000E1	2.436401009E1
1.740000000E1	2.750918627E1
1.744000000E1	3.126667170E1
1.748000000E1	3.565320495E1
1.752000000E1	4.040636958E1
1.756000000E1	4.509046068E1
1.760000000E1	4.953639608E1
1.764000000E1	5.358719641E1
1.768000000E1	5.719777920E1
1.772000000E1	6.027128630E1
1.776000000E1	6.264491481E1
1.780000000E1	6.433524534E1
1.784000000E1	6.526131135E1
1.788000000E1	6.547612908E1
1.792000000E1	6.504351333E1
1.796000000E1	6.379243258E1
1.800000000E1	6.200241758E1
1.804000000E1	5.966147044E1
1.808000000E1	5.639399854E1
1.812000000E1	5.299703869E1
1.816000000E1	4.925178021E1
1.820000000E1	4.524456894E1
1.824000000E1	4.105571407E1
1.828000000E1	3.685575974E1
1.832000000E1	3.290559814E1
1.836000000E1	2.916115363E1
1.840000000E1	2.558599924E1
1.844000000E1	2.250860196E1
1.848000000E1	1.998605325E1
1.852000000E1	1.807076871E1
1.856000000E1	1.680738940E1
1.860000000E1	1.556714338E1
1.864000000E1	1.477076478E1
1.868000000E1	1.435594686E1
1.872000000E1	1.417340320E1
1.876000000E1	1.412262870E1
1.880000000E1	1.419069985E1
1.884000000E1	1.428227582E1
1.888000000E1	1.440318851E1
1.892000000E1	1.438714577E1
1.896000000E1	1.430868076E1
1.900000000E1	1.422270433E1
1.904000000E1	1.412033591E1
1.908000000E1	1.409075826E1
1.912000000E1	1.409211215E1
1.916000000E1	1.409966468E1
1.920000000E1	1.416529674E1
1.924000000E1	1.436927889E1
1.928000000E1	1.461076307E1
1.932000000E1	1.502421734E1
1.936000000E1	1.570509264E1
1.940000000E1	1.677070779E1
1.944000000E1	1.855681189E1
1.948000000E1	2.103996099E1
1.952000000E1	2.421559387E1
1.956000000E1	2.797746848E1
1.960000000E1	3.216206554E1
1.964000000E1	3.687250922E1
1.968000000E1	4.165180144E1
1.972000000E1	4.638130207E1
1.976000000E1	5.097042007E1
1.980000000E1	5.516136785E1
1.984000000E1	5.874311590E1
1.988000000E1	6.192090878E1
1.992000000E1	6.453283888E1
1.996000000E1	6.634196658E1
2.000000000E1	6.745899371E1
2.004000000E1	6.806495352E1
2.008000000E1	6.774600823E1
2.012000000E1	6.638734168E1
2.016000000E1	6.446408427E1
2.020000000E1	6.209261128E1
2.024000000E1	5.873341329E1
2.028000000E1	5.522679546E1
2.032000000E1	5.116206077E1
2.036000000E1	4.680233372E1
2.040000000E1	4.226016957E1
2.044000000E1	3.763820946E1
2.048000000E1	3.343325305E1
2.052000000E1	2.938815948E1
2.056000000E1	2.566208778E1
2.060000000E1	2.238009729E1
2.064000000E1	1.945811130E1
2.068000000E1	1.725537569E1
2.072000000E1	1.559356427E1
2.076000000E1	1.446373293E1
2.080000000E1	1.375935695E1
2.084000000E1	1.335278767E1
2.088000000E1	1.312827979E1
2.092000000E1	1.305607933E1
2.096000000E1	1.306099790E1
2.100000000E1	1.303480019E1
2.104000000E1	1.299347895E1
2.108000000E1	1.297968059E1
2.112000000E1	1.297375525E1
2.116000000E1	1.297562221E1
2.120000000E1	1.316598146E1
2.124000000E1	1.338979918E1
2.128000000E1	1.376872356E1
2.132000000E1	1.425439887E1
2.136000000E1	1.501360501E1
2.140000000E1	1.599508849E1
2.144000000E1	1.726865614E1
2.148000000E1	1.888147792E1
2.152000000E1	2.087487232E1
2.156000000E1	2.341229804E1
2.160000000E1	2.627844948E1
2.164000000E1	2.947063017E1
2.168000000E1	3.309469669E1
2.172000000E1	3.686935446E1
2.176000000E1	4.078533098E1
2.180000000E1	4.459583892E1
2.184000000E1	4.839089130E1
2.188000000E1	5.178693878E1
2.192000000E1	5.490882199E1
2.196000000E1	5.747137264E1
2.200000000E1	5.987977664E1
2.204000000E1	6.189517518E1
2.208000000E1	6.350009155E1
2.212000000E1	6.490525221E1
2.216000000E1	6.595016649E1
2.220000000E1	6.667175580E1
2.224000000E1	6.665958659E1
2.228000000E1	6.594692923E1
2.232000000E1	6.468400650E1
2.236000000E1	6.297934419E1
2.240000000E1	6.063815536E1
2.244000000E1	5.761767827E1
2.248000000E1	5.409184123E1
2.252000000E1	5.021137815E1
2.256000000E1	4.600491178E1
2.260000000E1	4.175697201E1
2.264000000E1	3.768514431E1
2.268000000E1	3.381855759E1
2.272000000E1	3.025415772E1
2.276000000E1	2.716799110E1
2.280000000E1	2.467097749E1
2.284000000E1	2.264648107E1
2.288000000E1	2.114588146E1
2.292000000E1	2.002385819E1
2.296000000E1	1.925326050E1
2.300000000E1	1.865845551E1
2.304000000E1	1.810206325E1
2.308000000E1	1.753031145E1
2.312000000E1	1.691866050E1
2.316000000E1	1.650615926E1
2.320000000E1	1.610531160E1
2.324000000E1	1.579104176E1
2.328000000E1	1.551480854E1
2.332000000E1	1.525168986E1
2.336000000E1	1.511406486E1
2.340000000E1	1.504278390E1
2.344000000E1	1.496123743E1
2.348000000E1	1.492725596E1
2.352000000E1	1.490777199E1
2.356000000E1	1.490556821E1
2.360000000E1	1.516393312E1
2.364000000E1	1.583291264E1
2.368000000E1	1.720435734E1
2.372000000E1	1.936018768E1
2.376000000E1	2.214924422E1
2.380000000E1	2.556232718E1
2.384000000E1	2.956140216E1
2.388000000E1	3.425702781E1
2.392000000E1	3.933598715E1
2.396000000E1	4.438142525E1
2.400000000E1	4.926201533E1
2.404000000E1	5.389821472E1
2.408000000E1	5.797528355E1
2.412000000E1	6.150109595E1
2.416000000E1	6.456311765E1
2.420000000E1	6.690288261E1
2.424000000E1	6.842342373E1
2.428000000E1	6.901950547E1
2.432000000E1	6.874538966E1
2.436000000E1	6.816403957E1
2.440000000E1	6.746523399E1
2.444000000E1	6.611037856E1
2.448000000E1	6.416560617E1
2.452000000E1	6.175988264E1
2.456000000E1	5.904109523E1
2.460000000E1	5.581211091E1
2.464000000E1	5.214801439E1
2.468000000E1	4.835824883E1
2.472000000E1	4.438239037E1
2.476000000E1	4.055915531E1
2.480000000E1	3.704213666E1
2.484000000E1	3.387757072E1
2.488000000E1	3.097965898E1
2.492000000E1	2.825325025E1
2.496000000E1	2.575830251E1
2.500000000E1	2.360563426E1
2.504000000E1	2.205299503E1
2.508000000E1	2.095239049E1
2.512000000E1	2.030861923E1
2.516000000E1	1.994316708E1
2.520000000E1	1.959967735E1
2.524000000E1	1.911816655E1
2.528000000E1	1.868663437E1
2.532000000E1	1.841498603E1
2.536000000E1	1.823386254E1
2.540000000E1	1.811628288E1
2.544000000E1	1.800588662E1
2.548000000E1	1.787633121E1
2.552000000E1	1.777886296E1
2.556000000E1	1.759565527E1
2.560000000E1	1.744736032E1
2.564000000E1	1.722726034E1
2.568000000E1	1.694112453E1
2.572000000E1	1.666731378E1
2.576000000E1	1.629968537E1
2.580000000E1	1.598622775E1
2.584000000E1	1.561630900E1
2.588000000E1	1.526869682E1
2.592000000E1	1.493144354E1
2.596000000E1	1.460283376E1
2.600000000E1	1.423552811E1
2.604000000E1	1.392396219E1
2.608000000E1	1.365113935E1
2.612000000E1	1.339183166E1
2.616000000E1	1.312068120E1
2.620000000E1	1.323305603E1
2.624000000E1	1.311848511E1
2.628000000E1	1.317802447E1
2.632000000E1	1.349137468E1
2.636000000E1	1.412071462E1
2.640000000E1	1.523856122E1
2.644000000E1	1.675976943E1
2.648000000E1	1.871846390E1
2.652000000E1	2.117174239E1
2.656000000E1	2.418728676E1
2.660000000E1	2.760231336E1
2.664000000E1	3.146290903E1
2.668000000E1	3.540070160E1
2.672000000E1	3.932378104E1
2.676000000E1	4.303642671E1
2.680000000E1	4.658557452E1
2.684000000E1	4.972145046E1
2.688000000E1	5.250934129E1
2.692000000E1	5.493162199E1
2.696000000E1	5.694463684E1
2.700000000E1	5.863309357E1
2.704000000E1	5.981864815E1
2.708000000E1	6.093959481E1
2.712000000E1	6.177578389E1
2.716000000E1	6.239197291E1
2.720000000E1	6.373289060E1
2.724000000E1	6.447203434E1
2.728000000E1	6.497797310E1
2.732000000E1	6.529108003E1
2.736000000E1	6.526919761E1
2.740000000E1	6.483377653E1
2.744000000E1	6.382315114E1
2.748000000E1	6.224591609E1
2.752000000E1	6.028496775E1
2.756000000E1	5.740309648E1
2.760000000E1	5.440062261E1
2.764000000E1	5.077657205E1
2.768000000E1	4.666459995E1
2.772000000E1	4.236821383E1
2.776000000E1	3.797232318E1
2.780000000E1	3.378428537E1
2.784000000E1	2.998616386E1
2.788000000E1	2.647191218E1
2.792000000E1	2.349004159E1
2.796000000E1	2.096058790E1
2.800000000E1	1.908796051E1
2.804000000E1	1.792381529E1
2.808000000E1	1.731346657E1
2.812000000E1	1.717512672E1
2.816000000E1	1.720756216E1
2.820000000E1	1.726566981E1
2.824000000E1	1.728238051E1
2.828000000E1	1.723973174E1
2.832000000E1	1.708223039E1
2.836000000E1	1.669106032E1
2.840000000E1	1.621856756E1
2.844000000E1	1.554266831E1
2.848000000E1	1.488690579E1
2.852000000E1	1.426035124E1
2.856000000E1	1.363386017E1
2.860000000E1	1.300926469E1
2.864000000E1	1.244376798E1
2.868000000E1	1.204663732E1
2.872000000E1	1.162242955E1
2.876000000E1	1.125637436E1
2.880000000E1	1.103279178E1
2.884000000E1	1.085248336E1
2.888000000E1	1.084360481E1
2.892000000E1	1.088407439E1
2.896000000E1	1.090955933E1
2.900000000E1	1.092281038E1
2.904000000E1	1.091966525E1
2.908000000E1	1.091872637E1
2.912000000E1	1.091297996E1
2.916000000E1	1.090615770E1
2.920000000E1	1.090808727E1
2.924000000E1	1.090049508E1
2.928000000E1	1.090469988E1
2.932000000E1	1.090658841E1
2.936000000E1	1.091081980E1
2.940000000E1	1.091377358E1
2.944000000E1	1.092749166E1
2.948000000E1	1.111726660E1
2.952000000E1	1.148489409E1
2.956000000E1	1.245106235E1
2.960000000E1	1.419654273E1
2.964000000E1	1.693784539E1
2.968000000E1	2.081265804E1
2.972000000E1	2.576881855E1
2.976000000E1	3.150314938E1
2.980000000E1	3.767265658E1
2.984000000E1	4.372907744E1
2.988000000E1	4.933845196E1
2.992000000E1	5.409264153E1
2.996000000E1	5.799903701E1
3.000000000E1	6.093051739E1
3.004000000E1	6.311564137E1
3.008000000E1	6.478452929E1
3.012000000E1	6.582342020E1
3.016000000E1	6.581186324E1
3.020000000E1	6.471769875E1
3.024000000E1	6.271589918E1
3.028000000E1	6.011992693E1
3.032000000E1	5.707407471E1
3.036000000E1	5.365718113E1
3.040000000E1	4.962663993E1
3.044000000E1	4.538581305E1
3.048000000E1	4.108161867E1
3.052000000E1	3.678094260E1
3.056000000E1	3.263994394E1
3.060000000E1	2.885368335E1
3.064000000E1	2.543966553E1
3.068000000E1	2.253898584E1
3.072000000E1	2.039908845E1
3.076000000E1	1.871631211E1
3.080000000E1	1.737334727E1
3.084000000E1	1.638691044E1
3.088000000E1	1.580403164E1
3.092000000E1	1.544860003E1
3.096000000E1	1.541966534E1
3.100000000E1	1.543161530E1
3.104000000E1	1.535653490E1
3.108000000E1	1.511551911E1
3.112000000E1	1.492449433E1
3.116000000E1	1.468174146E1
3.120000000E1	1.443426624E1
3.124000000E1	1.426346531E1
3.128000000E1	1.412841714E1
3.132000000E1	1.408584686E1
3.136000000E1	1.410005932E1
3.140000000E1	1.410427119E1
3.144000000E1	1.410791571E1
3.148000000E1	1.411746395E1
3.152000000E1	1.409464001E1
3.156000000E1	1.407559343E1
3.160000000E1	1.407110427E1
3.164000000E1	1.405397330E1
3.168000000E1	1.405122710E1
3.172000000E1	1.404748304E1
3.176000000E1	1.405255686E1
3.180000000E1	1.406107019E1
3.184000000E1	1.407691492E1
3.188000000E1	1.410873682E1
3.192000000E1	1.414964655E1
3.196000000E1	1.430830590E1
3.200000000E1	1.443755876E1
3.204000000E1	1.503246159E1
3.208000000E1	1.652834393E1
3.212000000E1	1.904430583E1
3.216000000E1	2.277592154E1
3.220000000E1	2.751816812E1
3.224000000E1	3.307376951E1
3.228000000E1	3.906755666E1
3.232000000E1	4.490496546E1
3.236000000E1	5.024898506E1
3.240000000E1	5.475598320E1
3.244000000E1	5.844787052E1
3.248000000E1	6.147426966E1
3.252000000E1	6.365770165E1
3.256000000E1	6.505243260E1
3.260000000E1	6.551627388E1
3.264000000E1	6.501055238E1
3.268000000E1	6.349456292E1
3.272000000E1	6.117934637E1
3.276000000E1	5.818038115E1
3.280000000E1	5.481565908E1
3.284000000E1	5.091339107E1
3.288000000E1	4.665902235E1
3.292000000E1	4.249982324E1
3.296000000E1	3.802789233E1
3.300000000E1	3.349694652E1
3.304000000E1	2.932077278E1
3.308000000E1	2.541483074E1
3.312000000E1	2.195186650E1
3.316000000E1	1.908933245E1
3.320000000E1	1.710502228E1
3.324000000E1	1.593457305E1
3.328000000E1	1.522894147E1
3.332000000E1	1.495666200E1
3.336000000E1	1.483165821E1
3.340000000E1	1.482404480E1
3.344000000E1	1.478157951E1
3.348000000E1	1.478696076E1
3.352000000E1	1.474920067E1
3.356000000E1	1.462702554E1
3.360000000E1	1.446269071E1
3.364000000E1	1.430904427E1
3.368000000E1	1.426106328E1
3.372000000E1	1.423191992E1
3.376000000E1	1.423067679E1
3.380000000E1	1.424091924E1
3.384000000E1	1.422534379E1
3.388000000E1	1.421701790E1
3.392000000E1	1.419681622E1
3.396000000E1	1.418076707E1
3.400000000E1	1.419590975E1
3.404000000E1	1.422181720E1
3.408000000E1	1.443793426E1
3.412000000E1	1.482604091E1
3.416000000E1	1.599743790E1
3.420000000E1	1.794858102E1
3.424000000E1	2.097105242E1
3.428000000E1	2.509396120E1
3.432000000E1	2.998957386E1
3.436000000E1	3.557957224E1
3.440000000E1	4.130517433E1
3.444000000E1	4.671060912E1
3.448000000E1	5.156605010E1
3.452000000E1	5.562549397E1
3.456000000E1	5.916372890E1
3.460000000E1	6.201392670E1
3.464000000E1	6.431334464E1
3.468000000E1	6.599592985E1
3.472000000E1	6.695835934E1
3.476000000E1	6.711961211E1
3.480000000E1	6.640804553E1
3.484000000E1	6.482620397E1
3.488000000E1	6.265746125E1
3.492000000E1	5.925447485E1
3.496000000E1	5.578487588E1
3.500000000E1	5.120678031E1
3.504000000E1	4.645199185E1
3.508000000E1	4.133679658E1
3.512000000E1	3.665850818E1
3.516000000E1	3.242434826E1
3.520000000E1	2.870067169E1
3.524000000E1	2.547508198E1
3.528000000E1	2.264269810E1
3.532000000E1	2.039389260E1
3.536000000E1	1.853328840E1
3.540000000E1	1.702816467E1
3.544000000E1	1.586891895E1
3.548000000E1	1.509293431E1
3.552000000E1	1.448815408E1
3.556000000E1	1.411936273E1
3.560000000E1	1.405102790E1
3.564000000E1	1.400827484E1
3.568000000E1	1.387028367E1
3.572000000E1	1.373753245E1
3.576000000E1	1.366028700E1
3.580000000E1	1.362997237E1
3.584000000E1	1.362287598E1
3.588000000E1	1.362019065E1
3.592000000E1	1.353923884E1
3.596000000E1	1.338197623E1
3.600000000E1	1.331523519E1
3.604000000E1	1.326974072E1
3.608000000E1	1.325420251E1
3.612000000E1	1.326767108E1
3.616000000E1	1.329752711E1
3.620000000E1	1.331126211E1
3.624000000E1	1.332332840E1
3.628000000E1	1.332895156E1
3.632000000E1	1.333179709E1
3.636000000E1	1.334623298E1
3.640000000E1	1.335154032E1
3.644000000E1	1.334927527E1
3.648000000E1	1.334841094E1
3.652000000E1	1.336043594E1
3.656000000E1	1.347581016E1
3.660000000E1	1.390483819E1
3.664000000E1	1.513403136E1
3.668000000E1	1.727898918E1
3.672000000E1	2.065654423E1
3.676000000E1	2.511705785E1
3.680000000E1	3.055556656E1
3.684000000E1	3.646762998E1
3.688000000E1	4.246859937E1
3.692000000E1	4.815089310E1
3.696000000E1	5.304444605E1
3.700000000E1	5.723483296E1
3.704000000E1	6.031048439E1
3.708000000E1	6.251923419E1
3.712000000E1	6.392275176E1
3.716000000E1	6.415724541E1
3.720000000E1	6.353240206E1
3.724000000E1	6.198077793E1
3.728000000E1	5.960564077E1
3.732000000E1	5.670271154E1
3.736000000E1	5.288057185E1
3.740000000E1	4.898533384E1
3.744000000E1	4.453790272E1
3.748000000E1	3.981211301E1
3.752000000E1	3.530894927E1
3.756000000E1	3.098991636E1
3.760000000E1	2.717791589E1
3.764000000E1	2.394647394E1
3.768000000E1	2.119588790E1
3.772000000E1	1.918089472E1
3.776000000E1	1.760748915E1
3.780000000E1	1.634367147E1
3.784000000E1	1.549245012E1
3.788000000E1	1.516837658E1
3.792000000E1	1.486571948E1
3.796000000E1	1.460098123E1
3.800000000E1	1.448117362E1
3.804000000E1	1.439896433E1
3.808000000E1	1.436947037E1
3.812000000E1	1.431883809E1
3.816000000E1	1.429463483E1
3.820000000E1	1.431873691E1
3.824000000E1	1.433764210E1
3.828000000E1	1.434092216E1
3.832000000E1	1.434167092E1
3.836000000E1	1.435286042E1
3.840000000E1	1.437618319E1
3.844000000E1	1.435497321E1
3.848000000E1	1.435167849E1
3.852000000E1	1.434021223E1
3.856000000E1	1.433317133E1
3.860000000E1	1.433608129E1
3.864000000E1	1.434114540E1
3.868000000E1	1.432891604E1
3.872000000E1	1.432524130E1
3.876000000E1	1.432710283E1
3.880000000E1	1.433169295E1
3.884000000E1	1.434557690E1
3.888000000E1	1.471550044E1
3.892000000E1	1.568838160E1
3.896000000E1	1.771065239E1
3.900000000E1	2.061045025E1
3.904000000E1	2.444093046E1
3.908000000E1	2.913290491E1
3.912000000E1	3.444291026E1
3.916000000E1	3.988166732E1
3.920000000E1	4.519284141E1
3.924000000E1	5.008787319E1
3.928000000E1	5.446527233E1
3.932000000E1	5.839567238E1
3.936000000E1	6.157104632E1
3.940000000E1	6.432102690E1
3.944000000E1	6.655752968E1
3.948000000E1	6.756990372E1
3.952000000E1	6.747577017E1
3.956000000E1	6.649658210E1
3.960000000E1	6.455347692E1
3.964000000E1	6.195204255E1
3.968000000E1	5.892502080E1
3.972000000E1	5.498043088E1
3.976000000E1	5.105636361E1
3.980000000E1	4.681077724E1
3.984000000E1	4.229573473E1
3.988000000E1	3.793456302E1
3.992000000E1	3.374681815E1
3.996000000E1	2.994447185E1
4.000000000E1	2.653352609E1
4.004000000E1	2.349655899E1
4.008000000E1	2.094016453E1
4.012000000E1	1.870767050E1
4.016000000E1	1.682708007E1
4.020000000E1	1.531050210E1
4.024000000E1	1.410854723E1
4.028000000E1	1.320601427E1
4.032000000E1	1.263518488E1
4.036000000E1	1.251959294E1
4.040000000E1	1.261085120E1
4.044000000E1	1.267458791E1
4.048000000E1	1.273910317E1
4.052000000E1	1.269175818E1
4.056000000E1	1.266606742E1
4.060000000E1	1.266107542E1
4.064000000E1	1.265920392E1
4.068000000E1	1.263568344E1
4.072000000E1	1.258541948E1
4.076000000E1	1.257400423E1
4.080000000E1	1.256305365E1
4.084000000E1	1.254635985E1
4.088000000E1	1.251006947E1
4.092000000E1	1.253604696E1
4.096000000E1	1.250782821E1
4.100000000E1	1.251211707E1
4.104000000E1	1.253232820E1
4.108000000E1	1.253638508E1
4.112000000E1	1.253267944E1
4.116000000E1	1.255137836E1
4.120000000E1	1.255059587E1
4.124000000E1	1.255619560E1
4.128000000E1	1.255994611E1
4.132000000E1	1.256181673E1
4.136000000E1	1.256672380E1
4.140000000E1	1.257050356E1
4.144000000E1	1.257020232E1
4.148000000E1	1.256986329E1
4.152000000E1	1.257166502E1
4.156000000E1	1.257231876E1
4.160000000E1	1.257039541E1
4.164000000E1	1.256876820E1
4.168000000E1	1.257202371E1
4.172000000E1	1.257262295E1
4.176000000E1	1.257156727E1
4.180000000E1	1.256976757E1
4.184000000E1	1.256975561E1
4.188000000E1	1.256940013E1
4.192000000E1	1.257106671E1
4.196000000E1	1.257101386E1
4.200000000E1	1.255688772E1
4.204000000E1	1.246998951E1
4.208000000E1	1.234147497E1
4.212000000E1	1.207384549E1
4.216000000E1	1.166179703E1
4.220000000E1	1.089526339E1
4.224000000E1	9.953324444E0
4.228000000E1	8.892580520E0
4.232000000E1	7.853271511E0
4.236000000E1	6.808625335E0
4.240000000E1	6.007348308E0
4.244000000E1	5.356525509E0
4.248000000E1	4.844720779E0
4.252000000E1	4.352748491E0
4.256000000E1	4.004699805E0
4.260000000E1	3.838913257E0
4.264000000E1	3.845130061E0
4.268000000E1	4.060890652E0
4.272000000E1	4.144863831E0
4.276000000E1	4.140648190E0
4.280000000E1	4.131371303E0
4.284000000E1	4.117934486E0
4.288000000E1	4.107909632E0
4.292000000E1	4.118607468E0
4.296000000E1	4.108705430E0
