
t/1	ANGLE/1
0.000000000E0	-7.753918567E1
4.000000000E-2	-7.754384130E1
8.000000000E-2	-7.752436096E1
1.200000000E-1	-7.751688050E1
1.600000000E-1	-7.753105777E1
2.000000000E-1	-7.748727774E1
2.400000000E-1	-7.742126147E1
2.800000000E-1	-7.743621656E1
3.200000000E-1	-7.745864564E1
3.600000000E-1	-7.738706467E1
4.000000000E-1	-7.725361064E1
4.400000000E-1	-7.721866909E1
4.800000000E-1	-7.716240554E1
5.200000000E-1	-7.715228530E1
5.600000000E-1	-7.727804111E1
6.000000000E-1	-7.718105876E1
6.400000000E-1	-7.708783251E1
6.800000000E-1	-7.697550139E1
7.200000000E-1	-7.674989487E1
7.600000000E-1	-7.660169005E1
8.000000000E-1	-7.643446125E1
8.400000000E-1	-7.625072210E1
8.800000000E-1	-7.614019660E1
9.200000000E-1	-7.615133124E1
9.600000000E-1	-7.617766403E1
1.000000000E0	-7.635059440E1
1.040000000E0	-7.686944333E1
1.080000000E0	-7.780543410E1
1.120000000E0	-7.959391824E1
1.160000000E0	-8.221340293E1
1.200000000E0	-8.581693107E1
1.240000000E0	-8.958209502E1
1.280000000E0	-9.348779680E1
1.320000000E0	-1.021123681E2
1.360000000E0	-1.024915785E2
1.400000000E0	-1.062869244E2
1.440000000E0	-1.102593142E2
1.480000000E0	-1.139703258E2
1.520000000E0	-1.171194298E2
1.560000000E0	-1.191376315E2
1.600000000E0	-1.210793374E2
1.640000000E0	-1.234251980E2
1.680000000E0	-1.259372095E2
1.720000000E0	-1.276345072E2
1.760000000E0	-1.286794631E2
1.800000000E0	-1.296735459E2
1.840000000E0	-1.303579253E2
1.880000000E0	-1.306882750E2
1.920000000E0	-1.300605451E2
1.960000000E0	-1.273412286E2
2.000000000E0	-1.227004063E2
2.040000000E0	-1.167128644E2
2.080000000E0	-1.095372420E2
2.120000000E0	-1.016537029E2
2.160000000E0	-9.395283194E1
2.200000000E0	-8.675972390E1
2.240000000E0	-8.149002636E1
2.280000000E0	-7.818925904E1
2.320000000E0	-7.625188069E1
2.360000000E0	-7.543736156E1
2.400000000E0	-7.531583589E1
2.440000000E0	-7.540829337E1
2.480000000E0	-7.560949465E1
2.520000000E0	-7.554969066E1
2.560000000E0	-7.544619951E1
2.600000000E0	-7.570636830E1
2.640000000E0	-7.607007263E1
2.680000000E0	-7.599529410E1
2.720000000E0	-7.596037090E1
2.760000000E0	-7.588440824E1
2.800000000E0	-7.594303743E1
2.840000000E0	-7.592532865E1
2.880000000E0	-7.598377978E1
2.920000000E0	-7.592213184E1
2.960000000E0	-7.592457472E1
3.000000000E0	-7.590859557E1
3.040000000E0	-7.590810750E1
3.080000000E0	-7.588261370E1
3.120000000E0	-7.596747955E1
3.160000000E0	-7.619635269E1
3.200000000E0	-7.670129778E1
3.240000000E0	-7.753015236E1
3.280000000E0	-7.874955568E1
3.320000000E0	-8.103511829E1
3.360000000E0	-8.453239877E1
3.400000000E0	-8.838458323E1
3.440000000E0	-9.279588172E1
3.480000000E0	-9.692602062E1
3.520000000E0	-1.008592502E2
3.560000000E0	-1.040712128E2
3.600000000E0	-1.072770935E2
3.640000000E0	-1.114554515E2
3.680000000E0	-1.154891520E2
3.720000000E0	-1.187955342E2
3.760000000E0	-1.218553757E2
3.800000000E0	-1.245416297E2
3.840000000E0	-1.268007576E2
3.880000000E0	-1.286134812E2
3.920000000E0	-1.309564516E2
3.960000000E0	-1.310206401E2
4.000000000E0	-1.305927195E2
4.040000000E0	-1.284154475E2
4.080000000E0	-1.244310692E2
4.120000000E0	-1.191664170E2
4.160000000E0	-1.129976180E2
4.200000000E0	-1.065071626E2
4.240000000E0	-9.953092191E1
4.280000000E0	-9.311405501E1
4.320000000E0	-8.823896326E1
4.360000000E0	-8.462834308E1
4.400000000E0	-8.223554168E1
4.440000000E0	-8.093368869E1
4.480000000E0	-8.003986520E1
4.520000000E0	-7.969684295E1
4.560000000E0	-7.940446098E1
4.600000000E0	-7.921255352E1
4.640000000E0	-7.940487945E1
4.680000000E0	-7.941875955E1
4.720000000E0	-7.929709154E1
4.760000000E0	-7.907893801E1
4.800000000E0	-7.891401828E1
4.840000000E0	-7.893605348E1
4.880000000E0	-7.885895789E1
4.920000000E0	-7.887548508E1
4.960000000E0	-7.887658848E1
5.000000000E0	-7.882706754E1
5.040000000E0	-7.879257693E1
5.080000000E0	-7.875596113E1
5.120000000E0	-7.874113385E1
5.160000000E0	-7.873941002E1
5.200000000E0	-7.885395354E1
5.240000000E0	-7.914900773E1
5.280000000E0	-7.970709530E1
5.320000000E0	-8.061330554E1
5.360000000E0	-8.192007067E1
5.400000000E0	-8.405238785E1
5.440000000E0	-8.723416370E1
5.480000000E0	-9.076388773E1
5.520000000E0	-9.468082916E1
5.560000000E0	-9.843264417E1
5.600000000E0	-1.021811902E2
5.640000000E0	-1.060684532E2
5.680000000E0	-1.104342607E2
5.720000000E0	-1.148282910E2
5.760000000E0	-1.185398193E2
5.800000000E0	-1.219868839E2
5.840000000E0	-1.250943928E2
5.880000000E0	-1.276278319E2
5.920000000E0	-1.296628570E2
5.960000000E0	-1.306881129E2
6.000000000E0	-1.301397642E2
6.040000000E0	-1.248747889E2
6.080000000E0	-1.232369039E2
6.120000000E0	-1.207332160E2
6.160000000E0	-1.160199172E2
6.200000000E0	-1.105027229E2
6.240000000E0	-1.044704323E2
6.280000000E0	-9.838549713E1
6.320000000E0	-9.261418565E1
6.360000000E0	-8.777396028E1
6.400000000E0	-8.393989910E1
6.440000000E0	-8.095890632E1
6.480000000E0	-7.865179477E1
6.520000000E0	-7.697775720E1
6.560000000E0	-7.600824084E1
6.600000000E0	-7.560525346E1
6.640000000E0	-7.593522565E1
6.680000000E0	-7.629524770E1
6.720000000E0	-7.644288739E1
6.760000000E0	-7.640004139E1
6.800000000E0	-7.607517130E1
6.840000000E0	-7.588249420E1
6.880000000E0	-7.569540545E1
6.920000000E0	-7.563746388E1
6.960000000E0	-7.573170053E1
7.000000000E0	-7.573189118E1
7.040000000E0	-7.565108206E1
7.080000000E0	-7.556194593E1
7.120000000E0	-7.559171880E1
7.160000000E0	-7.563200368E1
7.200000000E0	-7.566848458E1
7.240000000E0	-7.568547654E1
7.280000000E0	-7.567726238E1
7.320000000E0	-7.567113132E1
7.360000000E0	-7.566043472E1
7.400000000E0	-7.565661297E1
7.440000000E0	-7.565807538E1
7.480000000E0	-7.569335185E1
7.520000000E0	-7.573784054E1
7.560000000E0	-7.575701793E1
7.600000000E0	-7.585849006E1
7.640000000E0	-7.580758962E1
7.680000000E0	-7.589409956E1
7.720000000E0	-7.626727822E1
7.760000000E0	-7.684813255E1
7.800000000E0	-7.809138301E1
7.840000000E0	-8.066451226E1
7.880000000E0	-8.459276543E1
7.920000000E0	-8.952860859E1
7.960000000E0	-9.493665176E1
8.000000000E0	-9.980055279E1
8.040000000E0	-1.039350459E2
8.080000000E0	-1.085672882E2
8.120000000E0	-1.139321282E2
8.160000000E0	-1.188761780E2
8.200000000E0	-1.226659068E2
8.240000000E0	-1.256811878E2
8.280000000E0	-1.283229412E2
8.320000000E0	-1.300832816E2
8.360000000E0	-1.298205993E2
8.400000000E0	-1.275142831E2
8.440000000E0	-1.232748114E2
8.480000000E0	-1.177672581E2
8.520000000E0	-1.117220775E2
8.560000000E0	-1.051892638E2
8.600000000E0	-9.875618058E1
8.640000000E0	-9.245352190E1
8.680000000E0	-8.702505840E1
8.720000000E0	-7.940760108E1
8.760000000E0	-7.870446664E1
8.800000000E0	-7.669263403E1
8.840000000E0	-7.550962780E1
8.880000000E0	-7.461147670E1
8.920000000E0	-7.407792370E1
8.960000000E0	-7.451785940E1
9.000000000E0	-7.485429012E1
9.040000000E0	-7.487710778E1
9.080000000E0	-7.476093918E1
9.120000000E0	-7.473524217E1
9.160000000E0	-7.459836261E1
9.200000000E0	-7.452167558E1
9.240000000E0	-7.451208951E1
9.280000000E0	-7.443773014E1
9.320000000E0	-7.439629270E1
9.360000000E0	-7.432693226E1
9.400000000E0	-7.421501083E1
9.440000000E0	-7.423834986E1
9.480000000E0	-7.434187547E1
9.520000000E0	-7.446928335E1
9.560000000E0	-7.477108747E1
9.600000000E0	-7.530442341E1
9.640000000E0	-7.532586768E1
9.680000000E0	-7.514946222E1
9.720000000E0	-7.514725605E1
9.760000000E0	-7.508869023E1
9.800000000E0	-7.508300378E1
9.840000000E0	-7.510532041E1
9.880000000E0	-7.516288012E1
9.920000000E0	-7.513068263E1
9.960000000E0	-7.509238821E1
1.000000000E1	-7.515859432E1
1.004000000E1	-7.517041602E1
1.008000000E1	-7.524077210E1
1.012000000E1	-7.544250984E1
1.016000000E1	-7.588771884E1
1.020000000E1	-7.654484192E1
1.024000000E1	-7.764945194E1
1.028000000E1	-8.003371834E1
1.032000000E1	-8.329615985E1
1.036000000E1	-8.752641775E1
1.040000000E1	-9.243942331E1
1.044000000E1	-9.759134024E1
1.048000000E1	-1.025233860E2
1.052000000E1	-1.074078658E2
1.056000000E1	-1.123027300E2
1.060000000E1	-1.173960665E2
1.064000000E1	-1.218071214E2
1.068000000E1	-1.250423679E2
1.072000000E1	-1.267931183E2
1.076000000E1	-1.269632071E2
1.080000000E1	-1.255480334E2
1.084000000E1	-1.229080342E2
1.088000000E1	-1.190741299E2
1.092000000E1	-1.141202633E2
1.096000000E1	-1.083955448E2
1.100000000E1	-1.024939172E2
1.104000000E1	-9.643900596E1
1.108000000E1	-9.075600634E1
1.112000000E1	-8.604085162E1
1.116000000E1	-8.207489058E1
1.120000000E1	-7.926264338E1
1.124000000E1	-7.737723215E1
1.128000000E1	-7.631250075E1
1.132000000E1	-7.514825811E1
1.136000000E1	-7.450472167E1
1.140000000E1	-7.450117569E1
1.144000000E1	-7.490208947E1
1.148000000E1	-7.518551099E1
1.152000000E1	-7.542865151E1
1.156000000E1	-7.543020376E1
1.160000000E1	-7.530046020E1
1.164000000E1	-7.506224412E1
1.168000000E1	-7.498445621E1
1.172000000E1	-7.481370940E1
1.176000000E1	-7.480042540E1
1.180000000E1	-7.477753360E1
1.184000000E1	-7.483273855E1
1.188000000E1	-7.485896469E1
1.192000000E1	-7.490711219E1
1.196000000E1	-7.493781701E1
1.200000000E1	-7.491118467E1
1.204000000E1	-7.492641744E1
1.208000000E1	-7.493242614E1
1.212000000E1	-7.495901946E1
1.216000000E1	-7.501641000E1
1.220000000E1	-7.516040823E1
1.224000000E1	-7.546359917E1
1.228000000E1	-7.577399463E1
1.232000000E1	-7.626007625E1
1.236000000E1	-7.660680264E1
1.240000000E1	-7.728597956E1
1.244000000E1	-7.877906437E1
1.248000000E1	-8.099068667E1
1.252000000E1	-8.379264559E1
1.256000000E1	-8.715521982E1
1.260000000E1	-9.151024777E1
1.264000000E1	-9.627868319E1
1.268000000E1	-1.011930314E2
1.272000000E1	-1.061862745E2
1.276000000E1	-1.107457127E2
1.280000000E1	-1.147432618E2
1.284000000E1	-1.181141617E2
1.288000000E1	-1.211344831E2
1.292000000E1	-1.239794230E2
1.296000000E1	-1.262156920E2
1.300000000E1	-1.276818799E2
1.304000000E1	-1.284765596E2
1.308000000E1	-1.280006219E2
1.312000000E1	-1.261119339E2
1.316000000E1	-1.224493816E2
1.320000000E1	-1.175160317E2
1.324000000E1	-1.115412313E2
1.328000000E1	-1.053196104E2
1.332000000E1	-9.922622369E1
1.336000000E1	-9.377019117E1
1.340000000E1	-8.857244628E1
1.344000000E1	-8.460335286E1
1.348000000E1	-8.135311828E1
1.352000000E1	-7.898255579E1
1.356000000E1	-7.776379744E1
1.360000000E1	-7.720727024E1
1.364000000E1	-7.631086488E1
1.368000000E1	-7.599236164E1
1.372000000E1	-7.606730758E1
1.376000000E1	-7.629658104E1
1.380000000E1	-7.648529091E1
1.384000000E1	-7.657469888E1
1.388000000E1	-7.650683182E1
1.392000000E1	-7.642806033E1
1.396000000E1	-7.636327029E1
1.400000000E1	-7.634858606E1
1.404000000E1	-7.644435048E1
1.408000000E1	-7.653558678E1
1.412000000E1	-7.655226460E1
1.416000000E1	-7.656454080E1
1.420000000E1	-7.657257304E1
1.424000000E1	-7.655846054E1
1.428000000E1	-7.656956960E1
1.432000000E1	-7.657516026E1
1.436000000E1	-7.657759669E1
1.440000000E1	-7.661404447E1
1.444000000E1	-7.677225739E1
1.448000000E1	-7.704670118E1
1.452000000E1	-7.713044323E1
1.456000000E1	-7.742654475E1
1.460000000E1	-7.783112730E1
1.464000000E1	-7.875891593E1
1.468000000E1	-8.049658427E1
1.472000000E1	-8.335059947E1
1.476000000E1	-8.702960560E1
1.480000000E1	-9.119554330E1
1.484000000E1	-9.600707225E1
1.488000000E1	-1.005852913E2
1.492000000E1	-1.051747848E2
1.496000000E1	-1.096692999E2
1.500000000E1	-1.136814625E2
1.504000000E1	-1.180350443E2
1.508000000E1	-1.217480748E2
1.512000000E1	-1.249188884E2
1.516000000E1	-1.277439651E2
1.520000000E1	-1.300716017E2
1.524000000E1	-1.314242678E2
1.528000000E1	-1.312634281E2
1.532000000E1	-1.291390530E2
1.536000000E1	-1.255419736E2
1.540000000E1	-1.214171138E2
1.544000000E1	-1.163994023E2
1.548000000E1	-1.107368099E2
1.552000000E1	-1.042511286E2
1.556000000E1	-9.775547617E1
1.560000000E1	-9.150494887E1
1.564000000E1	-8.605844216E1
1.568000000E1	-8.183239221E1
1.572000000E1	-7.906275813E1
1.576000000E1	-7.766022670E1
1.580000000E1	-7.657270813E1
1.584000000E1	-7.561237066E1
1.588000000E1	-7.535034808E1
1.592000000E1	-7.514800171E1
1.596000000E1	-7.518921471E1
1.600000000E1	-7.533052608E1
1.604000000E1	-7.547736318E1
1.608000000E1	-7.553871786E1
1.612000000E1	-7.538606909E1
1.616000000E1	-7.524932137E1
1.620000000E1	-7.526525802E1
1.624000000E1	-7.520670006E1
1.628000000E1	-7.518007335E1
1.632000000E1	-7.508199680E1
1.636000000E1	-7.507660455E1
1.640000000E1	-7.507986782E1
1.644000000E1	-7.506380313E1
1.648000000E1	-7.504952956E1
1.652000000E1	-7.504169270E1
1.656000000E1	-7.503885522E1
1.660000000E1	-7.517079181E1
1.664000000E1	-7.518086437E1
1.668000000E1	-7.539925189E1
1.672000000E1	-7.576720304E1
1.676000000E1	-7.619683443E1
1.680000000E1	-7.664987657E1
1.684000000E1	-7.745089999E1
1.688000000E1	-7.897681381E1
1.692000000E1	-8.090699268E1
1.696000000E1	-8.349766097E1
1.700000000E1	-8.637831874E1
1.704000000E1	-8.986757411E1
1.708000000E1	-9.345659235E1
1.712000000E1	-9.736436454E1
1.716000000E1	-1.014098074E2
1.720000000E1	-1.055584544E2
1.724000000E1	-1.092696778E2
1.728000000E1	-1.132238747E2
1.732000000E1	-1.177602022E2
1.736000000E1	-1.219907739E2
1.740000000E1	-1.251242458E2
1.744000000E1	-1.278790794E2
1.748000000E1	-1.296869933E2
1.752000000E1	-1.300332589E2
1.756000000E1	-1.287397985E2
1.760000000E1	-1.261233602E2
1.764000000E1	-1.220435042E2
1.768000000E1	-1.166420989E2
1.772000000E1	-1.101474745E2
1.776000000E1	-1.028515052E2
1.780000000E1	-9.568980771E1
1.784000000E1	-8.891087601E1
1.788000000E1	-8.345402382E1
1.792000000E1	-7.926096124E1
1.796000000E1	-7.638015581E1
1.800000000E1	-7.462908740E1
1.804000000E1	-7.381976833E1
1.808000000E1	-7.402321535E1
1.812000000E1	-7.416038457E1
1.816000000E1	-7.423858259E1
1.820000000E1	-7.468826695E1
1.824000000E1	-7.493404468E1
1.828000000E1	-7.489114434E1
1.832000000E1	-7.465672636E1
1.836000000E1	-7.449459884E1
1.840000000E1	-7.433417590E1
1.844000000E1	-7.438302680E1
1.848000000E1	-7.440807080E1
1.852000000E1	-7.441604112E1
1.856000000E1	-7.438778435E1
1.860000000E1	-7.435879931E1
1.864000000E1	-7.434908242E1
1.868000000E1	-7.434125227E1
1.872000000E1	-7.433652831E1
1.876000000E1	-7.433875665E1
1.880000000E1	-7.432258356E1
1.884000000E1	-7.433070128E1
1.888000000E1	-7.433278820E1
1.892000000E1	-7.432319688E1
1.896000000E1	-7.431617965E1
1.900000000E1	-7.437276171E1
1.904000000E1	-7.464757427E1
1.908000000E1	-7.467199875E1
1.912000000E1	-7.499929588E1
1.916000000E1	-7.559250350E1
1.920000000E1	-7.608524258E1
1.924000000E1	-7.709065809E1
1.928000000E1	-7.854619741E1
1.932000000E1	-8.051238303E1
1.936000000E1	-8.289801059E1
1.940000000E1	-8.561150061E1
1.944000000E1	-8.920929268E1
1.948000000E1	-9.322524729E1
1.952000000E1	-9.755055589E1
1.956000000E1	-1.018966203E2
1.960000000E1	-1.069529701E2
1.964000000E1	-1.121671795E2
1.968000000E1	-1.169586115E2
1.972000000E1	-1.215009648E2
1.976000000E1	-1.251270535E2
1.980000000E1	-1.279756286E2
1.984000000E1	-1.298207262E2
1.988000000E1	-1.300455617E2
1.992000000E1	-1.282266700E2
1.996000000E1	-1.248755530E2
2.000000000E1	-1.206727739E2
2.004000000E1	-1.159923617E2
2.008000000E1	-1.104361960E2
2.012000000E1	-1.043122774E2
2.016000000E1	-9.299881232E1
2.020000000E1	-9.371617796E1
2.024000000E1	-8.852758826E1
2.028000000E1	-8.476546863E1
2.032000000E1	-8.148551723E1
2.036000000E1	-7.894783727E1
2.040000000E1	-7.731677775E1
2.044000000E1	-7.617050019E1
2.048000000E1	-7.587534478E1
2.052000000E1	-7.583392832E1
2.056000000E1	-7.575502045E1
2.060000000E1	-7.555556614E1
2.064000000E1	-7.570375285E1
2.068000000E1	-7.510703850E1
2.072000000E1	-7.508490343E1
2.076000000E1	-7.500340235E1
2.080000000E1	-7.485846378E1
2.084000000E1	-7.485649175E1
2.088000000E1	-7.482783841E1
2.092000000E1	-7.481141327E1
2.096000000E1	-7.479946046E1
2.100000000E1	-7.479086375E1
2.104000000E1	-7.478647906E1
2.108000000E1	-7.480263926E1
2.112000000E1	-7.477603241E1
2.116000000E1	-7.477543950E1
2.120000000E1	-7.476953438E1
2.124000000E1	-7.487280956E1
2.128000000E1	-7.494563086E1
2.132000000E1	-7.532766362E1
2.136000000E1	-7.590063241E1
2.140000000E1	-7.677836376E1
2.144000000E1	-7.826541589E1
2.148000000E1	-8.041639402E1
2.152000000E1	-8.294276380E1
2.156000000E1	-8.557730210E1
2.160000000E1	-8.856072682E1
2.164000000E1	-9.178076908E1
2.168000000E1	-9.537319477E1
2.172000000E1	-9.884154434E1
2.176000000E1	-1.023911939E2
2.180000000E1	-1.059399218E2
2.184000000E1	-1.095572635E2
2.188000000E1	-1.134446419E2
2.192000000E1	-1.172413088E2
2.196000000E1	-1.208142143E2
2.200000000E1	-1.240516797E2
2.204000000E1	-1.261634298E2
2.208000000E1	-1.275752205E2
2.212000000E1	-1.283201773E2
2.216000000E1	-1.281925871E2
2.220000000E1	-1.270487102E2
2.224000000E1	-1.241734525E2
2.228000000E1	-1.195809457E2
2.232000000E1	-1.139070650E2
2.236000000E1	-1.076581495E2
2.240000000E1	-1.017211451E2
2.244000000E1	-9.544695207E1
2.248000000E1	-9.015533179E1
2.252000000E1	-8.545029915E1
2.256000000E1	-8.160107493E1
2.260000000E1	-7.875994626E1
2.264000000E1	-7.671182114E1
2.268000000E1	-7.581381629E1
2.272000000E1	-7.533099011E1
2.276000000E1	-7.506039739E1
2.280000000E1	-7.477124589E1
2.284000000E1	-7.470640141E1
2.288000000E1	-7.468844321E1
2.292000000E1	-7.484222166E1
2.296000000E1	-7.497274386E1
2.300000000E1	-7.487928776E1
2.304000000E1	-7.483427932E1
2.308000000E1	-7.474830354E1
2.312000000E1	-7.467094476E1
2.316000000E1	-7.465395701E1
2.320000000E1	-7.466431702E1
2.324000000E1	-7.466190689E1
2.328000000E1	-7.465073973E1
2.332000000E1	-7.464004087E1
2.336000000E1	-7.463863675E1
2.340000000E1	-7.464193489E1
2.344000000E1	-7.465051492E1
2.348000000E1	-7.465712396E1
2.352000000E1	-7.465801320E1
2.356000000E1	-7.465746551E1
2.360000000E1	-7.465315985E1
2.364000000E1	-7.464730074E1
2.368000000E1	-7.465089358E1
2.372000000E1	-7.466469755E1
2.376000000E1	-7.467391968E1
2.380000000E1	-7.471961447E1
2.384000000E1	-7.489443144E1
2.388000000E1	-7.503098427E1
2.392000000E1	-7.520835271E1
2.396000000E1	-7.559425265E1
2.400000000E1	-7.591168284E1
2.404000000E1	-7.674492065E1
2.408000000E1	-7.837608035E1
2.412000000E1	-8.076965213E1
2.416000000E1	-8.378263124E1
2.420000000E1	-8.743910030E1
2.424000000E1	-9.169374531E1
2.428000000E1	-9.652042377E1
2.432000000E1	-1.016752692E2
2.436000000E1	-1.067335367E2
2.440000000E1	-1.111606588E2
2.444000000E1	-1.152433526E2
2.448000000E1	-1.188242404E2
2.452000000E1	-1.222264858E2
2.456000000E1	-1.252281815E2
2.460000000E1	-1.274338070E2
2.464000000E1	-1.290857428E2
2.468000000E1	-1.286630675E2
2.472000000E1	-1.259903578E2
2.476000000E1	-1.221856959E2
2.480000000E1	-1.173951555E2
2.484000000E1	-1.122764671E2
2.488000000E1	-1.068534616E2
2.492000000E1	-1.012365647E2
2.496000000E1	-9.555007441E1
2.500000000E1	-9.033336195E1
2.504000000E1	-8.597991235E1
2.508000000E1	-8.256007968E1
2.512000000E1	-7.996887818E1
2.516000000E1	-7.787131390E1
2.520000000E1	-7.662425995E1
2.524000000E1	-7.612480084E1
2.528000000E1	-7.582815414E1
2.532000000E1	-7.580184765E1
2.536000000E1	-7.574950491E1
2.540000000E1	-7.588913103E1
2.544000000E1	-7.588894416E1
2.548000000E1	-7.584067595E1
2.552000000E1	-7.574930597E1
2.556000000E1	-7.570584998E1
2.560000000E1	-7.561420129E1
2.564000000E1	-7.560130207E1
2.568000000E1	-7.561120948E1
2.572000000E1	-7.560678535E1
2.576000000E1	-7.556585401E1
2.580000000E1	-7.554011430E1
2.584000000E1	-7.554503273E1
2.588000000E1	-7.554582505E1
2.592000000E1	-7.556249958E1
2.596000000E1	-7.569926831E1
2.600000000E1	-7.600594087E1
2.604000000E1	-7.646835872E1
2.608000000E1	-7.726086785E1
2.612000000E1	-7.846696821E1
2.616000000E1	-8.035224603E1
2.620000000E1	-8.309792950E1
2.624000000E1	-8.595713501E1
2.628000000E1	-8.919655425E1
2.632000000E1	-9.256837626E1
2.636000000E1	-9.607105944E1
2.640000000E1	-1.004400785E2
2.644000000E1	-1.050715790E2
2.648000000E1	-1.096113499E2
2.652000000E1	-1.141309541E2
2.656000000E1	-1.180099361E2
2.660000000E1	-1.213317840E2
2.664000000E1	-1.242008999E2
2.668000000E1	-1.266203360E2
2.672000000E1	-1.282501583E2
2.676000000E1	-1.285560639E2
2.680000000E1	-1.271056437E2
2.684000000E1	-1.242636510E2
2.688000000E1	-1.202819746E2
2.692000000E1	-1.154292224E2
2.696000000E1	-1.098501340E2
2.700000000E1	-1.033678078E2
2.704000000E1	-9.671735563E1
2.708000000E1	-9.017421460E1
2.712000000E1	-8.431083885E1
2.716000000E1	-7.967614917E1
2.720000000E1	-7.622713030E1
2.724000000E1	-7.434970866E1
2.728000000E1	-7.372441142E1
2.732000000E1	-7.347006099E1
2.736000000E1	-7.355054828E1
2.740000000E1	-7.390870467E1
2.744000000E1	-7.407902443E1
2.748000000E1	-7.392742808E1
2.752000000E1	-7.374869780E1
2.756000000E1	-7.352110733E1
2.760000000E1	-7.348381799E1
2.764000000E1	-7.346671614E1
2.768000000E1	-7.355568649E1
2.772000000E1	-7.346053386E1
2.776000000E1	-7.341338649E1
2.780000000E1	-7.338269915E1
2.784000000E1	-7.336742656E1
2.788000000E1	-7.339875331E1
2.792000000E1	-7.345543674E1
2.796000000E1	-7.349871297E1
2.800000000E1	-7.352274166E1
2.804000000E1	-7.363576408E1
2.808000000E1	-7.373273785E1
2.812000000E1	-7.386626831E1
2.816000000E1	-7.410030939E1
2.820000000E1	-7.434091243E1
2.824000000E1	-7.498038611E1
2.828000000E1	-7.775182686E1
2.832000000E1	-7.783081105E1
2.836000000E1	-8.031281719E1
2.840000000E1	-8.352657558E1
2.844000000E1	-8.715593764E1
2.848000000E1	-9.113352428E1
2.852000000E1	-9.598882502E1
2.856000000E1	-1.008204751E2
2.860000000E1	-1.053125509E2
2.864000000E1	-1.092390129E2
2.868000000E1	-1.132512027E2
2.872000000E1	-1.170372755E2
2.876000000E1	-1.204990013E2
2.880000000E1	-1.234053147E2
2.884000000E1	-1.254680949E2
2.888000000E1	-1.270046693E2
2.892000000E1	-1.271983950E2
2.896000000E1	-1.261616577E2
2.900000000E1	-1.237758590E2
2.904000000E1	-1.202673401E2
2.908000000E1	-1.157401618E2
2.912000000E1	-1.103343703E2
2.916000000E1	-1.045487452E2
2.920000000E1	-9.863700449E1
2.924000000E1	-9.310309152E1
2.928000000E1	-8.825181773E1
2.932000000E1	-8.383776113E1
2.936000000E1	-8.010022151E1
2.940000000E1	-7.736721494E1
2.944000000E1	-7.585295032E1
2.948000000E1	-7.510313071E1
2.952000000E1	-7.433674079E1
2.956000000E1	-7.406510003E1
2.960000000E1	-7.467477846E1
2.964000000E1	-7.474893216E1
2.968000000E1	-7.491972611E1
2.972000000E1	-7.493307405E1
2.976000000E1	-7.496988296E1
2.980000000E1	-7.483486277E1
2.984000000E1	-7.482207832E1
2.988000000E1	-7.484837067E1
2.992000000E1	-7.483939682E1
2.996000000E1	-7.479705280E1
3.000000000E1	-7.477233301E1
3.004000000E1	-7.474456664E1
3.008000000E1	-7.469971333E1
3.012000000E1	-7.475499058E1
3.016000000E1	-7.486061788E1
3.020000000E1	-7.522875045E1
3.024000000E1	-7.570576675E1
3.028000000E1	-7.740669889E1
3.032000000E1	-7.737875398E1
3.036000000E1	-7.945351243E1
3.040000000E1	-8.186430887E1
3.044000000E1	-8.506898378E1
3.048000000E1	-8.890840061E1
3.052000000E1	-9.297718006E1
3.056000000E1	-9.680368956E1
3.060000000E1	-1.010196548E2
3.064000000E1	-1.046965179E2
3.068000000E1	-1.082824505E2
3.072000000E1	-1.126728095E2
3.076000000E1	-1.164566203E2
3.080000000E1	-1.194691487E2
3.084000000E1	-1.217654089E2
3.088000000E1	-1.233377428E2
3.092000000E1	-1.245709447E2
3.096000000E1	-1.253223141E2
3.100000000E1	-1.257604000E2
3.104000000E1	-1.253503134E2
3.108000000E1	-1.235052264E2
3.112000000E1	-1.202942710E2
3.116000000E1	-1.163472916E2
3.120000000E1	-1.115373610E2
3.124000000E1	-1.060306845E2
3.128000000E1	-1.002103953E2
3.132000000E1	-9.442338506E1
3.136000000E1	-8.941477031E1
3.140000000E1	-8.100300053E1
3.144000000E1	-8.124226760E1
3.148000000E1	-7.815722283E1
3.152000000E1	-7.617107931E1
3.156000000E1	-7.529709691E1
3.160000000E1	-7.497794564E1
3.164000000E1	-7.472153045E1
3.168000000E1	-7.450166432E1
3.172000000E1	-7.466527017E1
3.176000000E1	-7.490739615E1
3.180000000E1	-7.495717753E1
3.184000000E1	-7.486827027E1
3.188000000E1	-7.470854799E1
3.192000000E1	-7.468039777E1
3.196000000E1	-7.463931228E1
3.200000000E1	-7.456299583E1
3.204000000E1	-7.454303899E1
3.208000000E1	-7.450279977E1
3.212000000E1	-7.449286931E1
3.216000000E1	-7.450103755E1
3.220000000E1	-7.452212089E1
3.224000000E1	-7.452751557E1
3.228000000E1	-7.453043931E1
3.232000000E1	-7.452810596E1
3.236000000E1	-7.452681194E1
3.240000000E1	-7.452109082E1
3.244000000E1	-7.451379470E1
3.248000000E1	-7.450777507E1
3.252000000E1	-7.451767059E1
3.256000000E1	-7.449648168E1
3.260000000E1	-7.449148138E1
3.264000000E1	-7.448774703E1
3.268000000E1	-7.448146300E1
3.272000000E1	-7.447640724E1
3.276000000E1	-7.448454270E1
3.280000000E1	-7.456067048E1
3.284000000E1	-7.487956729E1
3.288000000E1	-7.532388300E1
3.292000000E1	-7.619283957E1
3.296000000E1	-7.733594992E1
3.300000000E1	-8.214733715E1
3.304000000E1	-8.215195240E1
3.308000000E1	-8.578134789E1
3.312000000E1	-8.985054466E1
3.316000000E1	-9.407262094E1
3.320000000E1	-9.826784464E1
3.324000000E1	-1.023127186E2
3.328000000E1	-1.068333762E2
3.332000000E1	-1.114286389E2
3.336000000E1	-1.157104897E2
3.340000000E1	-1.192459426E2
3.344000000E1	-1.223171409E2
3.348000000E1	-1.249399725E2
3.352000000E1	-1.261666247E2
3.356000000E1	-1.257032660E2
3.360000000E1	-1.238697043E2
3.364000000E1	-1.205860149E2
3.368000000E1	-1.161954855E2
3.372000000E1	-1.108951995E2
3.376000000E1	-1.045882397E2
3.380000000E1	-9.799856058E1
3.384000000E1	-9.173041193E1
3.388000000E1	-8.633539908E1
3.392000000E1	-8.205116854E1
3.396000000E1	-7.851151501E1
3.400000000E1	-7.612381711E1
3.404000000E1	-7.458339184E1
3.408000000E1	-7.330571444E1
3.412000000E1	-7.312081799E1
3.416000000E1	-7.340625323E1
3.420000000E1	-7.377959873E1
3.424000000E1	-7.394796738E1
3.428000000E1	-7.414362567E1
3.432000000E1	-7.413099591E1
3.436000000E1	-7.408425440E1
3.440000000E1	-7.403141334E1
3.444000000E1	-7.396639498E1
3.448000000E1	-7.399990759E1
3.452000000E1	-7.396588246E1
3.456000000E1	-7.395141091E1
3.460000000E1	-7.395553472E1
3.464000000E1	-7.392426335E1
3.468000000E1	-7.392408707E1
3.472000000E1	-7.392307800E1
3.476000000E1	-7.398921510E1
3.480000000E1	-7.406721673E1
3.484000000E1	-7.408575218E1
3.488000000E1	-7.411580854E1
3.492000000E1	-7.420065196E1
3.496000000E1	-7.430497696E1
3.500000000E1	-7.467768072E1
3.504000000E1	-7.506862356E1
3.508000000E1	-7.545121129E1
3.512000000E1	-7.602018628E1
3.516000000E1	-7.656852078E1
3.520000000E1	-7.752481288E1
3.524000000E1	-7.931996225E1
3.528000000E1	-8.168910669E1
3.532000000E1	-8.475883875E1
3.536000000E1	-8.843464800E1
3.540000000E1	-9.270634799E1
3.544000000E1	-9.709150322E1
3.548000000E1	-1.016794212E2
3.552000000E1	-1.063684638E2
3.556000000E1	-1.108021465E2
3.560000000E1	-1.148696405E2
3.564000000E1	-1.187078366E2
3.568000000E1	-1.254784906E2
3.572000000E1	-1.254158019E2
3.576000000E1	-1.274609786E2
3.580000000E1	-1.274873912E2
3.584000000E1	-1.255177220E2
3.588000000E1	-1.220373203E2
3.592000000E1	-1.177405609E2
3.596000000E1	-1.123191713E2
3.600000000E1	-1.066070774E2
3.604000000E1	-1.004305762E2
3.608000000E1	-9.436202286E1
3.612000000E1	-8.899792023E1
3.616000000E1	-8.416221871E1
3.620000000E1	-8.019513852E1
3.624000000E1	-7.739174701E1
3.628000000E1	-7.560223094E1
3.632000000E1	-7.476129532E1
3.636000000E1	-7.401565815E1
3.640000000E1	-7.349300906E1
3.644000000E1	-7.360635306E1
3.648000000E1	-7.399321527E1
3.652000000E1	-7.395804685E1
3.656000000E1	-7.413509143E1
3.660000000E1	-7.395263926E1
3.664000000E1	-7.385967958E1
3.668000000E1	-7.381221218E1
3.672000000E1	-7.375201328E1
3.676000000E1	-7.387421055E1
3.680000000E1	-7.390360486E1
3.684000000E1	-7.393004392E1
3.688000000E1	-7.394659714E1
3.692000000E1	-7.397739913E1
3.696000000E1	-7.402805788E1
3.700000000E1	-7.410854073E1
3.704000000E1	-7.413426636E1
3.708000000E1	-7.423945134E1
3.712000000E1	-7.452447031E1
3.716000000E1	-7.476822104E1
3.720000000E1	-7.529986582E1
3.724000000E1	-7.596375792E1
3.728000000E1	-7.715594335E1
3.732000000E1	-7.918230272E1
3.736000000E1	-8.209326459E1
3.740000000E1	-8.896912093E1
3.744000000E1	-8.898298684E1
3.748000000E1	-9.334461562E1
3.752000000E1	-9.758255006E1
3.756000000E1	-1.017402056E2
3.760000000E1	-1.066296916E2
3.764000000E1	-1.115716754E2
3.768000000E1	-1.165404072E2
3.772000000E1	-1.203351618E2
3.776000000E1	-1.237118637E2
3.780000000E1	-1.257650763E2
3.784000000E1	-1.268229104E2
3.788000000E1	-1.267984786E2
3.792000000E1	-1.250996217E2
3.796000000E1	-1.217030805E2
3.800000000E1	-1.174495507E2
3.804000000E1	-1.125641797E2
3.808000000E1	-1.067934022E2
3.812000000E1	-1.011280293E2
3.816000000E1	-9.537414216E1
3.820000000E1	-9.026792858E1
3.824000000E1	-8.587431701E1
3.828000000E1	-8.203266694E1
3.832000000E1	-7.933213380E1
3.836000000E1	-7.753792847E1
3.840000000E1	-7.634712058E1
3.844000000E1	-7.517326213E1
3.848000000E1	-7.488309564E1
3.852000000E1	-7.483484036E1
3.856000000E1	-7.486001866E1
3.860000000E1	-7.493224014E1
3.864000000E1	-7.498229804E1
3.868000000E1	-7.495723109E1
3.872000000E1	-7.492415007E1
3.876000000E1	-7.492401014E1
3.880000000E1	-7.492366822E1
3.884000000E1	-7.496401138E1
3.888000000E1	-7.498303868E1
3.892000000E1	-7.497808046E1
3.896000000E1	-7.498577399E1
3.900000000E1	-7.502621364E1
3.904000000E1	-7.501083785E1
3.908000000E1	-7.500523071E1
3.912000000E1	-7.499099346E1
3.916000000E1	-7.498385379E1
3.920000000E1	-7.499211969E1
3.924000000E1	-7.499645218E1
3.928000000E1	-7.499645144E1
3.932000000E1	-7.499755106E1
3.936000000E1	-7.499155096E1
3.940000000E1	-7.498915137E1
3.944000000E1	-7.499509366E1
3.948000000E1	-7.503451399E1
3.952000000E1	-7.503050097E1
3.956000000E1	-7.502191611E1
3.960000000E1	-7.500186041E1
3.964000000E1	-7.495303471E1
3.968000000E1	-7.494624051E1
3.972000000E1	-7.493927874E1
3.976000000E1	-7.494576449E1
3.980000000E1	-7.493682017E1
3.984000000E1	-7.494634221E1
3.988000000E1	-7.494109539E1
3.992000000E1	-7.491749210E1
3.996000000E1	-7.490831454E1
4.000000000E1	-7.492383502E1
4.004000000E1	-7.493506807E1
4.008000000E1	-7.494238795E1
4.012000000E1	-7.487698931E1
4.016000000E1	-7.489666868E1
4.020000000E1	-7.487265153E1
4.024000000E1	-7.489185877E1
4.028000000E1	-7.489490404E1
4.032000000E1	-7.489644215E1
4.036000000E1	-7.481475476E1
4.040000000E1	-7.479363882E1
4.044000000E1	-7.476471958E1
4.048000000E1	-7.475586662E1
4.052000000E1	-7.475200857E1
4.056000000E1	-7.474959894E1
4.060000000E1	-7.475189335E1
