
t/1	ANGLE/1
0.000000000E0	-2.453183349E0
4.000000000E-2	-2.449901542E0
8.000000000E-2	-2.448476887E0
1.200000000E-1	-2.447706686E0
1.600000000E-1	-2.448086202E0
2.000000000E-1	-2.448903279E0
2.400000000E-1	-2.450731198E0
2.800000000E-1	-2.449983947E0
3.200000000E-1	-2.449325807E0
3.600000000E-1	-2.447552900E0
4.000000000E-1	-2.450209725E0
4.400000000E-1	-2.450629453E0
4.800000000E-1	-2.448303005E0
5.200000000E-1	-2.449130319E0
5.600000000E-1	-2.449822167E0
6.000000000E-1	-2.451639593E0
6.400000000E-1	-2.451886181E0
6.800000000E-1	-2.451946214E0
7.200000000E-1	-2.451310792E0
7.600000000E-1	-2.451343108E0
8.000000000E-1	-2.451425191E0
8.400000000E-1	-2.448161101E0
8.800000000E-1	-2.448479810E0
9.200000000E-1	-2.448169960E0
9.600000000E-1	-2.448085397E0
1.000000000E0	-2.444998764E0
1.040000000E0	-2.442551518E0
1.080000000E0	-2.437997462E0
1.120000000E0	-2.433714408E0
1.160000000E0	-2.392111423E0
1.200000000E0	-2.076176388E0
1.240000000E0	-1.499010015E0
1.280000000E0	-6.957225599E-1
1.320000000E0	5.518471586E-1
1.360000000E0	2.275563014E0
1.400000000E0	4.420187529E0
1.440000000E0	6.862729202E0
1.480000000E0	9.321694758E0
1.520000000E0	1.175725305E1
1.560000000E0	1.421368526E1
1.600000000E0	1.684305039E1
1.640000000E0	1.970277515E1
1.680000000E0	2.274813692E1
1.720000000E0	2.577331400E1
1.760000000E0	2.862102780E1
1.800000000E0	3.093888985E1
1.840000000E0	3.313431146E1
1.880000000E0	3.541772064E1
1.920000000E0	3.788041730E1
1.960000000E0	4.031345442E1
2.000000000E0	4.251550969E1
2.040000000E0	4.484134865E1
2.080000000E0	4.707420752E1
2.120000000E0	4.926874890E1
2.160000000E0	5.129468553E1
2.200000000E0	5.281273493E1
2.240000000E0	5.408151582E1
2.280000000E0	5.507508084E1
2.320000000E0	5.582873054E1
2.360000000E0	5.639814010E1
2.400000000E0	5.686093014E1
2.440000000E0	5.752624642E1
2.480000000E0	5.751673155E1
2.520000000E0	5.789933514E1
2.560000000E0	5.813960927E1
2.600000000E0	5.844784936E1
2.640000000E0	5.869805278E1
2.680000000E0	5.888637382E1
2.720000000E0	5.890042332E1
2.760000000E0	5.860543723E1
2.800000000E0	5.784144641E1
2.840000000E0	5.633443166E1
2.880000000E0	5.422936881E1
2.920000000E0	5.109783751E1
2.960000000E0	4.708834164E1
3.000000000E0	4.203568904E1
3.040000000E0	3.622775452E1
3.080000000E0	2.969538600E1
3.120000000E0	2.293720573E1
3.160000000E0	1.698044882E1
3.200000000E0	1.150617366E1
3.240000000E0	7.060130050E0
3.280000000E0	3.469548785E0
3.320000000E0	7.103897736E-1
3.360000000E0	-1.331764609E0
3.400000000E0	-2.783793757E0
3.440000000E0	-4.131222579E0
3.480000000E0	-4.120600608E0
3.520000000E0	-4.216789232E0
3.560000000E0	-4.106788018E0
3.600000000E0	-3.799304587E0
3.640000000E0	-3.575352380E0
3.680000000E0	-3.498820963E0
3.720000000E0	-3.513700440E0
3.760000000E0	-3.560081745E0
3.800000000E0	-3.713023660E0
3.840000000E0	-3.752109844E0
3.880000000E0	-3.773345506E0
3.920000000E0	-3.767256560E0
3.960000000E0	-3.762139747E0
4.000000000E0	-3.766417923E0
4.040000000E0	-3.767419974E0
4.080000000E0	-3.780331747E0
4.120000000E0	-3.780508528E0
4.160000000E0	-3.776424832E0
4.200000000E0	-3.767910114E0
4.240000000E0	-3.739682742E0
4.280000000E0	-3.604168964E0
4.320000000E0	-3.264836836E0
4.360000000E0	-2.499188902E0
4.400000000E0	-1.288113148E0
4.440000000E0	6.176272390E-1
4.480000000E0	3.128036003E0
4.520000000E0	6.118430685E0
4.560000000E0	9.428903441E0
4.600000000E0	1.291315579E1
4.640000000E0	1.652989899E1
4.680000000E0	2.049049918E1
4.720000000E0	2.496809048E1
4.760000000E0	2.955741929E1
4.800000000E0	3.402818533E1
4.840000000E0	3.814331345E1
4.880000000E0	4.198964929E1
4.920000000E0	4.543585433E1
4.960000000E0	4.841705242E1
5.000000000E0	5.093148411E1
5.040000000E0	5.302208372E1
5.080000000E0	5.475422347E1
5.120000000E0	5.621974028E1
5.160000000E0	5.736942619E1
5.200000000E0	5.819105329E1
5.240000000E0	5.846036132E1
5.280000000E0	5.784876930E1
5.320000000E0	5.605227928E1
5.360000000E0	5.332327111E1
5.400000000E0	4.935111296E1
5.440000000E0	4.470969203E1
5.480000000E0	3.899117095E1
5.520000000E0	2.636178621E1
5.560000000E0	2.530722189E1
5.600000000E0	1.876864959E1
5.640000000E0	1.251765387E1
5.680000000E0	6.950216723E0
5.720000000E0	2.587100899E0
5.760000000E0	-7.221167684E-1
5.800000000E0	-2.983041492E0
5.840000000E0	-4.247549779E0
5.880000000E0	-4.852109398E0
5.920000000E0	-4.756745520E0
5.960000000E0	-4.719046300E0
6.000000000E0	-4.407415984E0
6.040000000E0	-4.099743497E0
6.080000000E0	-3.917474970E0
6.120000000E0	-3.897707037E0
6.160000000E0	-3.973017832E0
6.200000000E0	-4.123467451E0
6.240000000E0	-4.162497059E0
6.280000000E0	-4.121870986E0
6.320000000E0	-3.632692036E0
6.360000000E0	-3.637884407E0
6.400000000E0	-2.916042332E0
6.440000000E0	-1.770452585E0
6.480000000E0	4.781441054E-3
6.520000000E0	2.254129040E0
6.560000000E0	5.001178415E0
6.600000000E0	8.175312057E0
6.640000000E0	1.169341999E1
6.680000000E0	1.548389263E1
6.720000000E0	1.922444736E1
6.760000000E0	2.310579284E1
6.800000000E0	2.723018556E1
6.840000000E0	3.152768202E1
6.880000000E0	3.544456202E1
6.920000000E0	3.927502994E1
6.960000000E0	4.273499705E1
7.000000000E0	4.599926738E1
7.040000000E0	4.880184010E1
7.080000000E0	5.125410625E1
7.120000000E0	5.525600965E1
7.160000000E0	5.710758980E1
7.200000000E0	5.634796041E1
7.240000000E0	5.732079693E1
7.280000000E0	5.781435690E1
7.320000000E0	5.785749869E1
7.360000000E0	5.704117296E1
7.400000000E0	5.541511928E1
7.440000000E0	5.291096643E1
7.480000000E0	4.945622217E1
7.520000000E0	4.006777658E1
7.560000000E0	4.006316780E1
7.600000000E0	3.353895101E1
7.640000000E0	2.703623062E1
7.680000000E0	2.038477645E1
7.720000000E0	1.413687429E1
7.760000000E0	8.794799668E0
7.800000000E0	4.202912888E0
7.840000000E0	6.100423826E-1
7.880000000E0	-2.037339857E0
7.920000000E0	-3.889232832E0
7.960000000E0	-4.671549183E0
8.000000000E0	-4.645942977E0
8.040000000E0	-4.269643096E0
8.080000000E0	-3.761201850E0
8.120000000E0	-3.487500735E0
8.160000000E0	-3.485384280E0
8.200000000E0	-3.685042515E0
8.240000000E0	-3.857876418E0
8.280000000E0	-3.980877656E0
8.320000000E0	-3.987494569E0
8.360000000E0	-3.971692260E0
8.400000000E0	-3.946884280E0
8.440000000E0	-3.951363042E0
8.480000000E0	-3.956367586E0
8.520000000E0	-3.956416995E0
8.560000000E0	-3.964150816E0
8.600000000E0	-3.980213440E0
8.640000000E0	-3.940492673E0
8.680000000E0	-3.774161890E0
8.720000000E0	-3.067025221E0
8.760000000E0	-3.058676543E0
8.800000000E0	-2.174947369E0
8.840000000E0	-6.111442823E-1
8.880000000E0	1.679114591E0
8.920000000E0	4.514265779E0
8.960000000E0	1.107241622E1
9.000000000E0	1.106884823E1
9.040000000E0	1.494236725E1
9.080000000E0	1.901881906E1
9.120000000E0	2.355642059E1
9.160000000E0	2.819718652E1
9.200000000E0	3.303948060E1
9.240000000E0	3.771222601E1
9.280000000E0	4.186029612E1
9.320000000E0	4.561478923E1
9.360000000E0	4.908725171E1
9.400000000E0	5.217620253E1
9.440000000E0	5.475007841E1
9.480000000E0	5.684363162E1
9.520000000E0	5.858777474E1
9.560000000E0	5.866876524E1
9.600000000E0	5.812483591E1
9.640000000E0	5.714403602E1
9.680000000E0	5.543839331E1
9.720000000E0	5.306866364E1
9.760000000E0	4.974352330E1
9.800000000E0	4.553641550E1
9.840000000E0	4.087310369E1
9.880000000E0	3.574082623E1
9.920000000E0	3.001553769E1
9.960000000E0	1.822547350E1
1.000000000E1	1.821743167E1
1.004000000E1	1.282658414E1
1.008000000E1	7.942778151E0
1.012000000E1	3.994953111E0
1.016000000E1	9.385370027E-1
1.020000000E1	-1.317158901E0
1.024000000E1	-2.766499502E0
1.028000000E1	-3.513338649E0
1.032000000E1	-3.775689196E0
1.036000000E1	-3.461221641E0
1.040000000E1	-3.461422826E0
1.044000000E1	-3.225865527E0
1.048000000E1	-3.118695741E0
1.052000000E1	-3.050971805E0
1.056000000E1	-3.084098363E0
1.060000000E1	-3.151894758E0
1.064000000E1	-3.204056564E0
1.068000000E1	-3.234271801E0
1.072000000E1	-3.227572089E0
1.076000000E1	-3.221975770E0
1.080000000E1	-3.216015286E0
1.084000000E1	-3.192811418E0
1.088000000E1	-3.160299117E0
1.092000000E1	-3.167337099E0
1.096000000E1	-3.184382187E0
1.100000000E1	-3.130190110E0
1.104000000E1	-3.008976106E0
1.108000000E1	-2.881409526E0
1.112000000E1	-2.723820651E0
1.116000000E1	-2.460152371E0
1.120000000E1	-2.006080352E0
1.124000000E1	-1.314645283E0
1.128000000E1	-1.121579135E-1
1.132000000E1	1.769573783E0
1.136000000E1	4.255083979E0
1.140000000E1	7.262366244E0
1.144000000E1	1.081493199E1
1.148000000E1	1.494416309E1
1.152000000E1	1.955798906E1
1.156000000E1	2.430302050E1
1.160000000E1	2.928998878E1
1.164000000E1	3.418475395E1
1.168000000E1	3.885138672E1
1.172000000E1	4.331881876E1
1.176000000E1	4.730649946E1
1.180000000E1	5.084861495E1
1.184000000E1	5.375543645E1
1.188000000E1	5.609482933E1
1.192000000E1	5.781085578E1
1.196000000E1	5.898489305E1
1.200000000E1	5.970622210E1
1.204000000E1	5.974121789E1
1.208000000E1	5.913374679E1
1.212000000E1	5.742474182E1
1.216000000E1	5.493850438E1
1.220000000E1	5.149192608E1
1.224000000E1	4.693008936E1
1.228000000E1	4.144208200E1
1.232000000E1	3.539091357E1
1.236000000E1	2.871783215E1
1.240000000E1	2.216884142E1
1.244000000E1	1.576279194E1
1.248000000E1	9.707980399E0
1.252000000E1	4.518482501E0
1.256000000E1	-2.279816747E0
1.260000000E1	-2.287098025E0
1.264000000E1	-4.083961402E0
1.268000000E1	-4.814432112E0
1.272000000E1	-5.014172192E0
1.276000000E1	-4.212848746E0
1.280000000E1	-4.227887671E0
1.284000000E1	-3.861676145E0
1.288000000E1	-3.755469755E0
1.292000000E1	-3.818098020E0
1.296000000E1	-3.940675925E0
1.300000000E1	-4.012342846E0
1.304000000E1	-4.007981833E0
1.308000000E1	-4.002936301E0
1.312000000E1	-3.982566250E0
1.316000000E1	-3.954000779E0
1.320000000E1	-3.829830409E0
1.324000000E1	-3.614672326E0
1.328000000E1	-3.004207372E0
1.332000000E1	-1.946804331E0
1.336000000E1	-3.461009674E-1
1.340000000E1	4.436896372E0
1.344000000E1	4.450978278E0
1.348000000E1	1.111932131E1
1.352000000E1	1.487658106E1
1.356000000E1	1.486276408E1
1.360000000E1	1.897727191E1
1.364000000E1	2.327257613E1
1.368000000E1	2.771747105E1
1.372000000E1	3.208355627E1
1.376000000E1	3.623220299E1
1.380000000E1	4.024491606E1
1.384000000E1	4.388651739E1
1.388000000E1	4.738015156E1
1.392000000E1	5.064326855E1
1.396000000E1	5.332840502E1
1.400000000E1	5.753745173E1
1.404000000E1	5.748222452E1
1.408000000E1	5.899514136E1
1.412000000E1	5.993375651E1
1.416000000E1	5.981644804E1
1.420000000E1	5.853151183E1
1.424000000E1	5.637430659E1
1.428000000E1	5.319903979E1
1.432000000E1	4.894789723E1
1.436000000E1	4.367917784E1
1.440000000E1	3.031734131E1
1.444000000E1	3.047583865E1
1.448000000E1	2.343924410E1
1.452000000E1	1.667046301E1
1.456000000E1	1.042526733E1
1.460000000E1	5.105270137E0
1.464000000E1	7.945822385E-1
1.468000000E1	-2.490891806E0
1.472000000E1	-4.753273332E0
1.476000000E1	-6.194000466E0
1.480000000E1	-6.946187864E0
1.484000000E1	-7.055860154E0
1.488000000E1	-6.729515675E0
1.492000000E1	-6.321344332E0
1.496000000E1	-6.041677086E0
1.500000000E1	-5.651466404E0
1.504000000E1	-5.628138707E0
1.508000000E1	-5.604136461E0
1.512000000E1	-5.705102971E0
1.516000000E1	-5.829200672E0
1.520000000E1	-5.885084889E0
1.524000000E1	-5.981462774E0
1.528000000E1	-6.006814515E0
1.532000000E1	-5.990089324E0
1.536000000E1	-5.953418187E0
1.540000000E1	-5.944420356E0
1.544000000E1	-5.997485241E0
1.548000000E1	-6.023898296E0
1.552000000E1	-6.028514872E0
1.556000000E1	-6.032839236E0
1.560000000E1	-6.036686232E0
1.564000000E1	-6.023959827E0
1.568000000E1	-5.679805509E0
1.572000000E1	-4.815591999E0
1.576000000E1	-3.228331922E0
1.580000000E1	-8.010159366E-1
1.584000000E1	2.553270021E0
1.588000000E1	6.443743362E0
1.592000000E1	1.067802467E1
1.596000000E1	1.534477271E1
1.600000000E1	2.011278400E1
1.604000000E1	2.470886088E1
1.608000000E1	2.942957342E1
1.612000000E1	3.421705512E1
1.616000000E1	3.852435488E1
1.620000000E1	4.260572083E1
1.624000000E1	4.642093851E1
1.628000000E1	4.977004359E1
1.632000000E1	5.264942847E1
1.636000000E1	5.509143152E1
1.640000000E1	5.707292815E1
1.644000000E1	5.849188637E1
1.648000000E1	5.955186640E1
1.652000000E1	5.970067268E1
1.656000000E1	5.899006224E1
1.660000000E1	5.713763569E1
1.664000000E1	5.395184573E1
1.668000000E1	4.995444868E1
1.672000000E1	4.475684876E1
1.676000000E1	3.886703467E1
1.680000000E1	3.241411858E1
1.684000000E1	2.576428053E1
1.688000000E1	1.918412033E1
1.692000000E1	1.317007105E1
1.696000000E1	7.984234103E0
1.700000000E1	3.711250456E0
1.704000000E1	5.116028987E-1
1.708000000E1	-1.865160566E0
1.712000000E1	-3.551162928E0
1.716000000E1	-4.288880801E0
1.720000000E1	-4.399464759E0
1.724000000E1	-4.242360562E0
1.728000000E1	-4.039889040E0
1.732000000E1	-3.937222842E0
1.736000000E1	-3.870325637E0
1.740000000E1	-3.903052081E0
1.744000000E1	-3.950590562E0
1.748000000E1	-3.997155262E0
1.752000000E1	-4.028451606E0
1.756000000E1	-4.061471639E0
1.760000000E1	-4.036743913E0
1.764000000E1	-4.018805045E0
1.768000000E1	-3.980331578E0
1.772000000E1	-3.977465979E0
1.776000000E1	-3.979763740E0
1.780000000E1	-3.981229526E0
1.784000000E1	-3.984718328E0
1.788000000E1	-3.947677944E0
1.792000000E1	-3.740755571E0
1.796000000E1	-3.498832939E0
1.800000000E1	-3.198404857E0
1.804000000E1	-2.598873474E0
1.808000000E1	-1.435168964E0
1.812000000E1	4.230735313E-1
1.816000000E1	2.967408816E0
1.820000000E1	6.002441447E0
1.824000000E1	9.396197297E0
1.828000000E1	1.309766540E1
1.832000000E1	1.703548317E1
1.836000000E1	2.148681230E1
1.840000000E1	2.580399174E1
1.844000000E1	3.026010205E1
1.848000000E1	3.448528999E1
1.852000000E1	3.864871628E1
1.856000000E1	4.244167309E1
1.860000000E1	4.602516312E1
1.864000000E1	4.922210729E1
1.868000000E1	5.210638204E1
1.872000000E1	5.461928488E1
1.876000000E1	5.666252979E1
1.880000000E1	5.835556129E1
1.884000000E1	5.955171039E1
1.888000000E1	6.008179757E1
1.892000000E1	5.980132968E1
1.896000000E1	5.841405224E1
1.900000000E1	5.619700219E1
1.904000000E1	5.306913538E1
1.908000000E1	4.892969743E1
1.912000000E1	4.382865604E1
1.916000000E1	3.810889542E1
1.920000000E1	3.161177541E1
1.924000000E1	1.908868440E1
1.928000000E1	1.906805741E1
1.932000000E1	1.317329674E1
1.936000000E1	8.192595897E0
1.940000000E1	4.031376129E0
1.944000000E1	7.902668494E-1
1.948000000E1	-1.410864988E0
1.952000000E1	-2.850188060E0
1.956000000E1	-3.566748517E0
1.960000000E1	-3.643407853E0
1.964000000E1	-3.051782575E0
1.968000000E1	-3.027428015E0
1.972000000E1	-2.829934990E0
1.976000000E1	-2.867011765E0
1.980000000E1	-2.993085380E0
1.984000000E1	-3.116493877E0
1.988000000E1	-3.217283824E0
1.992000000E1	-3.225929686E0
1.996000000E1	-3.213761416E0
2.000000000E1	-3.198453792E0
2.004000000E1	-3.194676406E0
2.008000000E1	-3.155137135E0
2.012000000E1	-3.168963037E0
2.016000000E1	-3.005595320E0
2.020000000E1	-2.741203604E0
2.024000000E1	-2.183144937E0
2.028000000E1	-9.954370368E-1
2.032000000E1	8.908991183E-1
2.036000000E1	3.439826119E0
2.040000000E1	6.690698856E0
2.044000000E1	1.446282668E1
2.048000000E1	1.445822772E1
2.052000000E1	1.898953132E1
2.056000000E1	2.407680069E1
2.060000000E1	2.880494183E1
2.064000000E1	3.372020918E1
2.068000000E1	3.811422533E1
2.072000000E1	4.226649873E1
2.076000000E1	4.622990494E1
2.080000000E1	4.966400237E1
2.084000000E1	5.264921804E1
2.088000000E1	5.508353493E1
2.092000000E1	5.679603761E1
2.096000000E1	5.799856382E1
2.100000000E1	5.840700084E1
2.104000000E1	5.803802691E1
2.108000000E1	5.733897238E1
2.112000000E1	5.591782573E1
2.116000000E1	5.349717353E1
2.120000000E1	4.983912725E1
2.124000000E1	4.535500631E1
2.128000000E1	4.033035690E1
2.132000000E1	2.916958756E1
2.136000000E1	2.915516660E1
2.140000000E1	2.360501528E1
2.144000000E1	1.814773910E1
2.148000000E1	1.320451582E1
2.152000000E1	8.838799891E0
2.156000000E1	5.192281264E0
2.160000000E1	2.122765788E0
2.164000000E1	-3.767318228E-1
2.168000000E1	-3.306222629E0
2.172000000E1	-3.282895062E0
2.176000000E1	-3.869663598E0
2.180000000E1	-4.071350948E0
2.184000000E1	-4.020904672E0
2.188000000E1	-3.813101106E0
2.192000000E1	-3.679626362E0
2.196000000E1	-3.546079659E0
2.200000000E1	-3.483235693E0
2.204000000E1	-3.492827278E0
2.208000000E1	-3.511662712E0
2.212000000E1	-3.592608406E0
2.216000000E1	-3.625745546E0
2.220000000E1	-3.654391085E0
2.224000000E1	-3.679791154E0
2.228000000E1	-3.681990595E0
2.232000000E1	-3.688866616E0
2.236000000E1	-3.702187169E0
2.240000000E1	-3.704964647E0
2.244000000E1	-3.705737573E0
2.248000000E1	-3.709360308E0
2.252000000E1	-3.670043691E0
2.256000000E1	-3.530155358E0
2.260000000E1	-3.490551757E0
2.264000000E1	-3.486227784E0
2.268000000E1	-3.495811729E0
2.272000000E1	-3.509202628E0
2.276000000E1	-3.531885134E0
2.280000000E1	-3.518302025E0
2.284000000E1	-3.517235654E0
2.288000000E1	-3.513846220E0
2.292000000E1	-3.514835842E0
2.296000000E1	-3.524245314E0
2.300000000E1	-3.519988532E0
2.304000000E1	-3.499894768E0
2.308000000E1	-3.421855509E0
2.312000000E1	-3.081510634E0
2.316000000E1	-2.527384042E0
2.320000000E1	-1.564051220E0
2.324000000E1	2.718091783E-3
2.328000000E1	2.304870505E0
2.332000000E1	5.074097142E0
2.336000000E1	8.331882603E0
2.340000000E1	1.189043790E1
2.344000000E1	1.594697002E1
2.348000000E1	2.028300573E1
2.352000000E1	2.484710114E1
2.356000000E1	2.967485602E1
2.360000000E1	3.448247347E1
2.364000000E1	3.900410586E1
2.368000000E1	4.307144291E1
2.372000000E1	4.658596630E1
2.376000000E1	4.972579067E1
2.380000000E1	5.232664175E1
2.384000000E1	5.417671077E1
2.388000000E1	5.536241825E1
2.392000000E1	5.595652382E1
2.396000000E1	5.590069692E1
2.400000000E1	5.522949012E1
2.404000000E1	5.384455787E1
2.408000000E1	5.147135089E1
2.412000000E1	4.830839800E1
2.416000000E1	4.387677523E1
2.420000000E1	3.877132080E1
2.424000000E1	3.328361217E1
2.428000000E1	2.722420073E1
2.432000000E1	2.137338772E1
2.436000000E1	1.548925739E1
2.440000000E1	1.004334118E1
2.444000000E1	5.364819318E0
2.448000000E1	1.495415353E0
2.452000000E1	-1.381992295E0
2.456000000E1	-3.586933018E0
2.460000000E1	-4.977935510E0
2.464000000E1	-5.692462689E0
2.468000000E1	-5.717103795E0
2.472000000E1	-5.476618753E0
2.476000000E1	-5.110485120E0
2.480000000E1	-4.815217896E0
2.484000000E1	-4.751379121E0
2.488000000E1	-4.907287681E0
2.492000000E1	-4.921486685E0
2.496000000E1	-4.996802902E0
2.500000000E1	-5.036928732E0
2.504000000E1	-5.045741095E0
2.508000000E1	-5.028106658E0
2.512000000E1	-5.021808217E0
2.516000000E1	-5.016812590E0
2.520000000E1	-5.021645878E0
2.524000000E1	-5.017910482E0
2.528000000E1	-5.025086875E0
2.532000000E1	-5.034220129E0
2.536000000E1	-5.025255185E0
2.540000000E1	-5.024653014E0
2.544000000E1	-5.023992928E0
2.548000000E1	-5.019286606E0
2.552000000E1	-5.013045087E0
2.556000000E1	-5.005492900E0
2.560000000E1	-4.791514469E0
2.564000000E1	-4.301982135E0
2.568000000E1	-3.376943991E0
2.572000000E1	-1.893765677E0
2.576000000E1	8.209483513E-2
2.580000000E1	2.480911880E0
2.584000000E1	5.275288539E0
2.588000000E1	8.475396013E0
2.592000000E1	1.209355586E1
2.596000000E1	1.614283664E1
2.600000000E1	2.045174742E1
2.604000000E1	2.529359607E1
2.608000000E1	2.984099424E1
2.612000000E1	3.467663210E1
2.616000000E1	3.921749776E1
2.620000000E1	4.329497608E1
2.624000000E1	4.683897343E1
2.628000000E1	5.000769253E1
2.632000000E1	5.252750993E1
2.636000000E1	5.452069143E1
2.640000000E1	5.578699585E1
2.644000000E1	5.639463036E1
2.648000000E1	5.599435549E1
2.652000000E1	5.485740871E1
2.656000000E1	5.266820528E1
2.660000000E1	4.948290703E1
2.664000000E1	4.533679490E1
2.668000000E1	4.057714580E1
2.672000000E1	3.502716146E1
2.676000000E1	2.883692424E1
2.680000000E1	2.241724722E1
2.684000000E1	1.627142994E1
2.688000000E1	1.041613178E1
2.692000000E1	5.535702668E0
2.696000000E1	1.793958252E0
2.700000000E1	-1.000640675E0
2.704000000E1	-2.756809034E0
2.708000000E1	-3.779404974E0
2.712000000E1	-4.196316304E0
2.716000000E1	-4.098607508E0
2.720000000E1	-3.854769689E0
2.724000000E1	-3.635130283E0
2.728000000E1	-3.576703164E0
2.732000000E1	-3.660780089E0
2.736000000E1	-3.731052993E0
2.740000000E1	-3.868895523E0
2.744000000E1	-3.917015522E0
2.748000000E1	-3.922043650E0
2.752000000E1	-3.941437194E0
2.756000000E1	-3.948527301E0
2.760000000E1	-3.945496820E0
2.764000000E1	-3.948208327E0
2.768000000E1	-3.921323184E0
2.772000000E1	-3.662702224E0
2.776000000E1	-2.949866806E0
2.780000000E1	-1.646230372E0
2.784000000E1	3.970221022E-1
2.788000000E1	3.183729226E0
2.792000000E1	6.646122912E0
2.796000000E1	1.054250416E1
2.800000000E1	1.488752325E1
2.804000000E1	1.952999030E1
2.808000000E1	2.391560585E1
2.812000000E1	2.831647914E1
2.816000000E1	3.276967534E1
2.820000000E1	4.112133371E1
2.824000000E1	4.113295180E1
2.828000000E1	4.491976867E1
2.832000000E1	4.812363239E1
2.836000000E1	5.105312473E1
2.840000000E1	5.333411999E1
2.844000000E1	5.516847113E1
2.848000000E1	5.614299701E1
2.852000000E1	5.698551846E1
2.856000000E1	5.690829653E1
2.860000000E1	5.636459441E1
2.864000000E1	5.460838727E1
2.868000000E1	5.159708023E1
2.872000000E1	4.737186022E1
2.876000000E1	4.210079719E1
2.880000000E1	3.609134409E1
2.884000000E1	2.930023357E1
2.888000000E1	2.252890002E1
2.892000000E1	1.576409723E1
2.896000000E1	9.676886281E0
2.900000000E1	4.315436021E0
2.904000000E1	-1.087703808E-1
2.908000000E1	-3.252868617E0
2.912000000E1	-5.377076180E0
2.916000000E1	-6.660162197E0
2.920000000E1	-7.054521443E0
2.924000000E1	-6.916745307E0
2.928000000E1	-6.478515853E0
2.932000000E1	-5.984344317E0
2.936000000E1	-5.605511495E0
2.940000000E1	-5.492310569E0
2.944000000E1	-5.724492422E0
2.948000000E1	-5.737224253E0
2.952000000E1	-5.776770338E0
2.956000000E1	-5.774614640E0
2.960000000E1	-5.758617411E0
2.964000000E1	-5.731872150E0
2.968000000E1	-5.717061699E0
2.972000000E1	-5.741772395E0
2.976000000E1	-5.715815934E0
2.980000000E1	-5.598454840E0
2.984000000E1	-5.502271388E0
2.988000000E1	-5.199843244E0
2.992000000E1	-3.525916932E0
2.996000000E1	-3.526582531E0
3.000000000E1	-1.805352620E0
3.004000000E1	3.764063557E-1
3.008000000E1	3.041854827E0
3.012000000E1	6.064133618E0
3.016000000E1	9.312257477E0
3.020000000E1	1.292225751E1
3.024000000E1	1.667803750E1
3.028000000E1	2.047316267E1
3.032000000E1	2.891468683E1
3.036000000E1	2.893319347E1
3.040000000E1	3.343685604E1
3.044000000E1	3.759432889E1
3.048000000E1	4.158779589E1
3.052000000E1	4.512686525E1
3.056000000E1	4.841833570E1
3.060000000E1	5.099407461E1
3.064000000E1	5.343495336E1
3.068000000E1	5.499667151E1
3.072000000E1	5.583913593E1
3.076000000E1	5.537079321E1
3.080000000E1	5.424602163E1
3.084000000E1	5.241608358E1
3.088000000E1	4.978963734E1
3.092000000E1	4.609643707E1
3.096000000E1	4.190438417E1
3.100000000E1	3.677789707E1
3.104000000E1	3.080536231E1
3.108000000E1	2.460750859E1
3.112000000E1	1.857523662E1
3.116000000E1	1.262342754E1
3.120000000E1	7.350712174E0
3.124000000E1	2.805729789E0
3.128000000E1	-5.196029401E-1
3.132000000E1	-4.817740269E0
3.136000000E1	-4.828890052E0
3.140000000E1	-5.610776334E0
3.144000000E1	-5.746980794E0
3.148000000E1	-5.446316870E0
3.152000000E1	-4.998891852E0
3.156000000E1	-4.635415718E0
3.160000000E1	-4.486629986E0
3.164000000E1	-4.489184843E0
3.168000000E1	-4.652761924E0
3.172000000E1	-4.747448794E0
3.176000000E1	-4.803603948E0
3.180000000E1	-4.884199700E0
3.184000000E1	-4.808805041E0
3.188000000E1	-4.754725685E0
3.192000000E1	-4.729798127E0
3.196000000E1	-4.719197601E0
3.200000000E1	-4.746229953E0
3.204000000E1	-4.740894505E0
3.208000000E1	-4.709093579E0
3.212000000E1	-4.602363777E0
3.216000000E1	-4.355677340E0
3.220000000E1	-3.809175680E0
3.224000000E1	-1.523094289E0
3.228000000E1	-1.521809431E0
3.232000000E1	4.411496177E-1
3.236000000E1	2.927555152E0
3.240000000E1	5.823869450E0
3.244000000E1	9.202604877E0
3.248000000E1	1.276541264E1
3.252000000E1	1.676931550E1
3.256000000E1	2.101934940E1
3.260000000E1	2.551922917E1
3.264000000E1	3.025815305E1
3.268000000E1	3.472241841E1
3.272000000E1	3.882693357E1
3.276000000E1	4.271391948E1
3.280000000E1	4.619686335E1
3.284000000E1	4.908169299E1
3.288000000E1	5.137265641E1
3.292000000E1	5.324883401E1
3.296000000E1	5.456752820E1
3.300000000E1	5.536094510E1
3.304000000E1	5.529441675E1
3.308000000E1	5.420226700E1
3.312000000E1	5.242398375E1
3.316000000E1	4.995776245E1
3.320000000E1	4.661714288E1
3.324000000E1	4.234352533E1
3.328000000E1	3.707428344E1
3.332000000E1	3.141081766E1
3.336000000E1	2.482954210E1
3.340000000E1	1.849677165E1
3.344000000E1	1.269310939E1
3.348000000E1	7.214767172E0
3.352000000E1	2.914089121E0
3.356000000E1	-6.968633439E-1
3.360000000E1	-3.387981197E0
3.364000000E1	-4.874281348E0
3.368000000E1	-5.688272451E0
3.372000000E1	-5.825169799E0
3.376000000E1	-5.522155703E0
3.380000000E1	-5.072790103E0
3.384000000E1	-4.671079869E0
3.388000000E1	-4.505199439E0
3.392000000E1	-4.563390195E0
3.396000000E1	-4.741704509E0
3.400000000E1	-4.933490814E0
3.404000000E1	-4.977344289E0
3.408000000E1	-5.017176617E0
3.412000000E1	-4.989840837E0
3.416000000E1	-4.951052665E0
3.420000000E1	-4.959536077E0
3.424000000E1	-4.920146324E0
3.428000000E1	-4.945546120E0
3.432000000E1	-4.954104696E0
3.436000000E1	-4.971561493E0
3.440000000E1	-4.982081294E0
3.444000000E1	-4.983127114E0
3.448000000E1	-4.984521003E0
3.452000000E1	-4.977290356E0
3.456000000E1	-4.968784302E0
3.460000000E1	-4.972846190E0
3.464000000E1	-5.003664853E0
3.468000000E1	-4.954172462E0
3.472000000E1	-4.599567644E0
3.476000000E1	-3.996070801E0
3.480000000E1	-2.821978147E0
3.484000000E1	-1.187500468E0
3.488000000E1	7.615496241E-1
3.492000000E1	2.921363632E0
3.496000000E1	5.370384165E0
3.500000000E1	8.350615439E0
3.504000000E1	1.180912344E1
3.508000000E1	1.584042728E1
3.512000000E1	2.040216208E1
3.516000000E1	2.537941217E1
3.520000000E1	3.060799099E1
3.524000000E1	3.564246143E1
3.528000000E1	4.020084812E1
3.532000000E1	4.453041420E1
3.536000000E1	4.798872265E1
3.540000000E1	5.098952500E1
3.544000000E1	5.313841591E1
3.548000000E1	5.464458026E1
3.552000000E1	5.615166584E1
3.556000000E1	5.613171712E1
3.560000000E1	5.589361461E1
3.564000000E1	5.482659128E1
3.568000000E1	5.271505970E1
3.572000000E1	4.944184328E1
3.576000000E1	4.526801557E1
3.580000000E1	4.024892886E1
3.584000000E1	3.437302827E1
3.588000000E1	2.793504809E1
3.592000000E1	2.129976299E1
3.596000000E1	1.513445409E1
3.600000000E1	9.386527303E0
3.604000000E1	4.376345695E0
3.608000000E1	4.287795949E-1
3.612000000E1	-2.757425854E0
3.616000000E1	-5.039455998E0
3.620000000E1	-6.246102224E0
3.624000000E1	-6.673888213E0
3.628000000E1	-6.812326255E0
3.632000000E1	-6.669720742E0
3.636000000E1	-6.521496050E0
3.640000000E1	-6.358722387E0
3.644000000E1	-6.220872365E0
3.648000000E1	-6.203464631E0
3.652000000E1	-6.221220078E0
3.656000000E1	-6.257830776E0
3.660000000E1	-6.299150306E0
3.664000000E1	-6.356106057E0
3.668000000E1	-6.400844723E0
3.672000000E1	-6.393451268E0
3.676000000E1	-6.317527661E0
3.680000000E1	-6.079796336E0
3.684000000E1	-5.553955670E0
3.688000000E1	-4.460734023E0
3.692000000E1	-2.792697239E0
3.696000000E1	-5.816937577E-1
3.700000000E1	2.051526271E0
3.704000000E1	4.854679093E0
3.708000000E1	8.026092633E0
3.712000000E1	1.145999840E1
3.716000000E1	1.499076532E1
3.720000000E1	1.889414789E1
3.724000000E1	2.304630115E1
3.728000000E1	2.726870709E1
3.732000000E1	3.152475573E1
3.736000000E1	3.575775730E1
3.740000000E1	3.960555048E1
3.744000000E1	4.316562239E1
3.748000000E1	4.627318132E1
3.752000000E1	4.908268896E1
3.756000000E1	5.146176710E1
3.760000000E1	5.307267167E1
3.764000000E1	5.437264478E1
3.768000000E1	5.523779327E1
3.772000000E1	5.544655942E1
3.776000000E1	5.469967322E1
3.780000000E1	5.297738517E1
3.784000000E1	5.053198793E1
3.788000000E1	4.705064618E1
3.792000000E1	4.279212939E1
3.796000000E1	3.770541088E1
3.800000000E1	3.180480748E1
3.804000000E1	2.573347753E1
3.808000000E1	1.949536791E1
3.812000000E1	1.367921101E1
3.816000000E1	8.463631128E0
3.820000000E1	4.110537722E0
3.824000000E1	-1.971821228E0
3.828000000E1	-2.015960264E0
3.832000000E1	-3.702700267E0
3.836000000E1	-4.597437493E0
3.840000000E1	-4.980290252E0
3.844000000E1	-4.923304771E0
3.848000000E1	-4.663892065E0
3.852000000E1	-4.392492042E0
3.856000000E1	-4.171478969E0
3.860000000E1	-4.110550111E0
3.864000000E1	-4.133714669E0
3.868000000E1	-4.177049091E0
3.872000000E1	-4.203796588E0
3.876000000E1	-4.216821863E0
3.880000000E1	-4.231312146E0
3.884000000E1	-4.245693584E0
3.888000000E1	-4.218886427E0
3.892000000E1	-4.177012543E0
3.896000000E1	-4.140945985E0
3.900000000E1	-4.005908905E0
3.904000000E1	-3.746312269E0
3.908000000E1	-3.508225594E0
3.912000000E1	-3.258169919E0
3.916000000E1	-3.213797207E0
3.920000000E1	-3.073282322E0
3.924000000E1	-3.018983331E0
3.928000000E1	-2.996453657E0
3.932000000E1	-3.009917707E0
3.936000000E1	-3.031725834E0
3.940000000E1	-3.044346444E0
3.944000000E1	-3.056658933E0
3.948000000E1	-3.036339477E0
3.952000000E1	-2.817722049E0
3.956000000E1	-2.315937148E0
3.960000000E1	-1.594847145E0
3.964000000E1	-6.515102370E-1
3.968000000E1	9.033978866E-1
3.972000000E1	3.105857380E0
3.976000000E1	5.949685459E0
3.980000000E1	9.360206294E0
3.984000000E1	1.321286911E1
3.988000000E1	1.733486998E1
3.992000000E1	2.187507976E1
3.996000000E1	2.656861920E1
4.000000000E1	3.133299631E1
4.004000000E1	3.573022522E1
4.008000000E1	4.020732599E1
4.012000000E1	4.753478695E1
4.016000000E1	4.752348220E1
4.020000000E1	5.027512701E1
4.024000000E1	5.254550822E1
4.028000000E1	5.409094606E1
4.032000000E1	5.502002520E1
4.036000000E1	5.492772695E1
4.040000000E1	5.396059405E1
4.044000000E1	4.938273878E1
4.048000000E1	4.938764818E1
4.052000000E1	4.600239439E1
4.056000000E1	4.207477102E1
4.060000000E1	3.722020450E1
4.064000000E1	3.177574422E1
4.068000000E1	2.607192159E1
4.072000000E1	2.043647453E1
4.076000000E1	1.492702474E1
4.080000000E1	1.006406858E1
4.084000000E1	5.542812137E0
4.088000000E1	1.935452504E0
4.092000000E1	-8.132661766E-1
4.096000000E1	-2.689793902E0
