
t/1	ANGLE/1
0.000000000E0	1.924137029E1
4.000000000E-2	1.922111012E1
8.000000000E-2	1.922232093E1
1.200000000E-1	1.918163722E1
1.600000000E-1	1.920545624E1
2.000000000E-1	1.920944689E1
2.400000000E-1	1.922505052E1
2.800000000E-1	1.921641598E1
3.200000000E-1	1.920197928E1
3.600000000E-1	1.920182680E1
4.000000000E-1	1.922415349E1
4.400000000E-1	1.923578713E1
4.800000000E-1	1.922969103E1
5.200000000E-1	1.923835699E1
5.600000000E-1	1.924862970E1
6.000000000E-1	1.924841527E1
6.400000000E-1	1.924901402E1
6.800000000E-1	1.925336276E1
7.200000000E-1	1.926599221E1
7.600000000E-1	1.926925263E1
8.000000000E-1	1.926143875E1
8.400000000E-1	1.925233929E1
8.800000000E-1	1.924981816E1
9.200000000E-1	1.925843541E1
9.600000000E-1	1.925048828E1
1.000000000E0	1.924310920E1
1.040000000E0	1.924273585E1
1.080000000E0	1.924289079E1
1.120000000E0	1.923814961E1
1.160000000E0	1.923861889E1
1.200000000E0	1.923788637E1
1.240000000E0	1.923601229E1
1.280000000E0	1.923934826E1
1.320000000E0	1.922842768E1
1.360000000E0	1.923314205E1
1.400000000E0	1.923454102E1
1.440000000E0	1.923641133E1
1.480000000E0	1.925080073E1
1.520000000E0	1.927018112E1
1.560000000E0	1.929194465E1
1.600000000E0	1.936000908E1
1.640000000E0	1.939013184E1
1.680000000E0	1.932363746E1
1.720000000E0	1.935680884E1
1.760000000E0	1.931945826E1
1.800000000E0	1.929931522E1
1.840000000E0	1.964254875E1
1.880000000E0	2.075598477E1
1.920000000E0	2.297558661E1
1.960000000E0	2.738029408E1
2.000000000E0	3.323542739E1
2.040000000E0	4.006931314E1
2.080000000E0	4.787442390E1
2.120000000E0	5.609216747E1
2.160000000E0	6.385076523E1
2.200000000E0	7.088779584E1
2.240000000E0	7.661675281E1
2.280000000E0	8.091195167E1
2.320000000E0	8.378177759E1
2.360000000E0	8.557235881E1
2.400000000E0	8.632074691E1
2.440000000E0	8.635203052E1
2.480000000E0	8.619921607E1
2.520000000E0	8.579482742E1
2.560000000E0	8.466390531E1
2.600000000E0	8.197022617E1
2.640000000E0	7.879725760E1
2.680000000E0	7.526970924E1
2.720000000E0	7.100883452E1
2.760000000E0	6.647413982E1
2.800000000E0	6.177601468E1
2.840000000E0	5.721705033E1
2.880000000E0	5.276261696E1
2.920000000E0	4.891409393E1
2.960000000E0	4.479147022E1
3.000000000E0	4.143150581E1
3.040000000E0	3.884755344E1
3.080000000E0	3.738336528E1
3.120000000E0	3.712308956E1
3.160000000E0	3.720830724E1
3.200000000E0	3.756865497E1
3.240000000E0	3.763379676E1
3.280000000E0	3.721842797E1
3.320000000E0	3.612768789E1
3.360000000E0	3.402477687E1
3.400000000E0	3.099791255E1
3.440000000E0	2.761814646E1
3.480000000E0	2.386654652E1
3.520000000E0	2.021070137E1
3.560000000E0	1.743907943E1
3.600000000E0	1.536066509E1
3.640000000E0	1.385926571E1
3.680000000E0	1.322150490E1
3.720000000E0	1.280102942E1
3.760000000E0	1.302376084E1
3.800000000E0	1.307253471E1
3.840000000E0	1.311327307E1
3.880000000E0	1.305064788E1
3.920000000E0	1.304831944E1
3.960000000E0	1.307342889E1
4.000000000E0	1.307576934E1
4.040000000E0	1.311598830E1
4.080000000E0	1.342202244E1
4.120000000E0	1.455874791E1
4.160000000E0	1.695139954E1
4.200000000E0	2.114257143E1
4.240000000E0	2.692105746E1
4.280000000E0	3.407859380E1
4.320000000E0	4.205886319E1
4.360000000E0	5.029924573E1
4.400000000E0	5.774840598E1
4.440000000E0	6.486675525E1
4.480000000E0	7.093051726E1
4.520000000E0	7.580003261E1
4.560000000E0	7.950444870E1
4.600000000E0	8.203589800E1
4.640000000E0	8.388899955E1
4.680000000E0	8.509281322E1
4.720000000E0	8.581983762E1
4.760000000E0	8.583816992E1
4.800000000E0	8.541250917E1
4.840000000E0	8.444475803E1
4.880000000E0	8.297480439E1
4.920000000E0	8.075144193E1
4.960000000E0	7.815608274E1
5.000000000E0	7.521693653E1
5.040000000E0	7.187928006E1
5.080000000E0	6.770418966E1
5.120000000E0	6.381503066E1
5.160000000E0	5.984833989E1
5.200000000E0	5.583632296E1
5.240000000E0	5.211764653E1
5.280000000E0	4.844867294E1
5.320000000E0	4.528327760E1
5.360000000E0	4.225160118E1
5.400000000E0	3.988467571E1
5.440000000E0	3.778123583E1
5.480000000E0	3.585642295E1
5.520000000E0	3.468876965E1
5.560000000E0	3.440335592E1
5.600000000E0	3.405691594E1
5.640000000E0	3.413947331E1
5.680000000E0	3.389696693E1
5.720000000E0	3.326138024E1
5.760000000E0	3.192237638E1
5.800000000E0	2.980338444E1
5.840000000E0	2.705373203E1
5.880000000E0	2.367554956E1
5.920000000E0	2.031519703E1
5.960000000E0	1.728346554E1
6.000000000E0	1.511563712E1
6.040000000E0	1.394514212E1
6.080000000E0	1.415390377E1
6.120000000E0	1.508874539E1
6.160000000E0	1.622063600E1
6.200000000E0	1.703549290E1
6.240000000E0	1.771299665E1
6.280000000E0	1.767236686E1
6.320000000E0	1.722161070E1
6.360000000E0	1.678230456E1
6.400000000E0	1.665511221E1
6.440000000E0	1.729030102E1
6.480000000E0	1.957755874E1
6.520000000E0	2.383470537E1
6.560000000E0	2.993865354E1
6.600000000E0	3.714753890E1
6.640000000E0	4.528188805E1
6.680000000E0	5.348229669E1
6.720000000E0	6.102575785E1
6.760000000E0	6.766933777E1
6.800000000E0	7.290316649E1
6.840000000E0	7.658605166E1
6.880000000E0	7.927453806E1
6.920000000E0	8.112438781E1
6.960000000E0	8.246736799E1
7.000000000E0	8.355654740E1
7.040000000E0	8.444926652E1
7.080000000E0	8.484307959E1
7.120000000E0	8.501339485E1
7.160000000E0	8.474574815E1
7.200000000E0	8.433585303E1
7.240000000E0	8.324268234E1
7.280000000E0	8.182832343E1
7.320000000E0	7.962696063E1
7.360000000E0	7.705492122E1
7.400000000E0	7.335644969E1
7.440000000E0	7.005871855E1
7.480000000E0	6.675166984E1
7.520000000E0	6.309550864E1
7.560000000E0	5.939448921E1
7.600000000E0	5.573113982E1
7.640000000E0	5.260176861E1
7.680000000E0	4.931296686E1
7.720000000E0	4.602900320E1
7.760000000E0	4.298931942E1
7.800000000E0	4.077005630E1
7.840000000E0	3.885678653E1
7.880000000E0	3.783522730E1
7.920000000E0	3.716284176E1
7.960000000E0	3.689640655E1
8.000000000E0	3.681295206E1
8.040000000E0	3.647398804E1
8.080000000E0	3.527516258E1
8.120000000E0	3.291222177E1
8.160000000E0	2.970166976E1
8.200000000E0	2.585770619E1
8.240000000E0	2.192036880E1
8.280000000E0	1.838002495E1
8.320000000E0	1.566532872E1
8.360000000E0	1.355917408E1
8.400000000E0	1.258005303E1
8.440000000E0	1.259440139E1
8.480000000E0	1.308866347E1
8.520000000E0	1.432828292E1
8.560000000E0	1.616815360E1
8.600000000E0	1.883363165E1
8.640000000E0	2.282666569E1
8.680000000E0	2.771984833E1
8.720000000E0	3.364265725E1
8.760000000E0	4.020323861E1
8.800000000E0	4.715305191E1
8.840000000E0	5.409423476E1
8.880000000E0	6.052118490E1
8.920000000E0	6.619110692E1
8.960000000E0	7.111675467E1
9.000000000E0	7.510960150E1
9.040000000E0	7.840802726E1
9.080000000E0	8.092779485E1
9.120000000E0	8.270857482E1
9.160000000E0	8.365253254E1
9.200000000E0	8.329334897E1
9.240000000E0	8.271730795E1
9.280000000E0	8.118030482E1
9.320000000E0	7.901856773E1
9.360000000E0	7.615731857E1
9.400000000E0	7.264495064E1
9.440000000E0	6.908757927E1
9.480000000E0	6.527533529E1
9.520000000E0	6.148325607E1
9.560000000E0	5.767052039E1
9.600000000E0	5.395320105E1
9.640000000E0	5.010973909E1
9.680000000E0	4.670185542E1
9.720000000E0	4.347223345E1
9.760000000E0	4.084470605E1
9.800000000E0	3.876469519E1
9.840000000E0	3.707801295E1
9.880000000E0	3.574206471E1
9.920000000E0	3.494406801E1
9.960000000E0	3.439558761E1
1.000000000E1	3.434021225E1
1.004000000E1	3.411202731E1
1.008000000E1	3.400290614E1
1.012000000E1	3.305783491E1
1.016000000E1	3.174422392E1
1.020000000E1	2.981056853E1
1.024000000E1	2.732008799E1
1.028000000E1	2.446688047E1
1.032000000E1	2.136950233E1
1.036000000E1	1.838896443E1
1.040000000E1	1.581999447E1
1.044000000E1	1.378413499E1
1.048000000E1	1.258227509E1
1.052000000E1	1.202603257E1
1.056000000E1	1.205134035E1
1.060000000E1	1.255220131E1
1.064000000E1	1.304363002E1
1.068000000E1	1.373938773E1
1.072000000E1	1.481154619E1
1.076000000E1	1.720552200E1
1.080000000E1	2.095621840E1
1.084000000E1	2.657498404E1
1.088000000E1	3.341943156E1
1.092000000E1	4.096659648E1
1.096000000E1	4.886122033E1
1.100000000E1	5.656184230E1
1.104000000E1	6.336574624E1
1.108000000E1	6.900341428E1
1.112000000E1	7.374624712E1
1.116000000E1	7.709694835E1
1.120000000E1	7.956648171E1
1.124000000E1	8.109836534E1
1.128000000E1	8.198609354E1
1.132000000E1	8.204351242E1
1.136000000E1	8.138245949E1
1.140000000E1	7.984618842E1
1.144000000E1	7.799276557E1
1.148000000E1	7.568745062E1
1.152000000E1	7.294883668E1
1.156000000E1	7.002068932E1
1.160000000E1	6.683029572E1
1.164000000E1	6.364623141E1
1.168000000E1	6.038968573E1
1.172000000E1	5.692674066E1
1.176000000E1	5.341006996E1
1.180000000E1	5.010493272E1
1.184000000E1	4.684356568E1
1.188000000E1	4.363956885E1
1.192000000E1	4.099063233E1
1.196000000E1	3.864301805E1
1.200000000E1	3.655975590E1
1.204000000E1	3.514826698E1
1.208000000E1	3.415913985E1
1.212000000E1	3.382676513E1
1.216000000E1	3.378040536E1
1.220000000E1	3.390638977E1
1.224000000E1	3.390751340E1
1.228000000E1	3.389315092E1
1.232000000E1	3.351025854E1
1.236000000E1	3.247183792E1
1.240000000E1	3.071728587E1
1.244000000E1	2.805744507E1
1.248000000E1	2.536060118E1
1.252000000E1	2.247091959E1
1.256000000E1	1.987213209E1
1.260000000E1	1.768801515E1
1.264000000E1	1.647821773E1
1.268000000E1	1.560529020E1
1.272000000E1	1.514924386E1
1.276000000E1	1.547454169E1
1.280000000E1	1.618056662E1
1.284000000E1	1.708967905E1
1.288000000E1	1.859075628E1
1.292000000E1	2.126419910E1
1.296000000E1	2.493711364E1
1.300000000E1	2.991545782E1
1.304000000E1	3.589267987E1
1.308000000E1	4.241258262E1
1.312000000E1	4.926046124E1
1.316000000E1	5.577397555E1
1.320000000E1	6.211747778E1
1.324000000E1	6.758223046E1
1.328000000E1	7.235930339E1
1.332000000E1	7.626532022E1
1.336000000E1	7.934194216E1
1.340000000E1	8.165022137E1
1.344000000E1	8.330007083E1
1.348000000E1	8.415457596E1
1.352000000E1	8.470541057E1
1.356000000E1	8.493037589E1
1.360000000E1	8.446479522E1
1.364000000E1	8.386352371E1
1.368000000E1	8.294131682E1
1.372000000E1	8.150546774E1
1.376000000E1	7.964205799E1
1.380000000E1	7.718655281E1
1.384000000E1	7.430614067E1
1.388000000E1	7.106793750E1
1.392000000E1	6.745641557E1
1.396000000E1	6.372002210E1
1.400000000E1	6.015605941E1
1.404000000E1	5.661916245E1
1.408000000E1	5.319738983E1
1.412000000E1	4.976903029E1
1.416000000E1	4.684079828E1
1.420000000E1	4.407325753E1
1.424000000E1	4.157732856E1
1.428000000E1	3.964479937E1
1.432000000E1	3.810171380E1
1.436000000E1	3.682889987E1
1.440000000E1	3.622281669E1
1.444000000E1	3.599646039E1
1.448000000E1	3.596488308E1
1.452000000E1	3.590422440E1
1.456000000E1	3.519710019E1
1.460000000E1	3.399149768E1
1.464000000E1	3.220773044E1
1.468000000E1	2.992866360E1
1.472000000E1	2.737990987E1
1.476000000E1	2.524538686E1
1.480000000E1	2.324392808E1
1.484000000E1	2.190554102E1
1.488000000E1	2.146027975E1
1.492000000E1	2.164833207E1
1.496000000E1	2.261723716E1
1.500000000E1	2.445191204E1
1.504000000E1	2.706201657E1
1.508000000E1	3.108934258E1
1.512000000E1	3.652270982E1
1.516000000E1	4.309806300E1
1.520000000E1	5.016937940E1
1.524000000E1	5.741462213E1
1.528000000E1	6.431685066E1
1.532000000E1	7.049415023E1
1.536000000E1	7.577633786E1
1.540000000E1	8.012841993E1
1.544000000E1	8.324345788E1
1.548000000E1	8.551950699E1
1.552000000E1	8.695359168E1
1.556000000E1	8.801362743E1
1.560000000E1	8.855425459E1
1.564000000E1	8.831962593E1
1.568000000E1	8.778867792E1
1.572000000E1	8.693509691E1
1.576000000E1	8.584569009E1
1.580000000E1	8.417318792E1
1.584000000E1	8.256439480E1
1.588000000E1	8.013422332E1
1.592000000E1	7.745265718E1
1.596000000E1	7.415961523E1
1.600000000E1	7.086478051E1
1.604000000E1	6.718830461E1
1.608000000E1	6.341200331E1
1.612000000E1	5.972260056E1
1.616000000E1	5.584671352E1
1.620000000E1	5.243663381E1
1.624000000E1	4.918285176E1
1.628000000E1	4.606546890E1
1.632000000E1	4.368165449E1
1.636000000E1	4.149952606E1
1.640000000E1	3.972629529E1
1.644000000E1	3.843502851E1
1.648000000E1	3.729980387E1
1.652000000E1	3.665794840E1
1.656000000E1	3.651543651E1
1.660000000E1	3.651312986E1
1.664000000E1	3.650918533E1
1.668000000E1	3.647420518E1
1.672000000E1	3.639264270E1
1.676000000E1	3.612746518E1
1.680000000E1	3.572871434E1
1.684000000E1	3.527435111E1
1.688000000E1	3.484297997E1
1.692000000E1	3.404388554E1
1.696000000E1	3.270968406E1
1.700000000E1	3.151830418E1
1.704000000E1	3.060539642E1
1.708000000E1	3.041844890E1
1.712000000E1	3.028887669E1
1.716000000E1	3.072335180E1
1.720000000E1	3.235927298E1
1.724000000E1	3.432676789E1
1.728000000E1	3.765673289E1
1.732000000E1	4.181248964E1
1.736000000E1	4.688634482E1
1.740000000E1	5.249349077E1
1.744000000E1	5.826069178E1
1.748000000E1	6.384334832E1
1.752000000E1	6.905698792E1
1.756000000E1	7.371483317E1
1.760000000E1	7.751349136E1
1.764000000E1	8.083641543E1
1.768000000E1	8.309614568E1
1.772000000E1	8.470928944E1
1.776000000E1	8.574038382E1
1.780000000E1	8.638932499E1
1.784000000E1	8.622491424E1
1.788000000E1	8.569922391E1
1.792000000E1	8.476906784E1
1.796000000E1	8.337399280E1
1.800000000E1	8.143294430E1
1.804000000E1	7.875708732E1
1.808000000E1	7.582406881E1
1.812000000E1	7.254251912E1
1.816000000E1	6.945272481E1
1.820000000E1	6.582704084E1
1.824000000E1	6.274897084E1
1.828000000E1	5.926147167E1
1.832000000E1	5.533609451E1
1.836000000E1	5.135722749E1
1.840000000E1	4.740862948E1
1.844000000E1	4.375804358E1
1.848000000E1	4.046228477E1
1.852000000E1	3.792819277E1
1.856000000E1	3.555330710E1
1.860000000E1	3.366167127E1
1.864000000E1	3.251825606E1
1.868000000E1	3.166825046E1
1.872000000E1	3.127031259E1
1.876000000E1	3.138094381E1
1.880000000E1	3.173982430E1
1.884000000E1	3.188169788E1
1.888000000E1	3.175082814E1
1.892000000E1	3.142003761E1
1.896000000E1	3.070598953E1
1.900000000E1	2.961346970E1
1.904000000E1	2.789906157E1
1.908000000E1	2.577043878E1
1.912000000E1	2.363216983E1
1.916000000E1	2.174301531E1
1.920000000E1	2.052014953E1
1.924000000E1	1.988676953E1
1.928000000E1	2.025534497E1
1.932000000E1	2.128722295E1
1.936000000E1	2.363864692E1
1.940000000E1	2.676170372E1
1.944000000E1	3.133390753E1
1.948000000E1	3.671953219E1
1.952000000E1	4.292846938E1
1.956000000E1	4.962731477E1
1.960000000E1	5.658875940E1
1.964000000E1	6.312103411E1
1.968000000E1	6.877924545E1
1.972000000E1	7.362063917E1
1.976000000E1	7.757418557E1
1.980000000E1	8.103417727E1
1.984000000E1	8.331223711E1
1.988000000E1	8.465193449E1
1.992000000E1	8.523295761E1
1.996000000E1	8.517007522E1
2.000000000E1	8.443067851E1
2.004000000E1	8.343817549E1
2.008000000E1	8.216277485E1
2.012000000E1	8.050505981E1
2.016000000E1	7.823756688E1
2.020000000E1	7.548368612E1
2.024000000E1	7.229063509E1
2.028000000E1	6.893854621E1
2.032000000E1	6.531012022E1
2.036000000E1	6.199387729E1
2.040000000E1	5.829069071E1
2.044000000E1	5.494080003E1
2.048000000E1	5.161246627E1
2.052000000E1	4.823587309E1
2.056000000E1	4.542663992E1
2.060000000E1	4.284793005E1
2.064000000E1	3.995754278E1
2.068000000E1	3.747991697E1
2.072000000E1	3.541548057E1
2.076000000E1	3.394976954E1
2.080000000E1	3.319883847E1
2.084000000E1	3.258088314E1
2.088000000E1	3.251030220E1
2.092000000E1	3.265100804E1
2.096000000E1	3.261910699E1
2.100000000E1	3.242928871E1
2.104000000E1	3.198914603E1
2.108000000E1	3.145490351E1
2.112000000E1	3.031798813E1
2.116000000E1	2.929316792E1
2.120000000E1	2.757039089E1
2.124000000E1	2.560821936E1
2.128000000E1	2.384554273E1
2.132000000E1	2.249786311E1
2.136000000E1	2.170622699E1
2.140000000E1	2.177589737E1
2.144000000E1	2.264219170E1
2.148000000E1	2.386489118E1
2.152000000E1	2.607925277E1
2.156000000E1	2.912034813E1
2.160000000E1	3.314253840E1
2.164000000E1	3.834945261E1
2.168000000E1	4.418292508E1
2.172000000E1	5.077501187E1
2.176000000E1	5.722361654E1
2.180000000E1	6.350471086E1
2.184000000E1	6.909633311E1
2.188000000E1	7.390473627E1
2.192000000E1	7.753746409E1
2.196000000E1	8.033376716E1
2.200000000E1	8.280218019E1
2.204000000E1	8.435051935E1
2.208000000E1	8.492175753E1
2.212000000E1	8.466667074E1
2.216000000E1	8.406242110E1
2.220000000E1	8.343654274E1
2.224000000E1	8.220552571E1
2.228000000E1	8.052029525E1
2.232000000E1	7.845079767E1
2.236000000E1	7.587504644E1
2.240000000E1	7.271716427E1
2.244000000E1	6.966760402E1
2.248000000E1	6.630356711E1
2.252000000E1	6.261304321E1
2.256000000E1	5.876158665E1
2.260000000E1	5.463110922E1
2.264000000E1	5.078543097E1
2.268000000E1	4.679626436E1
2.272000000E1	4.298664070E1
2.276000000E1	3.979737549E1
2.280000000E1	3.679693697E1
2.284000000E1	3.438643918E1
2.288000000E1	3.266473689E1
2.292000000E1	3.177818057E1
2.296000000E1	3.099426407E1
2.300000000E1	3.069296650E1
2.304000000E1	3.073592155E1
2.308000000E1	3.081595120E1
2.312000000E1	3.086057453E1
2.316000000E1	3.090408279E1
2.320000000E1	3.082611505E1
2.324000000E1	3.057348179E1
2.328000000E1	3.005816303E1
2.332000000E1	2.911066938E1
2.336000000E1	2.825707198E1
2.340000000E1	2.786658255E1
2.344000000E1	2.792745021E1
2.348000000E1	2.840698478E1
2.352000000E1	3.013834895E1
2.356000000E1	3.269570708E1
2.360000000E1	3.612877514E1
2.364000000E1	4.069259609E1
2.368000000E1	4.590995478E1
2.372000000E1	5.172195930E1
2.376000000E1	5.752349097E1
2.380000000E1	6.297896764E1
2.384000000E1	6.817534075E1
2.388000000E1	7.239504235E1
2.392000000E1	7.575200663E1
2.396000000E1	7.863965947E1
2.400000000E1	8.088849776E1
2.404000000E1	8.250816078E1
2.408000000E1	8.343152110E1
2.412000000E1	8.387196372E1
2.416000000E1	8.394244117E1
2.420000000E1	8.330943121E1
2.424000000E1	8.258119143E1
2.428000000E1	8.119101558E1
2.432000000E1	7.939250210E1
2.436000000E1	7.716364118E1
2.440000000E1	7.432437430E1
2.444000000E1	7.122535615E1
2.448000000E1	6.798511504E1
2.452000000E1	6.515458667E1
2.456000000E1	6.222245017E1
2.460000000E1	5.927546763E1
2.464000000E1	5.594484362E1
2.468000000E1	5.266505735E1
2.472000000E1	4.953308818E1
2.476000000E1	4.641138326E1
2.480000000E1	4.337548778E1
2.484000000E1	4.077233283E1
2.488000000E1	3.868455179E1
2.492000000E1	3.672635037E1
2.496000000E1	3.543659817E1
2.500000000E1	3.456219451E1
2.504000000E1	3.418213177E1
2.508000000E1	3.428525601E1
2.512000000E1	3.434013867E1
2.516000000E1	3.433590493E1
2.520000000E1	3.428142096E1
2.524000000E1	3.393951167E1
2.528000000E1	3.400733830E1
2.532000000E1	3.390040513E1
2.536000000E1	3.400496906E1
2.540000000E1	3.441670987E1
2.544000000E1	3.513133854E1
2.548000000E1	3.602492421E1
2.552000000E1	3.731122264E1
2.556000000E1	3.933688561E1
2.560000000E1	4.219445403E1
2.564000000E1	4.572521180E1
2.568000000E1	4.994917288E1
2.572000000E1	5.469522774E1
2.576000000E1	5.949638431E1
2.580000000E1	6.440606164E1
2.584000000E1	6.884506930E1
2.588000000E1	7.277158044E1
2.592000000E1	7.629180083E1
2.596000000E1	7.917494064E1
2.600000000E1	8.129911792E1
2.604000000E1	8.318917840E1
2.608000000E1	8.441586565E1
2.612000000E1	8.515497239E1
2.616000000E1	8.541041680E1
2.620000000E1	8.532658922E1
2.624000000E1	8.468532388E1
2.628000000E1	8.408322095E1
2.632000000E1	8.300474085E1
2.636000000E1	8.159291841E1
2.640000000E1	7.981481180E1
2.644000000E1	7.764778608E1
2.648000000E1	7.539794917E1
2.652000000E1	7.247658311E1
2.656000000E1	6.970883720E1
2.660000000E1	6.651199362E1
2.664000000E1	6.326912930E1
2.668000000E1	5.981275968E1
2.672000000E1	5.586364297E1
2.676000000E1	5.221901185E1
2.680000000E1	4.874890259E1
2.684000000E1	4.578052075E1
2.688000000E1	4.324318999E1
2.692000000E1	4.083155721E1
2.696000000E1	3.889215462E1
2.700000000E1	3.705986097E1
2.704000000E1	3.582135295E1
2.708000000E1	3.469475259E1
2.712000000E1	3.388596663E1
2.716000000E1	3.352489592E1
2.720000000E1	3.322779532E1
2.724000000E1	3.293641163E1
2.728000000E1	3.277042260E1
2.732000000E1	3.286985382E1
2.736000000E1	3.287888185E1
2.740000000E1	3.274845440E1
2.744000000E1	3.280488802E1
2.748000000E1	3.289296282E1
2.752000000E1	3.312580615E1
2.756000000E1	3.378127661E1
2.760000000E1	3.507918886E1
2.764000000E1	3.700901812E1
2.768000000E1	3.974808781E1
2.772000000E1	4.329267894E1
2.776000000E1	4.766027767E1
2.780000000E1	5.228037116E1
2.784000000E1	5.725147378E1
2.788000000E1	6.251227067E1
2.792000000E1	6.732575191E1
2.796000000E1	7.197293353E1
2.800000000E1	7.548970422E1
2.804000000E1	7.855888797E1
2.808000000E1	8.126496939E1
2.812000000E1	8.310538537E1
2.816000000E1	8.461352979E1
2.820000000E1	8.574890993E1
2.824000000E1	8.658928492E1
2.828000000E1	8.692498965E1
2.832000000E1	8.699179648E1
2.836000000E1	8.684352626E1
2.840000000E1	8.647901476E1
2.844000000E1	8.614323050E1
2.848000000E1	8.557170629E1
2.852000000E1	8.460192542E1
2.856000000E1	8.352168822E1
2.860000000E1	8.179558185E1
2.864000000E1	7.999314281E1
2.868000000E1	7.753398278E1
2.872000000E1	7.533311455E1
2.876000000E1	7.263720745E1
2.880000000E1	6.988699460E1
2.884000000E1	6.741533629E1
2.888000000E1	6.473014998E1
2.892000000E1	6.202579578E1
2.896000000E1	5.918738049E1
2.900000000E1	5.646866536E1
2.904000000E1	5.379270245E1
2.908000000E1	5.120453987E1
2.912000000E1	4.856793110E1
2.916000000E1	4.610065143E1
2.920000000E1	4.414368304E1
2.924000000E1	4.216408765E1
2.928000000E1	4.059065464E1
2.932000000E1	3.909984144E1
2.936000000E1	3.818456403E1
2.940000000E1	3.743187007E1
2.944000000E1	3.691739021E1
2.948000000E1	3.690867556E1
2.952000000E1	3.701354808E1
2.956000000E1	3.714309298E1
2.960000000E1	3.739927016E1
2.964000000E1	3.747720067E1
2.968000000E1	3.756819579E1
2.972000000E1	3.776818751E1
2.976000000E1	3.831815722E1
2.980000000E1	3.920583314E1
2.984000000E1	4.055611242E1
2.988000000E1	4.247961506E1
2.992000000E1	4.520133531E1
2.996000000E1	4.874101933E1
3.000000000E1	5.266063096E1
3.004000000E1	5.670785377E1
3.008000000E1	6.135042683E1
3.012000000E1	6.568822877E1
3.016000000E1	7.016055696E1
3.020000000E1	7.399544999E1
3.024000000E1	7.779161075E1
3.028000000E1	8.053850108E1
3.032000000E1	8.292677874E1
3.036000000E1	8.452650179E1
3.040000000E1	8.568717189E1
3.044000000E1	8.659545941E1
3.048000000E1	8.670687254E1
3.052000000E1	8.656852727E1
3.056000000E1	8.606256126E1
3.060000000E1	8.559105127E1
3.064000000E1	8.513855294E1
3.068000000E1	8.430637215E1
3.072000000E1	8.335844511E1
3.076000000E1	8.208590294E1
3.080000000E1	8.079104993E1
3.084000000E1	7.923231744E1
3.088000000E1	7.712914631E1
3.092000000E1	7.467206163E1
3.096000000E1	7.202617470E1
3.100000000E1	6.950181459E1
3.104000000E1	6.654872373E1
3.108000000E1	6.382599931E1
3.112000000E1	6.103178459E1
3.116000000E1	5.821844855E1
3.120000000E1	5.499848378E1
3.124000000E1	5.210482475E1
3.128000000E1	4.944914708E1
3.132000000E1	4.678386865E1
3.136000000E1	4.462164422E1
3.140000000E1	4.283303970E1
3.144000000E1	4.106746663E1
3.148000000E1	3.963072899E1
3.152000000E1	3.824620312E1
3.156000000E1	3.701389982E1
3.160000000E1	3.602982470E1
3.164000000E1	3.572486935E1
3.168000000E1	3.578801988E1
3.172000000E1	3.602615966E1
3.176000000E1	3.627223126E1
3.180000000E1	3.674775338E1
3.184000000E1	3.715234806E1
3.188000000E1	3.804721396E1
3.192000000E1	3.922414902E1
3.196000000E1	4.078088362E1
3.200000000E1	4.311568018E1
3.204000000E1	4.567813562E1
3.208000000E1	4.910719342E1
3.212000000E1	5.261313569E1
3.216000000E1	5.663764364E1
3.220000000E1	6.099301917E1
3.224000000E1	6.520532269E1
3.228000000E1	6.920152428E1
3.232000000E1	7.282173643E1
3.236000000E1	7.589350100E1
3.240000000E1	7.859399241E1
3.244000000E1	8.064194710E1
3.248000000E1	8.232293508E1
3.252000000E1	8.357720528E1
3.256000000E1	8.454003072E1
3.260000000E1	8.523085942E1
3.264000000E1	8.583015974E1
3.268000000E1	8.632585777E1
3.272000000E1	8.655163978E1
3.276000000E1	8.638706950E1
3.280000000E1	8.620116455E1
3.284000000E1	8.572598273E1
3.288000000E1	8.507239998E1
3.292000000E1	8.388951998E1
3.296000000E1	8.289050197E1
3.300000000E1	8.128583915E1
3.304000000E1	7.970639961E1
3.308000000E1	7.794008567E1
3.312000000E1	7.561143308E1
3.316000000E1	7.312440982E1
3.320000000E1	7.009096854E1
3.324000000E1	6.721131954E1
3.328000000E1	6.469984701E1
3.332000000E1	6.211121292E1
3.336000000E1	5.951094162E1
3.340000000E1	5.718274458E1
3.344000000E1	5.469001224E1
3.348000000E1	5.212555361E1
3.352000000E1	5.010871552E1
3.356000000E1	4.794141658E1
3.360000000E1	4.592238617E1
3.364000000E1	4.413042047E1
3.368000000E1	4.252023392E1
3.372000000E1	4.129504835E1
3.376000000E1	4.042295203E1
3.380000000E1	3.989315267E1
3.384000000E1	3.999178625E1
3.388000000E1	4.013562758E1
3.392000000E1	4.040676857E1
3.396000000E1	4.099451672E1
3.400000000E1	4.185598628E1
3.404000000E1	4.298729653E1
3.408000000E1	4.498183437E1
3.412000000E1	4.762836200E1
3.416000000E1	5.085414936E1
3.420000000E1	5.472049858E1
3.424000000E1	5.887782348E1
3.428000000E1	6.318565920E1
3.432000000E1	6.788927948E1
3.436000000E1	7.212431034E1
3.440000000E1	7.592736343E1
3.444000000E1	7.886099442E1
3.448000000E1	8.129059010E1
3.452000000E1	8.355026532E1
3.456000000E1	8.485114403E1
3.460000000E1	8.548199114E1
3.464000000E1	8.616334742E1
3.468000000E1	8.626658318E1
3.472000000E1	8.616830538E1
3.476000000E1	8.606719397E1
3.480000000E1	8.601967603E1
3.484000000E1	8.558839671E1
3.488000000E1	8.469937240E1
3.492000000E1	8.365258522E1
3.496000000E1	8.251052009E1
3.500000000E1	8.072761392E1
3.504000000E1	7.874851065E1
3.508000000E1	7.614048554E1
3.512000000E1	7.358368649E1
3.516000000E1	7.055589638E1
3.520000000E1	6.762663958E1
3.524000000E1	6.427729782E1
3.528000000E1	6.145959312E1
3.532000000E1	5.872903691E1
3.536000000E1	5.598135810E1
3.540000000E1	5.342351706E1
3.544000000E1	5.091348262E1
3.548000000E1	4.841470921E1
3.552000000E1	4.630078104E1
3.556000000E1	4.419900679E1
3.560000000E1	4.248096872E1
3.564000000E1	4.088929362E1
3.568000000E1	3.950389702E1
3.572000000E1	3.853998963E1
3.576000000E1	3.810336610E1
3.580000000E1	3.781154750E1
3.584000000E1	3.792132988E1
3.588000000E1	3.795194188E1
3.592000000E1	3.814260535E1
3.596000000E1	3.815101081E1
3.600000000E1	3.814467888E1
3.604000000E1	3.804657791E1
3.608000000E1	3.896526518E1
3.612000000E1	4.047352568E1
3.616000000E1	4.290622593E1
3.620000000E1	4.612922499E1
3.624000000E1	4.979847658E1
3.628000000E1	5.405268150E1
3.632000000E1	5.861059723E1
3.636000000E1	6.334058330E1
3.640000000E1	6.788837500E1
3.644000000E1	7.192806832E1
3.648000000E1	7.566164337E1
3.652000000E1	7.889396065E1
3.656000000E1	8.160798580E1
3.660000000E1	8.373960057E1
3.664000000E1	8.546043193E1
3.668000000E1	8.666686351E1
3.672000000E1	8.733636089E1
3.676000000E1	8.749991598E1
3.680000000E1	8.731768755E1
3.684000000E1	8.714834413E1
3.688000000E1	8.635323281E1
3.692000000E1	8.543320884E1
3.696000000E1	8.444138389E1
3.700000000E1	8.282306006E1
3.704000000E1	8.097565245E1
3.708000000E1	7.860217054E1
3.712000000E1	7.592145750E1
3.716000000E1	7.329581340E1
3.720000000E1	7.027479056E1
3.724000000E1	6.731690229E1
3.728000000E1	6.476045538E1
3.732000000E1	6.160238474E1
3.736000000E1	5.859461372E1
3.740000000E1	5.575764972E1
3.744000000E1	5.301155172E1
3.748000000E1	5.068585411E1
3.752000000E1	4.838718846E1
3.756000000E1	4.632590681E1
3.760000000E1	4.473438716E1
3.764000000E1	4.321722693E1
3.768000000E1	4.152048046E1
3.772000000E1	4.059386644E1
3.776000000E1	3.971838622E1
3.780000000E1	3.947367207E1
3.784000000E1	3.936556510E1
3.788000000E1	3.895384297E1
3.792000000E1	3.849288641E1
3.796000000E1	3.743192144E1
3.800000000E1	3.595061614E1
3.804000000E1	3.355514390E1
3.808000000E1	3.060161943E1
3.812000000E1	2.758797248E1
3.816000000E1	2.469510429E1
3.820000000E1	2.290506724E1
3.824000000E1	2.284018740E1
3.828000000E1	2.426831354E1
3.832000000E1	2.567578208E1
3.836000000E1	2.687264104E1
3.840000000E1	2.813436484E1
3.844000000E1	2.915429762E1
3.848000000E1	3.025321919E1
3.852000000E1	3.135371942E1
3.856000000E1	3.235825127E1
3.860000000E1	3.379223973E1
3.864000000E1	3.495368746E1
3.868000000E1	3.643394885E1
3.872000000E1	3.822879358E1
3.876000000E1	4.012120142E1
3.880000000E1	4.180654253E1
3.884000000E1	4.355001902E1
3.888000000E1	4.523129972E1
3.892000000E1	4.708720477E1
3.896000000E1	4.893245646E1
3.900000000E1	5.057613766E1
3.904000000E1	5.216043454E1
3.908000000E1	5.339001758E1
3.912000000E1	5.469958862E1
3.916000000E1	5.525637936E1
3.920000000E1	5.568503062E1
3.924000000E1	5.567078412E1
3.928000000E1	5.477112785E1
3.932000000E1	5.309089617E1
