
t/1	ANGLE/1
0.000000000E0	2.341388364E1
4.000000000E-2	2.343480822E1
8.000000000E-2	2.356102497E1
1.200000000E-1	2.357362585E1
1.600000000E-1	2.352381629E1
2.000000000E-1	2.360614565E1
2.400000000E-1	2.368512044E1
2.800000000E-1	2.395838690E1
3.200000000E-1	2.426614866E1
3.600000000E-1	2.482995962E1
4.000000000E-1	2.543300493E1
4.400000000E-1	2.556312013E1
4.800000000E-1	2.561600285E1
5.200000000E-1	2.577951392E1
5.600000000E-1	2.589738790E1
6.000000000E-1	2.587836666E1
6.400000000E-1	2.561081671E1
6.800000000E-1	2.540123252E1
7.200000000E-1	2.528674442E1
7.600000000E-1	2.530568807E1
8.000000000E-1	2.520503605E1
8.400000000E-1	2.496513380E1
8.800000000E-1	2.484043734E1
9.200000000E-1	2.473230649E1
9.600000000E-1	2.465778523E1
1.000000000E0	2.459100632E1
1.040000000E0	2.454678145E1
1.080000000E0	2.451910237E1
1.120000000E0	2.451912269E1
1.160000000E0	2.447554878E1
1.200000000E0	2.436970860E1
1.240000000E0	2.449763880E1
1.280000000E0	2.456801326E1
1.320000000E0	2.463255530E1
1.360000000E0	2.452574993E1
1.400000000E0	2.448976922E1
1.440000000E0	2.448277457E1
1.480000000E0	2.453385428E1
1.520000000E0	2.462791119E1
1.560000000E0	2.471531945E1
1.600000000E0	2.486547429E1
1.640000000E0	2.489987267E1
1.680000000E0	2.478404623E1
1.720000000E0	2.479401546E1
1.760000000E0	2.468147361E1
1.800000000E0	2.462249856E1
1.840000000E0	2.457779411E1
1.880000000E0	2.436576918E1
1.920000000E0	2.387723972E1
1.960000000E0	2.366504392E1
2.000000000E0	2.360540642E1
2.040000000E0	2.382471844E1
2.080000000E0	2.390160381E1
2.120000000E0	2.388357783E1
2.160000000E0	2.384891165E1
2.200000000E0	2.377311057E1
2.240000000E0	2.378706536E1
2.280000000E0	2.385448700E1
2.320000000E0	2.383552172E1
2.360000000E0	2.387323330E1
2.400000000E0	2.377767656E1
2.440000000E0	2.361606759E1
2.480000000E0	2.360742355E1
2.520000000E0	2.360217867E1
2.560000000E0	2.360761592E1
2.600000000E0	2.360258837E1
2.640000000E0	2.356240666E1
2.680000000E0	2.368844195E1
2.720000000E0	2.436269228E1
2.760000000E0	2.587241321E1
2.800000000E0	2.859203375E1
2.840000000E0	3.214584763E1
2.880000000E0	3.652473418E1
2.920000000E0	4.155472898E1
2.960000000E0	4.733773771E1
3.000000000E0	5.326379266E1
3.040000000E0	5.925259277E1
3.080000000E0	6.488794685E1
3.120000000E0	6.984560856E1
3.160000000E0	7.394127731E1
3.200000000E0	7.692079997E1
3.240000000E0	7.902098319E1
3.280000000E0	8.042165370E1
3.320000000E0	8.139182526E1
3.360000000E0	8.207848982E1
3.400000000E0	8.259331838E1
3.440000000E0	8.271581246E1
3.480000000E0	8.259462326E1
3.520000000E0	8.251251407E1
3.560000000E0	8.210002080E1
3.600000000E0	8.116364696E1
3.640000000E0	7.967984382E1
3.680000000E0	7.703956664E1
3.720000000E0	7.369718793E1
3.760000000E0	6.946262236E1
3.800000000E0	6.526181579E1
3.840000000E0	6.058294665E1
3.880000000E0	5.552709920E1
3.920000000E0	5.013920827E1
3.960000000E0	4.442532961E1
4.000000000E0	3.898064630E1
4.040000000E0	3.402403432E1
4.080000000E0	2.940931742E1
4.120000000E0	2.550828887E1
4.160000000E0	2.221711729E1
4.200000000E0	1.972381521E1
4.240000000E0	1.768431701E1
4.280000000E0	1.631703311E1
4.320000000E0	1.552779014E1
4.360000000E0	1.510931606E1
4.400000000E0	1.518572509E1
4.440000000E0	1.534602731E1
4.480000000E0	1.561350035E1
4.520000000E0	1.560872449E1
4.560000000E0	1.564811057E1
4.600000000E0	1.564749776E1
4.640000000E0	1.566652923E1
4.680000000E0	1.566442422E1
4.720000000E0	1.631662500E1
4.760000000E0	1.820631501E1
4.800000000E0	2.128760652E1
4.840000000E0	2.559613586E1
4.880000000E0	3.118595537E1
4.920000000E0	3.776987829E1
4.960000000E0	4.479776854E1
5.000000000E0	5.166790431E1
5.040000000E0	5.829325603E1
5.080000000E0	6.419088659E1
5.120000000E0	6.933628267E1
5.160000000E0	7.360292524E1
5.200000000E0	7.691553620E1
5.240000000E0	7.939082185E1
5.280000000E0	8.111316058E1
5.320000000E0	8.211415572E1
5.360000000E0	8.292713717E1
5.400000000E0	8.328059608E1
5.440000000E0	8.353257808E1
5.480000000E0	8.345246142E1
5.520000000E0	8.316469615E1
5.560000000E0	8.277540181E1
5.600000000E0	8.184446160E1
5.640000000E0	8.057521346E1
5.680000000E0	7.818068150E1
5.720000000E0	7.529566578E1
5.760000000E0	7.156425131E1
5.800000000E0	6.731599477E1
5.840000000E0	6.263993439E1
5.880000000E0	5.768779338E1
5.920000000E0	5.283963349E1
5.960000000E0	4.787934983E1
6.000000000E0	4.263079170E1
6.040000000E0	3.768786378E1
6.080000000E0	3.330684913E1
6.120000000E0	2.910757349E1
6.160000000E0	2.489083355E1
6.200000000E0	2.128801964E1
6.240000000E0	1.844301970E1
6.280000000E0	1.651100692E1
6.320000000E0	1.553658520E1
6.360000000E0	1.525860497E1
6.400000000E0	1.523279014E1
6.440000000E0	1.517938618E1
6.480000000E0	1.524914912E1
6.520000000E0	1.550926655E1
6.560000000E0	1.554825930E1
6.600000000E0	1.549743047E1
6.640000000E0	1.522885908E1
6.680000000E0	1.511976833E1
6.720000000E0	1.514328479E1
6.760000000E0	1.559460915E1
6.800000000E0	1.696489126E1
6.840000000E0	1.924437998E1
6.880000000E0	2.291302304E1
6.920000000E0	2.770474260E1
6.960000000E0	3.335315714E1
7.000000000E0	3.978476735E1
7.040000000E0	4.645973066E1
7.080000000E0	5.289631345E1
7.120000000E0	5.914506917E1
7.160000000E0	6.489574362E1
7.200000000E0	6.995789740E1
7.240000000E0	7.405061635E1
7.280000000E0	7.761995274E1
7.320000000E0	8.013322997E1
7.360000000E0	8.157317898E1
7.400000000E0	8.243932679E1
7.440000000E0	8.274303211E1
7.480000000E0	8.286227431E1
7.520000000E0	8.296139000E1
7.560000000E0	8.294340654E1
7.600000000E0	8.293733162E1
7.640000000E0	8.273985611E1
7.680000000E0	8.205938297E1
7.720000000E0	8.054950653E1
7.760000000E0	7.776767931E1
7.800000000E0	7.452650845E1
7.840000000E0	7.029213489E1
7.880000000E0	6.577840337E1
7.920000000E0	6.043765211E1
7.960000000E0	5.504318183E1
8.000000000E0	5.015432840E1
8.040000000E0	4.533420008E1
8.080000000E0	4.024015733E1
8.120000000E0	3.503724708E1
8.160000000E0	3.012236304E1
8.200000000E0	2.598113259E1
8.240000000E0	2.262954467E1
8.280000000E0	2.005531130E1
8.320000000E0	1.827960224E1
8.360000000E0	1.716582269E1
8.400000000E0	1.659702442E1
8.440000000E0	1.645868989E1
8.480000000E0	1.613889683E1
8.520000000E0	1.598571365E1
8.560000000E0	1.563418533E1
8.600000000E0	1.551709953E1
8.640000000E0	1.554643002E1
8.680000000E0	1.559361120E1
8.720000000E0	1.563859899E1
8.760000000E0	1.569842769E1
8.800000000E0	1.609074077E1
8.840000000E0	1.735754519E1
8.880000000E0	1.992802481E1
8.920000000E0	2.382305177E1
8.960000000E0	2.901030766E1
9.000000000E0	3.528861437E1
9.040000000E0	4.267384233E1
9.080000000E0	4.998708089E1
9.120000000E0	5.680812466E1
9.160000000E0	6.306294852E1
9.200000000E0	6.828125645E1
9.240000000E0	7.262526071E1
9.280000000E0	7.631390242E1
9.320000000E0	7.904375308E1
9.360000000E0	8.107954788E1
9.400000000E0	8.239250605E1
9.440000000E0	8.328239432E1
9.480000000E0	8.358666796E1
9.520000000E0	8.382350577E1
9.560000000E0	8.383776324E1
9.600000000E0	8.366520476E1
9.640000000E0	8.320344236E1
9.680000000E0	8.239850084E1
9.720000000E0	8.049708347E1
9.760000000E0	7.810474734E1
9.800000000E0	7.648332676E1
9.840000000E0	7.320724261E1
9.880000000E0	6.905004523E1
9.920000000E0	6.450823976E1
9.960000000E0	5.971631041E1
1.000000000E1	5.423347793E1
1.004000000E1	4.875814186E1
1.008000000E1	4.332176551E1
1.012000000E1	3.819770441E1
1.016000000E1	3.354076569E1
1.020000000E1	2.900373053E1
1.024000000E1	2.469732896E1
1.028000000E1	2.068661840E1
1.032000000E1	1.713216203E1
1.036000000E1	1.427243677E1
1.040000000E1	1.206117383E1
1.044000000E1	1.063679367E1
1.048000000E1	9.851441137E0
1.052000000E1	9.326908292E0
1.056000000E1	9.282762242E0
1.060000000E1	9.409545710E0
1.064000000E1	9.414332808E0
1.068000000E1	9.749029501E0
1.072000000E1	9.832386733E0
1.076000000E1	1.004129261E1
1.080000000E1	1.034025744E1
1.084000000E1	1.080564246E1
1.088000000E1	1.185760850E1
1.092000000E1	1.413608015E1
1.096000000E1	1.760790451E1
1.100000000E1	2.235539788E1
1.104000000E1	2.831551520E1
1.108000000E1	3.539704238E1
1.112000000E1	4.270653931E1
1.116000000E1	5.005509816E1
1.120000000E1	5.675549852E1
1.124000000E1	6.281181981E1
1.128000000E1	6.801400493E1
1.132000000E1	7.255175246E1
1.136000000E1	7.604455786E1
1.140000000E1	7.877704450E1
1.144000000E1	8.084005508E1
1.148000000E1	8.213915084E1
1.152000000E1	8.294649567E1
1.156000000E1	8.324149856E1
1.160000000E1	8.311345148E1
1.164000000E1	8.294409936E1
1.168000000E1	8.267376690E1
1.172000000E1	8.212473409E1
1.176000000E1	8.123949379E1
1.180000000E1	7.974164418E1
1.184000000E1	7.733839778E1
1.188000000E1	7.418630687E1
1.192000000E1	7.070932337E1
1.196000000E1	6.674572989E1
1.200000000E1	6.290149297E1
1.204000000E1	5.839693870E1
1.208000000E1	5.355789560E1
1.212000000E1	4.903141838E1
1.216000000E1	4.449658011E1
1.220000000E1	4.026896006E1
1.224000000E1	3.615428362E1
1.228000000E1	3.198572432E1
1.232000000E1	2.761854672E1
1.236000000E1	2.402758772E1
1.240000000E1	2.070468790E1
1.244000000E1	1.782452312E1
1.248000000E1	1.557527393E1
1.252000000E1	1.390934298E1
1.256000000E1	1.296495833E1
1.260000000E1	1.250889308E1
1.264000000E1	1.238423056E1
1.268000000E1	1.236751568E1
1.272000000E1	1.249695896E1
1.276000000E1	1.274770259E1
1.280000000E1	1.294850735E1
1.284000000E1	1.376242317E1
1.288000000E1	1.548306843E1
1.292000000E1	1.848026533E1
1.296000000E1	2.265608611E1
1.300000000E1	2.825650647E1
1.304000000E1	3.473626304E1
1.308000000E1	4.176376545E1
1.312000000E1	4.921358311E1
1.316000000E1	5.633697136E1
1.320000000E1	6.285691221E1
1.324000000E1	6.871230929E1
1.328000000E1	7.336703775E1
1.332000000E1	7.681192118E1
1.336000000E1	7.933938399E1
1.340000000E1	8.083861182E1
1.344000000E1	8.158531072E1
1.348000000E1	8.185633932E1
1.352000000E1	8.207148940E1
1.356000000E1	8.218148011E1
1.360000000E1	8.215688517E1
1.364000000E1	8.213688392E1
1.368000000E1	8.187183385E1
1.372000000E1	8.130466651E1
1.376000000E1	8.020079611E1
1.380000000E1	7.870581355E1
1.384000000E1	7.660577272E1
1.388000000E1	7.408338390E1
1.392000000E1	7.064785534E1
1.396000000E1	6.700033933E1
1.400000000E1	6.323061245E1
1.404000000E1	5.941612726E1
1.408000000E1	5.503413409E1
1.412000000E1	5.048672289E1
1.416000000E1	4.539850124E1
1.420000000E1	4.016879749E1
1.424000000E1	3.521134743E1
1.428000000E1	3.085788264E1
1.432000000E1	2.666486653E1
1.436000000E1	2.310850294E1
1.440000000E1	2.034574285E1
1.444000000E1	1.830654531E1
1.448000000E1	1.725575287E1
1.452000000E1	1.699535386E1
1.456000000E1	1.717541285E1
1.460000000E1	1.754966300E1
1.464000000E1	1.792434312E1
1.468000000E1	1.818619192E1
1.472000000E1	1.829434868E1
1.476000000E1	1.866277517E1
1.480000000E1	1.978813439E1
1.484000000E1	2.224109901E1
1.488000000E1	2.610771784E1
1.492000000E1	3.107042938E1
1.496000000E1	3.705671593E1
1.500000000E1	4.362280334E1
1.504000000E1	5.030504086E1
1.508000000E1	5.673199639E1
1.512000000E1	6.275544563E1
1.516000000E1	6.833564558E1
1.520000000E1	7.330465215E1
1.524000000E1	7.704329373E1
1.528000000E1	7.996325579E1
1.532000000E1	8.171604938E1
1.536000000E1	8.281337433E1
1.540000000E1	8.322924859E1
1.544000000E1	8.357119353E1
1.548000000E1	8.366754456E1
1.552000000E1	8.362322995E1
1.556000000E1	8.331328335E1
1.560000000E1	8.273421326E1
1.564000000E1	8.183169521E1
1.568000000E1	8.045985945E1
1.572000000E1	7.837938513E1
1.576000000E1	7.554484053E1
1.580000000E1	7.179269662E1
1.584000000E1	6.732231728E1
1.588000000E1	6.271951196E1
1.592000000E1	5.750761118E1
1.596000000E1	5.212570018E1
1.600000000E1	4.678644723E1
1.604000000E1	4.104382203E1
1.608000000E1	3.556435451E1
1.612000000E1	3.033785660E1
1.616000000E1	2.562188768E1
1.620000000E1	2.165453145E1
1.624000000E1	1.832271310E1
1.628000000E1	1.589668593E1
1.632000000E1	1.410632480E1
1.636000000E1	1.289342978E1
1.640000000E1	1.213512341E1
1.644000000E1	1.177298023E1
1.648000000E1	1.170303144E1
1.652000000E1	1.164207885E1
1.656000000E1	1.164447062E1
1.660000000E1	1.185924820E1
1.664000000E1	1.189921321E1
1.668000000E1	1.226218906E1
1.672000000E1	1.375927188E1
1.676000000E1	1.675236274E1
1.680000000E1	2.102943863E1
1.684000000E1	2.659766393E1
1.688000000E1	3.319203954E1
1.692000000E1	4.031352872E1
1.696000000E1	4.748123514E1
1.700000000E1	5.428672155E1
1.704000000E1	6.045631981E1
1.708000000E1	6.589628469E1
1.712000000E1	7.014757037E1
1.716000000E1	7.316290667E1
1.720000000E1	7.572947134E1
1.724000000E1	7.750532193E1
1.728000000E1	7.870920772E1
1.732000000E1	7.949960590E1
1.736000000E1	7.976519650E1
1.740000000E1	7.996960427E1
1.744000000E1	8.007067462E1
1.748000000E1	8.005426522E1
1.752000000E1	7.938795066E1
1.756000000E1	7.806018335E1
1.760000000E1	7.598747724E1
1.764000000E1	7.315520388E1
1.768000000E1	7.029156849E1
1.772000000E1	6.616416267E1
1.776000000E1	6.201224830E1
1.780000000E1	5.703850659E1
1.784000000E1	5.159517960E1
1.788000000E1	4.620161534E1
1.792000000E1	4.072186571E1
1.796000000E1	3.543019946E1
1.800000000E1	3.035149232E1
1.804000000E1	2.568425056E1
1.808000000E1	2.146919419E1
1.812000000E1	1.764580653E1
1.816000000E1	1.449224121E1
1.820000000E1	1.192157827E1
1.824000000E1	1.013928380E1
1.828000000E1	8.991451339E0
1.832000000E1	8.566965011E0
1.836000000E1	8.476863451E0
1.840000000E1	8.562528668E0
1.844000000E1	8.629953384E0
1.848000000E1	8.722816275E0
1.852000000E1	8.616119614E0
1.856000000E1	8.967507499E0
1.860000000E1	1.025440640E1
1.864000000E1	1.285156410E1
1.868000000E1	1.691782084E1
1.872000000E1	2.227174406E1
1.876000000E1	2.858262185E1
1.880000000E1	3.570830371E1
1.884000000E1	4.306445670E1
1.888000000E1	5.027309123E1
1.892000000E1	5.729786070E1
1.896000000E1	6.342454157E1
1.900000000E1	6.888978345E1
1.904000000E1	7.314126552E1
1.908000000E1	7.621962015E1
1.912000000E1	7.841439511E1
1.916000000E1	7.977843706E1
1.920000000E1	8.066263586E1
1.924000000E1	8.109438547E1
1.928000000E1	8.128746420E1
1.932000000E1	8.144052831E1
1.936000000E1	8.142754754E1
1.940000000E1	8.137691424E1
1.944000000E1	8.122884965E1
1.948000000E1	8.046861886E1
1.952000000E1	7.862666837E1
1.956000000E1	7.569870850E1
1.960000000E1	7.126257955E1
1.964000000E1	6.639947443E1
1.968000000E1	6.156597173E1
1.972000000E1	5.659122156E1
1.976000000E1	5.106362047E1
1.980000000E1	4.582517258E1
1.984000000E1	4.069354314E1
1.988000000E1	3.528107243E1
1.992000000E1	2.997722460E1
1.996000000E1	2.444726489E1
2.000000000E1	1.925102726E1
2.004000000E1	1.467952181E1
2.008000000E1	1.096181961E1
2.012000000E1	7.861166993E0
2.016000000E1	5.704544023E0
2.020000000E1	4.392267335E0
2.024000000E1	3.742374090E0
2.028000000E1	3.505970238E0
2.032000000E1	3.510116329E0
2.036000000E1	3.641770165E0
2.040000000E1	3.989852430E0
2.044000000E1	4.822122941E0
2.048000000E1	6.562717179E0
2.052000000E1	9.303506133E0
2.056000000E1	1.338320444E1
2.060000000E1	1.871865937E1
2.064000000E1	2.486807043E1
2.068000000E1	3.165347562E1
2.072000000E1	3.867284731E1
2.076000000E1	4.556184139E1
2.080000000E1	5.228660606E1
2.084000000E1	5.845237387E1
2.088000000E1	6.414847535E1
2.092000000E1	6.908324140E1
2.096000000E1	7.280794319E1
2.100000000E1	7.599302207E1
2.104000000E1	7.783078413E1
2.108000000E1	7.893502125E1
2.112000000E1	7.963290001E1
2.116000000E1	7.985030529E1
2.120000000E1	8.008544296E1
2.124000000E1	8.009564094E1
2.128000000E1	8.008107382E1
2.132000000E1	7.985578461E1
2.136000000E1	7.889961256E1
2.140000000E1	7.695409889E1
2.144000000E1	7.380520027E1
2.148000000E1	7.019406757E1
2.152000000E1	6.590034224E1
2.156000000E1	6.070577538E1
2.160000000E1	5.515671492E1
2.164000000E1	4.940137687E1
2.168000000E1	4.337508648E1
2.172000000E1	3.752422984E1
2.176000000E1	3.227573668E1
2.180000000E1	2.736503838E1
2.184000000E1	2.305676939E1
2.188000000E1	1.941081934E1
2.192000000E1	1.625788718E1
2.196000000E1	1.381894356E1
2.200000000E1	1.197013013E1
2.204000000E1	1.085380190E1
2.208000000E1	1.040847887E1
2.212000000E1	1.048585338E1
2.216000000E1	1.054996712E1
2.220000000E1	1.077533067E1
2.224000000E1	1.089312510E1
2.228000000E1	1.085963901E1
2.232000000E1	1.084669316E1
2.236000000E1	1.120051816E1
2.240000000E1	1.241814686E1
2.244000000E1	1.469664668E1
2.248000000E1	1.811754104E1
2.252000000E1	2.294874463E1
2.256000000E1	2.881360725E1
2.260000000E1	3.528575100E1
2.264000000E1	4.203546232E1
2.268000000E1	4.807484130E1
2.272000000E1	5.363279944E1
2.276000000E1	5.863497498E1
2.280000000E1	6.315936101E1
2.284000000E1	6.728845927E1
2.288000000E1	7.087266140E1
2.292000000E1	7.376521285E1
2.296000000E1	7.615477673E1
2.300000000E1	7.817067524E1
2.304000000E1	7.944541874E1
2.308000000E1	8.028359432E1
2.312000000E1	8.085121532E1
2.316000000E1	8.128617684E1
2.320000000E1	8.142069477E1
2.324000000E1	8.145282518E1
2.328000000E1	8.081966282E1
2.332000000E1	7.976594741E1
2.336000000E1	7.783799622E1
2.340000000E1	7.483703046E1
2.344000000E1	7.161593636E1
2.348000000E1	6.799863545E1
2.352000000E1	6.384901687E1
2.356000000E1	5.932285316E1
2.360000000E1	5.393201525E1
2.364000000E1	4.795460282E1
2.368000000E1	4.260680407E1
2.372000000E1	3.682865557E1
2.376000000E1	3.161778938E1
2.380000000E1	2.661244899E1
2.384000000E1	2.205982629E1
2.388000000E1	1.830361358E1
2.392000000E1	1.531722004E1
2.396000000E1	1.301125511E1
2.400000000E1	1.127527855E1
2.404000000E1	1.022211954E1
2.408000000E1	9.711616946E0
2.412000000E1	9.454679872E0
2.416000000E1	9.517988698E0
2.420000000E1	9.611813002E0
2.424000000E1	9.951908691E0
2.428000000E1	1.071588735E1
2.432000000E1	1.220458165E1
2.436000000E1	1.513120048E1
2.440000000E1	1.918585061E1
2.444000000E1	2.462554458E1
2.448000000E1	3.097214149E1
2.452000000E1	3.790005503E1
2.456000000E1	4.514292611E1
2.460000000E1	5.184513081E1
2.464000000E1	5.814465147E1
2.468000000E1	6.358468832E1
2.472000000E1	6.841503681E1
2.476000000E1	7.246351378E1
2.480000000E1	7.550799269E1
2.484000000E1	7.755219053E1
2.488000000E1	7.900533328E1
2.492000000E1	8.005358759E1
2.496000000E1	8.065638062E1
2.500000000E1	8.072634892E1
2.504000000E1	8.081846531E1
2.508000000E1	8.081920256E1
2.512000000E1	8.076195490E1
2.516000000E1	8.043952230E1
2.520000000E1	7.947326554E1
2.524000000E1	7.749535409E1
2.528000000E1	7.476606337E1
2.532000000E1	7.042272929E1
2.536000000E1	6.592628480E1
2.540000000E1	6.111672013E1
2.544000000E1	5.552242636E1
2.548000000E1	4.972216586E1
2.552000000E1	4.375646203E1
2.556000000E1	3.771180871E1
2.560000000E1	3.183931078E1
2.564000000E1	2.617656131E1
2.568000000E1	2.079400099E1
2.572000000E1	1.618174149E1
2.576000000E1	1.249558942E1
2.580000000E1	9.834860641E0
2.584000000E1	8.163852435E0
2.588000000E1	7.274479522E0
2.592000000E1	6.902108855E0
2.596000000E1	6.825832661E0
2.600000000E1	6.870983719E0
2.604000000E1	7.109228251E0
2.608000000E1	7.353843248E0
2.612000000E1	8.142188717E0
2.616000000E1	9.533826492E0
2.620000000E1	1.212275595E1
2.624000000E1	1.589588381E1
2.628000000E1	2.103902613E1
2.632000000E1	2.698145246E1
2.636000000E1	3.342048924E1
2.640000000E1	4.027644454E1
2.644000000E1	4.719818446E1
2.648000000E1	5.375451933E1
2.652000000E1	5.970478201E1
2.656000000E1	6.487929278E1
2.660000000E1	6.938960183E1
2.664000000E1	7.303523488E1
2.668000000E1	7.573865426E1
2.672000000E1	7.757845429E1
2.676000000E1	7.879785115E1
2.680000000E1	7.947869634E1
2.684000000E1	7.983765671E1
2.688000000E1	8.006198209E1
2.692000000E1	8.015516871E1
2.696000000E1	7.994082428E1
2.700000000E1	7.998694212E1
2.704000000E1	7.967727928E1
2.708000000E1	7.862024522E1
2.712000000E1	7.677592958E1
2.716000000E1	7.396325240E1
2.720000000E1	7.045700919E1
2.724000000E1	6.633115141E1
2.728000000E1	6.140471968E1
2.732000000E1	5.552142442E1
2.736000000E1	4.967902183E1
2.740000000E1	4.345852248E1
2.744000000E1	3.762739771E1
2.748000000E1	3.188556110E1
2.752000000E1	2.676666438E1
2.756000000E1	2.231412021E1
2.760000000E1	1.840810881E1
2.764000000E1	1.518419555E1
2.768000000E1	1.256227819E1
2.772000000E1	1.070187279E1
2.776000000E1	9.485930275E0
2.780000000E1	8.692778072E0
2.784000000E1	8.157963973E0
2.788000000E1	7.834321703E0
2.792000000E1	7.798268531E0
2.796000000E1	7.847651831E0
2.800000000E1	8.080462997E0
2.804000000E1	8.424181584E0
2.808000000E1	9.203543595E0
2.812000000E1	1.091242279E1
2.816000000E1	1.340934349E1
2.820000000E1	1.690674488E1
2.824000000E1	2.143333726E1
2.828000000E1	2.704950771E1
2.832000000E1	3.338414210E1
2.836000000E1	3.988915203E1
2.840000000E1	4.656605231E1
2.844000000E1	5.284193184E1
2.848000000E1	5.863367369E1
2.852000000E1	6.353230327E1
2.856000000E1	6.796631031E1
2.860000000E1	7.178337374E1
2.864000000E1	7.479683875E1
2.868000000E1	7.692919670E1
2.872000000E1	7.828947339E1
2.876000000E1	7.925754433E1
2.880000000E1	7.979919821E1
2.884000000E1	8.018740624E1
2.888000000E1	8.024580068E1
2.892000000E1	8.019370044E1
2.896000000E1	8.002219643E1
2.900000000E1	7.999901006E1
2.904000000E1	7.988971612E1
2.908000000E1	7.940871573E1
2.912000000E1	7.838493099E1
2.916000000E1	7.640991792E1
2.920000000E1	7.359191206E1
2.924000000E1	7.027903182E1
2.928000000E1	6.566884540E1
2.932000000E1	5.996900901E1
2.936000000E1	5.419699143E1
2.940000000E1	4.767678375E1
2.944000000E1	4.137862940E1
2.948000000E1	3.524356100E1
2.952000000E1	2.917285934E1
2.956000000E1	2.345717852E1
2.960000000E1	1.825350345E1
2.964000000E1	1.373923147E1
2.968000000E1	1.018491622E1
2.972000000E1	7.557633255E0
2.976000000E1	5.645974183E0
2.980000000E1	4.722235212E0
2.984000000E1	4.325440141E0
2.988000000E1	4.317483097E0
2.992000000E1	4.421428688E0
2.996000000E1	4.593032184E0
3.000000000E1	4.853171361E0
3.004000000E1	4.960829394E0
3.008000000E1	5.224985910E0
3.012000000E1	5.731836941E0
3.016000000E1	7.190420879E0
3.020000000E1	1.017757733E1
3.024000000E1	1.468843776E1
3.028000000E1	2.042408025E1
3.032000000E1	2.749627531E1
3.036000000E1	3.531597448E1
3.040000000E1	4.348305453E1
3.044000000E1	5.150670634E1
3.048000000E1	5.860131442E1
3.052000000E1	6.434744866E1
3.056000000E1	6.906917866E1
3.060000000E1	7.261194554E1
3.064000000E1	7.487963210E1
3.068000000E1	7.665500075E1
3.072000000E1	7.727911177E1
3.076000000E1	7.753163930E1
3.080000000E1	7.795728576E1
3.084000000E1	7.830414901E1
3.088000000E1	7.843194778E1
3.092000000E1	7.844780067E1
3.096000000E1	7.847074748E1
3.100000000E1	7.853527608E1
3.104000000E1	7.848045864E1
3.108000000E1	7.787420640E1
3.112000000E1	7.639667470E1
3.116000000E1	7.410543672E1
3.120000000E1	7.075627136E1
3.124000000E1	6.707890437E1
3.128000000E1	6.177902500E1
3.132000000E1	5.584041262E1
3.136000000E1	4.972406389E1
3.140000000E1	4.335926164E1
3.144000000E1	3.753373321E1
3.148000000E1	3.217392819E1
3.152000000E1	2.704836024E1
3.156000000E1	2.218656065E1
3.160000000E1	1.811262193E1
3.164000000E1	1.477338646E1
3.168000000E1	1.217923919E1
3.172000000E1	1.041704593E1
3.176000000E1	9.286014209E0
3.180000000E1	8.875493955E0
3.184000000E1	8.813898201E0
3.188000000E1	8.883643192E0
3.192000000E1	9.063024385E0
3.196000000E1	9.154350172E0
3.200000000E1	9.541840281E0
3.204000000E1	1.059647507E1
3.208000000E1	1.312355506E1
3.212000000E1	1.706394125E1
3.216000000E1	2.255203452E1
3.220000000E1	2.924917832E1
3.224000000E1	3.700690025E1
3.228000000E1	4.464332601E1
3.232000000E1	5.245107629E1
3.236000000E1	5.932739410E1
3.240000000E1	6.565733530E1
3.244000000E1	7.077105455E1
3.248000000E1	7.471555326E1
3.252000000E1	7.739076440E1
3.256000000E1	7.907253522E1
3.260000000E1	8.007393295E1
3.264000000E1	8.055716481E1
3.268000000E1	8.054594740E1
3.272000000E1	8.058571900E1
3.276000000E1	8.054220313E1
3.280000000E1	8.055246720E1
3.284000000E1	8.048051977E1
3.288000000E1	8.014771742E1
3.292000000E1	7.899980555E1
3.296000000E1	7.705193228E1
3.300000000E1	7.411571805E1
3.304000000E1	7.061533578E1
3.308000000E1	6.575023812E1
3.312000000E1	6.045081478E1
3.316000000E1	5.451819087E1
3.320000000E1	4.877179272E1
3.324000000E1	4.291311366E1
3.328000000E1	3.732100551E1
3.332000000E1	3.194725130E1
3.336000000E1	2.686816513E1
3.340000000E1	2.241879640E1
3.344000000E1	1.862013113E1
3.348000000E1	1.567103498E1
3.352000000E1	1.363443670E1
3.356000000E1	1.221068692E1
3.360000000E1	1.121133486E1
3.364000000E1	1.057184774E1
3.368000000E1	1.008735866E1
3.372000000E1	9.869853004E0
3.376000000E1	9.975448857E0
3.380000000E1	1.041409243E1
3.384000000E1	1.148520740E1
3.388000000E1	1.324071535E1
3.392000000E1	1.590038026E1
3.396000000E1	1.970243959E1
3.400000000E1	2.485747213E1
3.404000000E1	3.118359891E1
3.408000000E1	3.834306471E1
3.412000000E1	4.551879737E1
3.416000000E1	5.254965608E1
3.420000000E1	5.899903797E1
3.424000000E1	6.483535380E1
3.428000000E1	6.959990400E1
3.432000000E1	7.333945208E1
3.436000000E1	7.667995126E1
3.440000000E1	7.933827986E1
3.444000000E1	8.083165208E1
3.448000000E1	8.164977039E1
3.452000000E1	8.207928570E1
3.456000000E1	8.205776780E1
3.460000000E1	8.212657625E1
3.464000000E1	8.234167113E1
3.468000000E1	8.205951632E1
3.472000000E1	8.183026501E1
3.476000000E1	8.112918570E1
3.480000000E1	7.975706971E1
3.484000000E1	7.677830675E1
3.488000000E1	7.264619879E1
3.492000000E1	6.759299062E1
3.496000000E1	6.195749767E1
3.500000000E1	5.591420977E1
3.504000000E1	4.935308761E1
3.508000000E1	4.258597666E1
3.512000000E1	3.536720264E1
3.516000000E1	2.894943636E1
3.520000000E1	2.321883152E1
3.524000000E1	1.774737218E1
3.528000000E1	1.318247826E1
3.532000000E1	9.367281959E0
3.536000000E1	6.437723358E0
3.540000000E1	4.545420999E0
3.544000000E1	3.446565774E0
3.548000000E1	3.001776199E0
3.552000000E1	3.003806038E0
3.556000000E1	3.217064364E0
3.560000000E1	3.383131758E0
3.564000000E1	3.585284429E0
3.568000000E1	3.766157351E0
3.572000000E1	3.995955842E0
3.576000000E1	4.043035427E0
3.580000000E1	4.065143676E0
3.584000000E1	4.131491131E0
3.588000000E1	4.129502261E0
3.592000000E1	4.124473866E0
3.596000000E1	4.116584182E0
3.600000000E1	4.125982942E0
3.604000000E1	4.298528182E0
3.608000000E1	4.430533943E0
3.612000000E1	4.490673090E0
3.616000000E1	4.581173726E0
3.620000000E1	4.729053968E0
3.624000000E1	4.906659552E0
3.628000000E1	4.936466498E0
3.632000000E1	4.962869168E0
3.636000000E1	4.949724644E0
3.640000000E1	4.938780075E0
3.644000000E1	4.925979455E0
3.648000000E1	4.924758858E0
3.652000000E1	4.928184248E0
3.656000000E1	4.929349404E0
3.660000000E1	4.933927279E0
3.664000000E1	4.930051377E0
3.668000000E1	4.936846968E0
3.672000000E1	4.941323599E0
3.676000000E1	4.939359583E0
3.680000000E1	4.938493143E0
3.684000000E1	4.936595183E0
3.688000000E1	4.933986088E0
3.692000000E1	4.934320377E0
3.696000000E1	4.934931407E0
