
t/1	ANGLE/1
0.000000000E0	-1.043800269E2
4.000000000E-2	-1.043803691E2
8.000000000E-2	-1.043695216E2
1.200000000E-1	-1.042451570E2
1.600000000E-1	-1.037526079E2
2.000000000E-1	-1.032045799E2
2.400000000E-1	-1.021367693E2
2.800000000E-1	-1.006867254E2
3.200000000E-1	-9.931934493E1
3.600000000E-1	-9.810532939E1
4.000000000E-1	-9.718606399E1
4.400000000E-1	-9.624412455E1
4.800000000E-1	-9.566109687E1
5.200000000E-1	-9.523795636E1
5.600000000E-1	-9.506345654E1
6.000000000E-1	-9.495091292E1
6.400000000E-1	-9.472565787E1
6.800000000E-1	-9.484126070E1
7.200000000E-1	-9.502246365E1
7.600000000E-1	-9.520830026E1
8.000000000E-1	-9.507739668E1
8.400000000E-1	-9.501414264E1
8.800000000E-1	-9.500753135E1
9.200000000E-1	-9.537307660E1
9.600000000E-1	-9.602662080E1
1.000000000E0	-9.733919248E1
1.040000000E0	-9.977431702E1
1.080000000E0	-1.001139042E2
1.120000000E0	-1.005539923E2
1.160000000E0	-1.008807741E2
1.200000000E0	-1.010362663E2
1.240000000E0	-1.013010472E2
1.280000000E0	-1.013849435E2
1.320000000E0	-1.014135173E2
1.360000000E0	-1.012879083E2
1.400000000E0	-1.011282388E2
1.440000000E0	-1.010567686E2
1.480000000E0	-1.010786096E2
1.520000000E0	-1.010502205E2
1.560000000E0	-1.011455913E2
1.600000000E0	-1.012456305E2
1.640000000E0	-1.012739154E2
1.680000000E0	-1.012216871E2
1.720000000E0	-1.011164184E2
1.760000000E0	-1.010342915E2
1.800000000E0	-1.009981221E2
1.840000000E0	-1.008380632E2
1.880000000E0	-1.007482680E2
1.920000000E0	-1.007011685E2
1.960000000E0	-1.005175760E2
2.000000000E0	-1.005040777E2
2.040000000E0	-1.004838290E2
2.080000000E0	-1.004363983E2
2.120000000E0	-1.006541220E2
2.160000000E0	-1.013392662E2
2.200000000E0	-1.022089605E2
2.240000000E0	-1.037373271E2
2.280000000E0	-1.059704822E2
2.320000000E0	-1.094686961E2
2.360000000E0	-1.136634564E2
2.400000000E0	-1.180510022E2
2.440000000E0	-1.231178476E2
2.480000000E0	-1.279777143E2
2.520000000E0	-1.316625666E2
2.560000000E0	-1.346724345E2
2.600000000E0	-1.371376855E2
2.640000000E0	-1.391150321E2
2.680000000E0	-1.412299782E2
2.720000000E0	-1.430948353E2
2.760000000E0	-1.442420141E2
2.800000000E0	-1.448908688E2
2.840000000E0	-1.450237724E2
2.880000000E0	-1.460898441E2
2.920000000E0	-1.497066738E2
2.960000000E0	-1.496468539E2
3.000000000E0	-1.513320107E2
3.040000000E0	-1.531463689E2
3.080000000E0	-1.546203910E2
3.120000000E0	-1.563805067E2
3.160000000E0	-1.580518881E2
3.200000000E0	-1.592366345E2
3.240000000E0	-1.601493406E2
3.280000000E0	-1.610797783E2
3.320000000E0	-1.611134263E2
3.360000000E0	-1.614675174E2
3.400000000E0	-1.617239239E2
3.440000000E0	-1.617421224E2
3.480000000E0	-1.619120178E2
3.520000000E0	-1.619375301E2
3.560000000E0	-1.619085237E2
3.600000000E0	-1.618322316E2
3.640000000E0	-1.612092344E2
3.680000000E0	-1.597169183E2
3.720000000E0	-1.573610975E2
3.760000000E0	-1.541845434E2
3.800000000E0	-1.498435592E2
3.840000000E0	-1.452475271E2
3.880000000E0	-1.407874941E2
3.920000000E0	-1.365200191E2
3.960000000E0	-1.321621346E2
4.000000000E0	-1.274731314E2
4.040000000E0	-1.203756383E2
4.080000000E0	-1.203754087E2
4.120000000E0	-1.174999198E2
4.160000000E0	-1.151347347E2
4.200000000E0	-1.132764483E2
4.240000000E0	-1.121321970E2
4.280000000E0	-1.121684791E2
4.320000000E0	-1.128937541E2
4.360000000E0	-1.132422669E2
4.400000000E0	-1.129275013E2
4.440000000E0	-1.138002885E2
4.480000000E0	-1.143419591E2
4.520000000E0	-1.148998492E2
4.560000000E0	-1.151698013E2
4.600000000E0	-1.155272863E2
4.640000000E0	-1.163387177E2
4.680000000E0	-1.178245921E2
4.720000000E0	-1.198115521E2
4.760000000E0	-1.227065442E2
4.800000000E0	-1.263398950E2
4.840000000E0	-1.306155082E2
4.880000000E0	-1.345193551E2
4.920000000E0	-1.384643845E2
4.960000000E0	-1.422046684E2
5.000000000E0	-1.454982939E2
5.040000000E0	-1.483199401E2
5.080000000E0	-1.508375399E2
5.120000000E0	-1.550586952E2
5.160000000E0	-1.550597433E2
5.200000000E0	-1.570087175E2
5.240000000E0	-1.586750519E2
5.280000000E0	-1.596780807E2
5.320000000E0	-1.608177825E2
5.360000000E0	-1.612377758E2
5.400000000E0	-1.611184767E2
5.440000000E0	-1.610801381E2
5.480000000E0	-1.611019526E2
5.520000000E0	-1.610632512E2
5.560000000E0	-1.610249451E2
5.600000000E0	-1.602350170E2
5.640000000E0	-1.585778235E2
5.680000000E0	-1.557545412E2
5.720000000E0	-1.511750529E2
5.760000000E0	-1.456143465E2
5.800000000E0	-1.396779036E2
5.840000000E0	-1.342276684E2
5.880000000E0	-1.295126875E2
5.920000000E0	-1.247724768E2
5.960000000E0	-1.208774109E2
6.000000000E0	-1.170094488E2
6.040000000E0	-1.135340180E2
6.080000000E0	-1.110926944E2
6.120000000E0	-1.095569567E2
6.160000000E0	-1.091676091E2
6.200000000E0	-1.096723403E2
6.240000000E0	-1.108879773E2
6.280000000E0	-1.097862803E2
6.320000000E0	-1.101532713E2
6.360000000E0	-1.101121741E2
6.400000000E0	-1.100717931E2
6.440000000E0	-1.100893411E2
6.480000000E0	-1.101345835E2
6.520000000E0	-1.101835324E2
6.560000000E0	-1.102966528E2
6.600000000E0	-1.104347708E2
6.640000000E0	-1.108818456E2
6.680000000E0	-1.117541717E2
6.720000000E0	-1.129395926E2
6.760000000E0	-1.147611891E2
6.800000000E0	-1.178534316E2
6.840000000E0	-1.219801124E2
6.880000000E0	-1.267169652E2
6.920000000E0	-1.314773794E2
6.960000000E0	-1.363795784E2
7.000000000E0	-1.409525907E2
7.040000000E0	-1.444828707E2
7.080000000E0	-1.473521259E2
7.120000000E0	-1.500136304E2
7.160000000E0	-1.520509105E2
7.200000000E0	-1.541873236E2
7.240000000E0	-1.564474185E2
7.280000000E0	-1.584469248E2
7.320000000E0	-1.603300988E2
7.360000000E0	-1.619104347E2
7.400000000E0	-1.632223633E2
7.440000000E0	-1.648041793E2
7.480000000E0	-1.649219016E2
7.520000000E0	-1.648562011E2
7.560000000E0	-1.648924838E2
7.600000000E0	-1.648992630E2
7.640000000E0	-1.648479829E2
7.680000000E0	-1.646751538E2
7.720000000E0	-1.638997316E2
7.760000000E0	-1.623306371E2
7.800000000E0	-1.599623913E2
7.840000000E0	-1.562294340E2
7.880000000E0	-1.519829938E2
7.920000000E0	-1.477609668E2
7.960000000E0	-1.437481297E2
8.000000000E0	-1.398657715E2
8.040000000E0	-1.356397020E2
8.080000000E0	-1.313468065E2
8.120000000E0	-1.273843368E2
8.160000000E0	-1.235637181E2
8.200000000E0	-1.209437694E2
8.240000000E0	-1.190369161E2
8.280000000E0	-1.179928006E2
8.320000000E0	-1.180641498E2
8.360000000E0	-1.187049101E2
8.400000000E0	-1.200917238E2
8.440000000E0	-1.204564745E2
8.480000000E0	-1.216729758E2
8.520000000E0	-1.225159648E2
8.560000000E0	-1.229082208E2
8.600000000E0	-1.232028763E2
8.640000000E0	-1.233049113E2
8.680000000E0	-1.233897370E2
8.720000000E0	-1.235292797E2
8.760000000E0	-1.239552452E2
8.800000000E0	-1.245431041E2
8.840000000E0	-1.274670903E2
8.880000000E0	-1.274304529E2
8.920000000E0	-1.299191361E2
8.960000000E0	-1.331223159E2
9.000000000E0	-1.363635580E2
9.040000000E0	-1.395916829E2
9.080000000E0	-1.427165397E2
9.120000000E0	-1.457903711E2
9.160000000E0	-1.483350207E2
9.200000000E0	-1.505568196E2
9.240000000E0	-1.526098219E2
9.280000000E0	-1.543571829E2
9.320000000E0	-1.564373708E2
9.360000000E0	-1.597297157E2
9.400000000E0	-1.597359784E2
9.440000000E0	-1.607642123E2
9.480000000E0	-1.621797428E2
9.520000000E0	-1.631538700E2
9.560000000E0	-1.634131469E2
9.600000000E0	-1.636692610E2
9.640000000E0	-1.637076244E2
9.680000000E0	-1.638386010E2
9.720000000E0	-1.637589576E2
9.760000000E0	-1.637016738E2
9.800000000E0	-1.631200568E2
9.840000000E0	-1.620937590E2
9.880000000E0	-1.604841283E2
9.920000000E0	-1.581627277E2
9.960000000E0	-1.553211265E2
1.000000000E1	-1.513108373E2
1.004000000E1	-1.475866830E2
1.008000000E1	-1.438353602E2
1.012000000E1	-1.397011817E2
1.016000000E1	-1.352486726E2
1.020000000E1	-1.307616798E2
1.024000000E1	-1.258836067E2
1.028000000E1	-1.212537295E2
1.032000000E1	-1.170121710E2
1.036000000E1	-1.135558746E2
1.040000000E1	-1.109270842E2
1.044000000E1	-1.085017163E2
1.048000000E1	-1.085450859E2
1.052000000E1	-1.086444802E2
1.056000000E1	-1.098826015E2
1.060000000E1	-1.094802053E2
1.064000000E1	-1.096701475E2
1.068000000E1	-1.097549246E2
1.072000000E1	-1.095440329E2
1.076000000E1	-1.093156073E2
1.080000000E1	-1.092411910E2
1.084000000E1	-1.092459763E2
1.088000000E1	-1.093162708E2
1.092000000E1	-1.094021781E2
1.096000000E1	-1.095334454E2
1.100000000E1	-1.099290210E2
1.104000000E1	-1.108338034E2
1.108000000E1	-1.120789167E2
1.112000000E1	-1.143358556E2
1.116000000E1	-1.173831325E2
1.120000000E1	-1.209463176E2
1.124000000E1	-1.245123848E2
1.128000000E1	-1.279184490E2
1.132000000E1	-1.312897778E2
1.136000000E1	-1.347869904E2
1.140000000E1	-1.379536442E2
1.144000000E1	-1.408100896E2
1.148000000E1	-1.433659814E2
1.152000000E1	-1.455665203E2
1.156000000E1	-1.478391408E2
1.160000000E1	-1.496137799E2
1.164000000E1	-1.515615267E2
1.168000000E1	-1.532665479E2
1.172000000E1	-1.552452363E2
1.176000000E1	-1.570587562E2
1.180000000E1	-1.587699264E2
1.184000000E1	-1.604208836E2
1.188000000E1	-1.616708460E2
1.192000000E1	-1.629107320E2
1.196000000E1	-1.635923184E2
1.200000000E1	-1.636379506E2
1.204000000E1	-1.635833733E2
1.208000000E1	-1.637422057E2
1.212000000E1	-1.633509528E2
1.216000000E1	-1.627370993E2
1.220000000E1	-1.592591167E2
1.224000000E1	-1.590895090E2
1.228000000E1	-1.569874624E2
1.232000000E1	-1.547723942E2
1.236000000E1	-1.522300278E2
1.240000000E1	-1.488076664E2
1.244000000E1	-1.451102353E2
1.248000000E1	-1.407896438E2
1.252000000E1	-1.366868359E2
1.256000000E1	-1.330355553E2
1.260000000E1	-1.295286619E2
1.264000000E1	-1.270866190E2
1.268000000E1	-1.247049795E2
1.272000000E1	-1.225212355E2
1.276000000E1	-1.210387473E2
1.280000000E1	-1.202986381E2
1.284000000E1	-1.207194055E2
1.288000000E1	-1.202350759E2
1.292000000E1	-1.201982922E2
1.296000000E1	-1.199934673E2
1.300000000E1	-1.198246373E2
1.304000000E1	-1.198234979E2
1.308000000E1	-1.197100192E2
1.312000000E1	-1.200203922E2
1.316000000E1	-1.206524731E2
1.320000000E1	-1.211179408E2
1.324000000E1	-1.216925085E2
1.328000000E1	-1.228874995E2
1.332000000E1	-1.245154362E2
1.336000000E1	-1.264778064E2
1.340000000E1	-1.294536650E2
1.344000000E1	-1.367069165E2
1.348000000E1	-1.368055805E2
1.352000000E1	-1.402228697E2
1.356000000E1	-1.436956497E2
1.360000000E1	-1.467191407E2
1.364000000E1	-1.494917143E2
1.368000000E1	-1.518682090E2
1.372000000E1	-1.542211566E2
1.376000000E1	-1.564469098E2
1.380000000E1	-1.586027191E2
1.384000000E1	-1.605714144E2
1.388000000E1	-1.621453599E2
1.392000000E1	-1.632038374E2
1.396000000E1	-1.638855161E2
1.400000000E1	-1.643102139E2
1.404000000E1	-1.646873613E2
1.408000000E1	-1.648417084E2
1.412000000E1	-1.650183973E2
1.416000000E1	-1.647238354E2
1.420000000E1	-1.640386558E2
1.424000000E1	-1.631877137E2
1.428000000E1	-1.613587988E2
1.432000000E1	-1.586552066E2
1.436000000E1	-1.551631384E2
1.440000000E1	-1.511951565E2
1.444000000E1	-1.470575429E2
1.448000000E1	-1.425129468E2
1.452000000E1	-1.376149967E2
1.456000000E1	-1.321563410E2
1.460000000E1	-1.266715731E2
1.464000000E1	-1.212376210E2
1.468000000E1	-1.163418602E2
1.472000000E1	-1.127528514E2
1.476000000E1	-1.100461624E2
1.480000000E1	-1.080792859E2
1.484000000E1	-1.073104183E2
1.488000000E1	-1.078537127E2
1.492000000E1	-1.091227922E2
1.496000000E1	-1.080197011E2
1.500000000E1	-1.086117729E2
1.504000000E1	-1.091747764E2
1.508000000E1	-1.092679264E2
1.512000000E1	-1.094741352E2
1.516000000E1	-1.094655153E2
1.520000000E1	-1.097425284E2
1.524000000E1	-1.105024882E2
1.528000000E1	-1.115601872E2
1.532000000E1	-1.129011677E2
1.536000000E1	-1.153503850E2
1.540000000E1	-1.187308744E2
1.544000000E1	-1.219991569E2
1.548000000E1	-1.251864154E2
1.552000000E1	-1.285638404E2
1.556000000E1	-1.319954408E2
1.560000000E1	-1.358423760E2
1.564000000E1	-1.393579428E2
1.568000000E1	-1.426146910E2
1.572000000E1	-1.456358614E2
1.576000000E1	-1.483889950E2
1.580000000E1	-1.505352188E2
1.584000000E1	-1.527778324E2
1.588000000E1	-1.548746945E2
1.592000000E1	-1.568443014E2
1.596000000E1	-1.585575876E2
1.600000000E1	-1.601963100E2
1.604000000E1	-1.617133873E2
1.608000000E1	-1.624373117E2
1.612000000E1	-1.633451023E2
1.616000000E1	-1.638921424E2
1.620000000E1	-1.642648123E2
1.624000000E1	-1.642084583E2
1.628000000E1	-1.635468988E2
1.632000000E1	-1.624196839E2
1.636000000E1	-1.606169824E2
1.640000000E1	-1.578182518E2
1.644000000E1	-1.544064836E2
1.648000000E1	-1.503900874E2
1.652000000E1	-1.459912596E2
1.656000000E1	-1.411054128E2
1.660000000E1	-1.361706829E2
1.664000000E1	-1.311677711E2
1.668000000E1	-1.266801888E2
1.672000000E1	-1.238386075E2
1.676000000E1	-1.218524840E2
1.680000000E1	-1.200777639E2
1.684000000E1	-1.184362776E2
1.688000000E1	-1.169628376E2
1.692000000E1	-1.164353046E2
1.696000000E1	-1.170856390E2
1.700000000E1	-1.172402292E2
1.704000000E1	-1.174105323E2
1.708000000E1	-1.181905889E2
1.712000000E1	-1.183359388E2
1.716000000E1	-1.184272587E2
1.720000000E1	-1.184266197E2
1.724000000E1	-1.184995378E2
1.728000000E1	-1.189227709E2
1.732000000E1	-1.194300831E2
1.736000000E1	-1.202656239E2
1.740000000E1	-1.217267934E2
1.744000000E1	-1.262963784E2
1.748000000E1	-1.262316833E2
1.752000000E1	-1.289931913E2
1.756000000E1	-1.314307933E2
1.760000000E1	-1.341025979E2
1.764000000E1	-1.369225816E2
1.768000000E1	-1.398239130E2
1.772000000E1	-1.425848225E2
1.776000000E1	-1.452826643E2
1.780000000E1	-1.473937043E2
1.784000000E1	-1.493100043E2
1.788000000E1	-1.510027639E2
1.792000000E1	-1.526967382E2
1.796000000E1	-1.544222291E2
1.800000000E1	-1.558642193E2
1.804000000E1	-1.568944417E2
1.808000000E1	-1.581628692E2
1.812000000E1	-1.598014584E2
1.816000000E1	-1.613473834E2
1.820000000E1	-1.625595208E2
1.824000000E1	-1.635220498E2
1.828000000E1	-1.641526103E2
1.832000000E1	-1.645132329E2
1.836000000E1	-1.645487477E2
1.840000000E1	-1.645814345E2
1.844000000E1	-1.643045130E2
1.848000000E1	-1.635352788E2
1.852000000E1	-1.621811059E2
1.856000000E1	-1.601976172E2
1.860000000E1	-1.574290384E2
1.864000000E1	-1.543974487E2
1.868000000E1	-1.507975637E2
1.872000000E1	-1.469064025E2
1.876000000E1	-1.426581219E2
1.880000000E1	-1.376837055E2
1.884000000E1	-1.331696865E2
1.888000000E1	-1.286786011E2
1.892000000E1	-1.248089858E2
1.896000000E1	-1.218937707E2
1.900000000E1	-1.191387198E2
1.904000000E1	-1.170037552E2
1.908000000E1	-1.163479893E2
1.912000000E1	-1.164284257E2
1.916000000E1	-1.173591025E2
1.920000000E1	-1.182835253E2
1.924000000E1	-1.190442069E2
1.928000000E1	-1.198359653E2
1.932000000E1	-1.203145869E2
1.936000000E1	-1.202990701E2
1.940000000E1	-1.201304087E2
1.944000000E1	-1.203112124E2
1.948000000E1	-1.204077940E2
1.952000000E1	-1.204148268E2
1.956000000E1	-1.206647787E2
1.960000000E1	-1.210348435E2
1.964000000E1	-1.214432665E2
1.968000000E1	-1.222075512E2
1.972000000E1	-1.235491606E2
1.976000000E1	-1.254197087E2
1.980000000E1	-1.275984682E2
1.984000000E1	-1.291617694E2
1.988000000E1	-1.311259731E2
1.992000000E1	-1.333816825E2
1.996000000E1	-1.361797495E2
2.000000000E1	-1.388901057E2
2.004000000E1	-1.409968672E2
2.008000000E1	-1.437716929E2
2.012000000E1	-1.465483673E2
2.016000000E1	-1.489512172E2
2.020000000E1	-1.512231829E2
2.024000000E1	-1.536466029E2
2.028000000E1	-1.561104199E2
2.032000000E1	-1.583562166E2
2.036000000E1	-1.602985540E2
2.040000000E1	-1.621324908E2
2.044000000E1	-1.635515027E2
2.048000000E1	-1.643402141E2
2.052000000E1	-1.648488643E2
2.056000000E1	-1.648880968E2
2.060000000E1	-1.649341012E2
2.064000000E1	-1.649072782E2
2.068000000E1	-1.646162815E2
2.072000000E1	-1.641263283E2
2.076000000E1	-1.633296867E2
2.080000000E1	-1.615784954E2
2.084000000E1	-1.591896220E2
2.088000000E1	-1.559032022E2
2.092000000E1	-1.515501611E2
2.096000000E1	-1.474799474E2
2.100000000E1	-1.432840001E2
2.104000000E1	-1.391457623E2
2.108000000E1	-1.347607466E2
2.112000000E1	-1.298123807E2
2.116000000E1	-1.249609409E2
2.120000000E1	-1.205054141E2
2.124000000E1	-1.162830828E2
2.128000000E1	-1.128446235E2
2.132000000E1	-1.100927564E2
2.136000000E1	-1.081721001E2
2.140000000E1	-1.073629437E2
2.144000000E1	-1.077624599E2
2.148000000E1	-1.086631576E2
2.152000000E1	-1.087140760E2
2.156000000E1	-1.094939761E2
2.160000000E1	-1.098514522E2
2.164000000E1	-1.100497528E2
2.168000000E1	-1.103159860E2
2.172000000E1	-1.105345662E2
2.176000000E1	-1.108998970E2
2.180000000E1	-1.119260037E2
2.184000000E1	-1.132667018E2
2.188000000E1	-1.154450740E2
2.192000000E1	-1.187761223E2
2.196000000E1	-1.227306701E2
2.200000000E1	-1.266530334E2
2.204000000E1	-1.304615182E2
2.208000000E1	-1.346927049E2
2.212000000E1	-1.383647955E2
2.216000000E1	-1.417760642E2
2.220000000E1	-1.449423677E2
2.224000000E1	-1.475747715E2
2.228000000E1	-1.501248617E2
2.232000000E1	-1.524008977E2
2.236000000E1	-1.546149756E2
2.240000000E1	-1.567483863E2
2.244000000E1	-1.588653128E2
2.248000000E1	-1.608978981E2
2.252000000E1	-1.626850729E2
2.256000000E1	-1.641248718E2
2.260000000E1	-1.651007118E2
2.264000000E1	-1.655231077E2
2.268000000E1	-1.656367355E2
2.272000000E1	-1.657286745E2
2.276000000E1	-1.658077991E2
2.280000000E1	-1.656006726E2
2.284000000E1	-1.650802251E2
2.288000000E1	-1.645003917E2
2.292000000E1	-1.628557706E2
2.296000000E1	-1.599140178E2
2.300000000E1	-1.559579562E2
2.304000000E1	-1.513245906E2
2.308000000E1	-1.464075658E2
2.312000000E1	-1.420486402E2
2.316000000E1	-1.378435866E2
2.320000000E1	-1.338887895E2
2.324000000E1	-1.301964664E2
2.328000000E1	-1.272241217E2
2.332000000E1	-1.247838354E2
2.336000000E1	-1.231925034E2
2.340000000E1	-1.220942365E2
2.344000000E1	-1.215183248E2
2.348000000E1	-1.213136778E2
2.352000000E1	-1.214866420E2
2.356000000E1	-1.222336417E2
2.360000000E1	-1.221484182E2
2.364000000E1	-1.226621137E2
2.368000000E1	-1.229959151E2
2.372000000E1	-1.231704190E2
2.376000000E1	-1.232853602E2
2.380000000E1	-1.238031267E2
2.384000000E1	-1.248660846E2
2.388000000E1	-1.266091247E2
2.392000000E1	-1.286912251E2
2.396000000E1	-1.309752041E2
2.400000000E1	-1.325766531E2
2.404000000E1	-1.347254728E2
2.408000000E1	-1.370979044E2
2.412000000E1	-1.394465338E2
2.416000000E1	-1.418466618E2
2.420000000E1	-1.441621399E2
2.424000000E1	-1.464267110E2
2.428000000E1	-1.485191774E2
2.432000000E1	-1.507208827E2
2.436000000E1	-1.533918521E2
2.440000000E1	-1.555460893E2
2.444000000E1	-1.575983544E2
2.448000000E1	-1.597510913E2
2.452000000E1	-1.619572884E2
2.456000000E1	-1.635905954E2
2.460000000E1	-1.644255740E2
2.464000000E1	-1.648524580E2
2.468000000E1	-1.651816715E2
2.472000000E1	-1.653451016E2
2.476000000E1	-1.652490352E2
2.480000000E1	-1.643479218E2
2.484000000E1	-1.626000529E2
2.488000000E1	-1.608051392E2
2.492000000E1	-1.582117163E2
2.496000000E1	-1.551926461E2
2.500000000E1	-1.515722268E2
2.504000000E1	-1.478223793E2
2.508000000E1	-1.435780593E2
2.512000000E1	-1.391489397E2
2.516000000E1	-1.346372972E2
2.520000000E1	-1.300687312E2
2.524000000E1	-1.262959242E2
2.528000000E1	-1.233998970E2
2.532000000E1	-1.213110996E2
2.536000000E1	-1.197827506E2
2.540000000E1	-1.188520471E2
2.544000000E1	-1.181118268E2
2.548000000E1	-1.176569532E2
2.552000000E1	-1.173693031E2
2.556000000E1	-1.182342079E2
2.560000000E1	-1.195109485E2
2.564000000E1	-1.209213049E2
2.568000000E1	-1.208650987E2
2.572000000E1	-1.209364964E2
2.576000000E1	-1.210357313E2
2.580000000E1	-1.212094297E2
2.584000000E1	-1.212744591E2
2.588000000E1	-1.213100665E2
2.592000000E1	-1.218459499E2
2.596000000E1	-1.227775909E2
2.600000000E1	-1.242116890E2
2.604000000E1	-1.263185710E2
2.608000000E1	-1.293819163E2
2.612000000E1	-1.327284650E2
2.616000000E1	-1.357582843E2
2.620000000E1	-1.392053298E2
2.624000000E1	-1.425292241E2
2.628000000E1	-1.453456613E2
2.632000000E1	-1.478111165E2
2.636000000E1	-1.500332603E2
2.640000000E1	-1.522672951E2
2.644000000E1	-1.544567958E2
2.648000000E1	-1.565256271E2
2.652000000E1	-1.581818953E2
2.656000000E1	-1.598812843E2
2.660000000E1	-1.617883456E2
2.664000000E1	-1.631909552E2
2.668000000E1	-1.641641503E2
2.672000000E1	-1.646624372E2
2.676000000E1	-1.649524459E2
2.680000000E1	-1.651051718E2
2.684000000E1	-1.650763515E2
2.688000000E1	-1.647457857E2
2.692000000E1	-1.640932221E2
2.696000000E1	-1.629798712E2
2.700000000E1	-1.610695036E2
2.704000000E1	-1.584218808E2
2.708000000E1	-1.548198342E2
2.712000000E1	-1.509274463E2
2.716000000E1	-1.468013691E2
2.720000000E1	-1.427150358E2
2.724000000E1	-1.388882993E2
2.728000000E1	-1.350529490E2
2.732000000E1	-1.308843054E2
2.736000000E1	-1.274946188E2
2.740000000E1	-1.238970819E2
2.744000000E1	-1.178381378E2
2.748000000E1	-1.177401105E2
2.752000000E1	-1.156897471E2
2.756000000E1	-1.144525041E2
2.760000000E1	-1.145071254E2
2.764000000E1	-1.154054280E2
2.768000000E1	-1.168958203E2
2.772000000E1	-1.169747697E2
2.776000000E1	-1.166993109E2
2.780000000E1	-1.171796034E2
2.784000000E1	-1.174445246E2
2.788000000E1	-1.176688592E2
2.792000000E1	-1.178223464E2
2.796000000E1	-1.179673085E2
2.800000000E1	-1.183035035E2
2.804000000E1	-1.187081202E2
2.808000000E1	-1.196235647E2
2.812000000E1	-1.212738011E2
2.816000000E1	-1.239463533E2
2.820000000E1	-1.274215359E2
2.824000000E1	-1.309508181E2
2.828000000E1	-1.346272222E2
2.832000000E1	-1.382045686E2
2.836000000E1	-1.414390383E2
2.840000000E1	-1.442626233E2
2.844000000E1	-1.467756037E2
2.848000000E1	-1.492261722E2
2.852000000E1	-1.511659849E2
2.856000000E1	-1.535370644E2
2.860000000E1	-1.556575873E2
2.864000000E1	-1.575584123E2
2.868000000E1	-1.597554977E2
2.872000000E1	-1.615132322E2
2.876000000E1	-1.631597100E2
2.880000000E1	-1.643033395E2
2.884000000E1	-1.648570778E2
2.888000000E1	-1.650177753E2
2.892000000E1	-1.651117469E2
2.896000000E1	-1.648115051E2
2.900000000E1	-1.644725074E2
2.904000000E1	-1.638109961E2
2.908000000E1	-1.630582102E2
2.912000000E1	-1.613415067E2
2.916000000E1	-1.584715151E2
2.920000000E1	-1.550873472E2
2.924000000E1	-1.512590908E2
2.928000000E1	-1.469649558E2
2.932000000E1	-1.424536911E2
2.936000000E1	-1.374611292E2
2.940000000E1	-1.327253310E2
2.944000000E1	-1.278502390E2
2.948000000E1	-1.236810166E2
2.952000000E1	-1.196074835E2
2.956000000E1	-1.158924161E2
2.960000000E1	-1.123924990E2
2.964000000E1	-1.124042413E2
2.968000000E1	-1.124229303E2
2.972000000E1	-1.134639238E2
2.976000000E1	-1.148944874E2
2.980000000E1	-1.146282145E2
2.984000000E1	-1.153715935E2
2.988000000E1	-1.155159567E2
2.992000000E1	-1.155780285E2
2.996000000E1	-1.154987062E2
3.000000000E1	-1.155274575E2
3.004000000E1	-1.162221764E2
3.008000000E1	-1.171615632E2
3.012000000E1	-1.188611040E2
3.016000000E1	-1.217627373E2
3.020000000E1	-1.253551226E2
3.024000000E1	-1.289455936E2
3.028000000E1	-1.327693303E2
3.032000000E1	-1.362381443E2
3.036000000E1	-1.394680839E2
3.040000000E1	-1.426954925E2
3.044000000E1	-1.457581132E2
3.048000000E1	-1.489107387E2
3.052000000E1	-1.515319322E2
3.056000000E1	-1.538956542E2
3.060000000E1	-1.562028653E2
3.064000000E1	-1.580640649E2
3.068000000E1	-1.599354696E2
3.072000000E1	-1.618537142E2
3.076000000E1	-1.630024815E2
3.080000000E1	-1.640148887E2
3.084000000E1	-1.644349961E2
3.088000000E1	-1.646341414E2
3.092000000E1	-1.648124047E2
3.096000000E1	-1.648567430E2
3.100000000E1	-1.645673582E2
3.104000000E1	-1.639742890E2
3.108000000E1	-1.630214472E2
3.112000000E1	-1.612586208E2
3.116000000E1	-1.590085006E2
3.120000000E1	-1.557556300E2
3.124000000E1	-1.522063193E2
3.128000000E1	-1.481268574E2
3.132000000E1	-1.436682854E2
3.136000000E1	-1.386332774E2
3.140000000E1	-1.339060840E2
3.144000000E1	-1.289056364E2
3.148000000E1	-1.242365873E2
3.152000000E1	-1.203242468E2
3.156000000E1	-1.162394879E2
3.160000000E1	-1.132560840E2
3.164000000E1	-1.118323700E2
3.168000000E1	-1.117393791E2
3.172000000E1	-1.123839557E2
3.176000000E1	-1.125760389E2
3.180000000E1	-1.126726996E2
3.184000000E1	-1.130609849E2
3.188000000E1	-1.131685786E2
3.192000000E1	-1.131587466E2
3.196000000E1	-1.130933072E2
3.200000000E1	-1.132338240E2
3.204000000E1	-1.134933775E2
3.208000000E1	-1.140933185E2
3.212000000E1	-1.148573301E2
3.216000000E1	-1.159951850E2
3.220000000E1	-1.178958460E2
3.224000000E1	-1.206644202E2
3.228000000E1	-1.242863880E2
3.232000000E1	-1.281282525E2
3.236000000E1	-1.320969586E2
3.240000000E1	-1.360695628E2
3.244000000E1	-1.393521428E2
3.248000000E1	-1.426560270E2
3.252000000E1	-1.460375835E2
3.256000000E1	-1.484323375E2
3.260000000E1	-1.512340192E2
3.264000000E1	-1.537390685E2
3.268000000E1	-1.560508883E2
3.272000000E1	-1.581585082E2
3.276000000E1	-1.602959399E2
3.280000000E1	-1.622116954E2
3.284000000E1	-1.635609750E2
3.288000000E1	-1.645286485E2
3.292000000E1	-1.650331378E2
3.296000000E1	-1.648345042E2
3.300000000E1	-1.644771975E2
3.304000000E1	-1.633345920E2
3.308000000E1	-1.611806572E2
3.312000000E1	-1.581081349E2
3.316000000E1	-1.535316073E2
3.320000000E1	-1.481476198E2
3.324000000E1	-1.423936411E2
3.328000000E1	-1.366489460E2
3.332000000E1	-1.311746857E2
3.336000000E1	-1.259344293E2
3.340000000E1	-1.208210273E2
3.344000000E1	-1.165099157E2
3.348000000E1	-1.131140739E2
3.352000000E1	-1.110457977E2
3.356000000E1	-1.101242434E2
3.360000000E1	-1.100755763E2
3.364000000E1	-1.106090597E2
3.368000000E1	-1.117228627E2
3.372000000E1	-1.131312366E2
3.376000000E1	-1.129188284E2
3.380000000E1	-1.138851177E2
3.384000000E1	-1.146019931E2
3.388000000E1	-1.151241636E2
3.392000000E1	-1.153262765E2
3.396000000E1	-1.152710878E2
3.400000000E1	-1.152259535E2
3.404000000E1	-1.151954305E2
3.408000000E1	-1.153395992E2
3.412000000E1	-1.155783011E2
3.416000000E1	-1.157785818E2
3.420000000E1	-1.165649507E2
3.424000000E1	-1.177570476E2
3.428000000E1	-1.196970198E2
3.432000000E1	-1.228502615E2
3.436000000E1	-1.262076896E2
3.440000000E1	-1.298098803E2
3.444000000E1	-1.334481632E2
3.448000000E1	-1.369673016E2
3.452000000E1	-1.401528060E2
3.456000000E1	-1.433806316E2
3.460000000E1	-1.460256094E2
3.464000000E1	-1.485062945E2
3.468000000E1	-1.507474051E2
3.472000000E1	-1.528736795E2
3.476000000E1	-1.547241963E2
3.480000000E1	-1.568215811E2
3.484000000E1	-1.587898155E2
3.488000000E1	-1.608647578E2
3.492000000E1	-1.627402993E2
3.496000000E1	-1.639578972E2
3.500000000E1	-1.642246941E2
3.504000000E1	-1.645007720E2
3.508000000E1	-1.644649037E2
3.512000000E1	-1.642764583E2
3.516000000E1	-1.640398941E2
3.520000000E1	-1.633894407E2
3.524000000E1	-1.616574899E2
3.528000000E1	-1.587037899E2
3.532000000E1	-1.549979989E2
3.536000000E1	-1.502046561E2
3.540000000E1	-1.445870749E2
3.544000000E1	-1.391337101E2
3.548000000E1	-1.332494359E2
3.552000000E1	-1.277155415E2
3.556000000E1	-1.228759630E2
3.560000000E1	-1.182385151E2
3.564000000E1	-1.144951172E2
3.568000000E1	-1.122195909E2
3.572000000E1	-1.112977904E2
3.576000000E1	-1.117289827E2
3.580000000E1	-1.126508707E2
3.584000000E1	-1.129440102E2
3.588000000E1	-1.129057446E2
3.592000000E1	-1.132757467E2
3.596000000E1	-1.135089912E2
3.600000000E1	-1.134967563E2
3.604000000E1	-1.136762287E2
3.608000000E1	-1.141054634E2
3.612000000E1	-1.146904157E2
3.616000000E1	-1.155970431E2
3.620000000E1	-1.170777696E2
3.624000000E1	-1.193161380E2
3.628000000E1	-1.217022357E2
3.632000000E1	-1.246816249E2
3.636000000E1	-1.277522253E2
3.640000000E1	-1.312872663E2
3.644000000E1	-1.346240479E2
3.648000000E1	-1.377653718E2
3.652000000E1	-1.409651347E2
3.656000000E1	-1.438319706E2
3.660000000E1	-1.467893218E2
3.664000000E1	-1.501885711E2
3.668000000E1	-1.525596684E2
3.672000000E1	-1.549958891E2
3.676000000E1	-1.574196090E2
3.680000000E1	-1.594554432E2
3.684000000E1	-1.612272569E2
3.688000000E1	-1.624341767E2
3.692000000E1	-1.634018124E2
3.696000000E1	-1.638620835E2
3.700000000E1	-1.640367116E2
3.704000000E1	-1.641275932E2
3.708000000E1	-1.639896671E2
3.712000000E1	-1.632235285E2
3.716000000E1	-1.621800476E2
3.720000000E1	-1.597605038E2
3.724000000E1	-1.564481877E2
3.728000000E1	-1.522653779E2
3.732000000E1	-1.475795413E2
3.736000000E1	-1.428549698E2
3.740000000E1	-1.381708666E2
3.744000000E1	-1.334262060E2
3.748000000E1	-1.286693627E2
3.752000000E1	-1.239118828E2
3.756000000E1	-1.199245206E2
3.760000000E1	-1.157954024E2
3.764000000E1	-1.123907953E2
3.768000000E1	-1.096791470E2
3.772000000E1	-1.075871590E2
3.776000000E1	-1.074550218E2
3.780000000E1	-1.074405517E2
3.784000000E1	-1.078884118E2
3.788000000E1	-1.077976037E2
3.792000000E1	-1.085743418E2
3.796000000E1	-1.090513232E2
3.800000000E1	-1.094989202E2
3.804000000E1	-1.096903432E2
3.808000000E1	-1.097008863E2
3.812000000E1	-1.094936381E2
3.816000000E1	-1.094507893E2
3.820000000E1	-1.092852585E2
3.824000000E1	-1.091597601E2
3.828000000E1	-1.090262961E2
3.832000000E1	-1.089579744E2
3.836000000E1	-1.087730479E2
