
t/1	ANGLE/1
0.000000000E0	9.011693414E1
4.000000000E-2	9.011636594E1
8.000000000E-2	9.011493912E1
1.200000000E-1	9.003900479E1
1.600000000E-1	8.983525577E1
2.000000000E-1	8.963388087E1
2.400000000E-1	8.944000060E1
2.800000000E-1	8.940288807E1
3.200000000E-1	8.940362285E1
3.600000000E-1	8.939513318E1
4.000000000E-1	8.938734926E1
4.400000000E-1	8.932628215E1
4.800000000E-1	8.921222036E1
5.200000000E-1	8.911048452E1
5.600000000E-1	8.909054902E1
6.000000000E-1	8.906463288E1
6.400000000E-1	8.902735823E1
6.800000000E-1	8.896372417E1
7.200000000E-1	8.879312802E1
7.600000000E-1	8.866699041E1
8.000000000E-1	8.844436522E1
8.400000000E-1	8.804006065E1
8.800000000E-1	8.803196203E1
9.200000000E-1	8.797364566E1
9.600000000E-1	8.783215433E1
1.000000000E0	8.770938620E1
1.040000000E0	8.764526433E1
1.080000000E0	8.759210475E1
1.120000000E0	8.767053114E1
1.160000000E0	8.784411063E1
1.200000000E0	8.798707883E1
1.240000000E0	8.805103728E1
1.280000000E0	8.805430010E1
1.320000000E0	8.803583160E1
1.360000000E0	8.792378172E1
1.400000000E0	8.780698420E1
1.440000000E0	8.774501477E1
1.480000000E0	8.774093327E1
1.520000000E0	8.779069598E1
1.560000000E0	8.789651086E1
1.600000000E0	8.799851042E1
1.640000000E0	8.803497860E1
1.680000000E0	8.797649056E1
1.720000000E0	8.787892804E1
1.760000000E0	8.780037493E1
1.800000000E0	8.777253789E1
1.840000000E0	8.774384040E1
1.880000000E0	8.773240366E1
1.920000000E0	8.772814345E1
1.960000000E0	8.772296271E1
2.000000000E0	8.775075645E1
2.040000000E0	8.772834746E1
2.080000000E0	8.771989573E1
2.120000000E0	8.768977929E1
2.160000000E0	8.766149673E1
2.200000000E0	8.742539359E1
2.240000000E0	8.732974219E1
2.280000000E0	8.702234774E1
2.320000000E0	8.644340342E1
2.360000000E0	8.561164814E1
2.400000000E0	8.452446895E1
2.440000000E0	8.343051624E1
2.480000000E0	8.211062086E1
2.520000000E0	8.073042978E1
2.560000000E0	7.957403242E1
2.600000000E0	7.856559489E1
2.640000000E0	7.768172877E1
2.680000000E0	7.688978541E1
2.720000000E0	7.617988071E1
2.760000000E0	7.549618330E1
2.800000000E0	7.486703203E1
2.840000000E0	7.440959517E1
2.880000000E0	7.388277074E1
2.920000000E0	7.186236806E1
2.960000000E0	7.181129309E1
3.000000000E0	7.012112425E1
3.040000000E0	6.829503813E1
3.080000000E0	6.633830788E1
3.120000000E0	6.435662989E1
3.160000000E0	6.256303064E1
3.200000000E0	6.110522175E1
3.240000000E0	6.001634531E1
3.280000000E0	5.851022818E1
3.320000000E0	5.846717354E1
3.360000000E0	5.803353125E1
3.400000000E0	5.779064329E1
3.440000000E0	5.768786092E1
3.480000000E0	5.775986929E1
3.520000000E0	5.797976958E1
3.560000000E0	5.820196297E1
3.600000000E0	5.849795124E1
3.640000000E0	5.891358338E1
3.680000000E0	5.962461747E1
3.720000000E0	6.041362002E1
3.760000000E0	6.139196446E1
3.800000000E0	6.273131136E1
3.840000000E0	6.411257405E1
3.880000000E0	6.572486894E1
3.920000000E0	6.736928773E1
3.960000000E0	6.898467502E1
4.000000000E0	7.053821075E1
4.040000000E0	7.339934165E1
4.080000000E0	7.339830826E1
4.120000000E0	7.452745163E1
4.160000000E0	7.540159977E1
4.200000000E0	7.613441370E1
4.240000000E0	7.660510010E1
4.280000000E0	7.697022752E1
4.320000000E0	7.716447143E1
4.360000000E0	7.741522120E1
4.400000000E0	7.778334174E1
4.440000000E0	7.843226802E1
4.480000000E0	7.875726568E1
4.520000000E0	7.874067008E1
4.560000000E0	7.861830517E1
4.600000000E0	7.854629730E1
4.640000000E0	7.858327326E1
4.680000000E0	7.860318470E1
4.720000000E0	7.839223649E1
4.760000000E0	7.815045269E1
4.800000000E0	7.783525277E1
4.840000000E0	7.727302948E1
4.880000000E0	7.636902071E1
4.920000000E0	7.519130906E1
4.960000000E0	7.381007801E1
5.000000000E0	7.228119806E1
5.040000000E0	7.074263963E1
5.080000000E0	6.921330224E1
5.120000000E0	6.583524448E1
5.160000000E0	6.582335620E1
5.200000000E0	6.413149242E1
5.240000000E0	6.273421426E1
5.280000000E0	6.157934500E1
5.320000000E0	6.077676069E1
5.360000000E0	6.019686661E1
5.400000000E0	5.981011405E1
5.440000000E0	5.972128615E1
5.480000000E0	5.992924150E1
5.520000000E0	6.035653628E1
5.560000000E0	6.084898745E1
5.600000000E0	6.131432949E1
5.640000000E0	6.191135308E1
5.680000000E0	6.264972031E1
5.720000000E0	6.352742477E1
5.760000000E0	6.456552539E1
5.800000000E0	6.598734671E1
5.840000000E0	6.755418950E1
5.880000000E0	6.926240847E1
5.920000000E0	7.096533053E1
5.960000000E0	7.250089253E1
6.000000000E0	7.397567497E1
6.040000000E0	7.539688838E1
6.080000000E0	7.670466439E1
6.120000000E0	7.778352988E1
6.160000000E0	7.840974361E1
6.200000000E0	7.869794419E1
6.240000000E0	7.892475915E1
6.280000000E0	7.904416196E1
6.320000000E0	7.937645601E1
6.360000000E0	7.968286342E1
6.400000000E0	7.970570253E1
6.440000000E0	7.970647459E1
6.480000000E0	7.972046364E1
6.520000000E0	7.972911919E1
6.560000000E0	7.973048609E1
6.600000000E0	7.947645092E1
6.640000000E0	7.937511021E1
6.680000000E0	7.917477005E1
6.720000000E0	7.900996333E1
6.760000000E0	7.882695682E1
6.800000000E0	7.863933636E1
6.840000000E0	7.828924120E1
6.880000000E0	7.781861548E1
6.920000000E0	7.701861762E1
6.960000000E0	7.611091240E1
7.000000000E0	7.506199565E1
7.040000000E0	7.387214760E1
7.080000000E0	7.270404552E1
7.120000000E0	7.158493550E1
7.160000000E0	7.040195179E1
7.200000000E0	6.915640044E1
7.240000000E0	6.788118686E1
7.280000000E0	6.664732466E1
7.320000000E0	6.551740112E1
7.360000000E0	6.449859843E1
7.400000000E0	6.349214440E1
7.440000000E0	6.217759471E1
7.480000000E0	6.214656004E1
7.520000000E0	6.178253665E1
7.560000000E0	6.168657306E1
7.600000000E0	6.177879967E1
7.640000000E0	6.199498024E1
7.680000000E0	6.223858976E1
7.720000000E0	6.248801589E1
7.760000000E0	6.291937902E1
7.800000000E0	6.339801137E1
7.840000000E0	6.408450333E1
7.880000000E0	6.499718149E1
7.920000000E0	6.602148772E1
7.960000000E0	6.726871635E1
8.000000000E0	6.855611719E1
8.040000000E0	6.997457901E1
8.080000000E0	7.130445567E1
8.120000000E0	7.270876939E1
8.160000000E0	7.397094122E1
8.200000000E0	7.511483745E1
8.240000000E0	7.597932152E1
8.280000000E0	7.661007199E1
8.320000000E0	7.696151717E1
8.360000000E0	7.707883596E1
8.400000000E0	7.715840926E1
8.440000000E0	7.718557222E1
8.480000000E0	7.745966038E1
8.520000000E0	7.767396133E1
8.560000000E0	7.773067380E1
8.600000000E0	7.773645212E1
8.640000000E0	7.774821606E1
8.680000000E0	7.778941212E1
8.720000000E0	7.786206933E1
8.760000000E0	7.787174177E1
8.800000000E0	7.773911488E1
8.840000000E0	7.715801039E1
8.880000000E0	7.714960896E1
8.920000000E0	7.685999380E1
8.960000000E0	7.637551954E1
9.000000000E0	7.558652954E1
9.040000000E0	7.453524912E1
9.080000000E0	7.334243260E1
9.120000000E0	7.194493306E1
9.160000000E0	7.045763099E1
9.200000000E0	6.894166480E1
9.240000000E0	6.742566532E1
9.280000000E0	6.604431046E1
9.320000000E0	6.477466293E1
9.360000000E0	6.278419645E1
9.400000000E0	6.276358824E1
9.440000000E0	6.205445054E1
9.480000000E0	6.155194309E1
9.520000000E0	6.121172374E1
9.560000000E0	6.098789745E1
9.600000000E0	6.093143827E1
9.640000000E0	6.094740402E1
9.680000000E0	6.111447417E1
9.720000000E0	6.122193651E1
9.760000000E0	6.140783249E1
9.800000000E0	6.162794781E1
9.840000000E0	6.180699811E1
9.880000000E0	6.221932295E1
9.920000000E0	6.276153213E1
9.960000000E0	6.357750189E1
1.000000000E1	6.463526265E1
1.004000000E1	6.585279776E1
1.008000000E1	6.726136452E1
1.012000000E1	6.866668452E1
1.016000000E1	7.008584179E1
1.020000000E1	7.146241476E1
1.024000000E1	7.284922636E1
1.028000000E1	7.431233728E1
1.032000000E1	7.571657423E1
1.036000000E1	7.703206419E1
1.040000000E1	7.823384976E1
1.044000000E1	8.020403825E1
1.048000000E1	8.021559795E1
1.052000000E1	8.084465462E1
1.056000000E1	8.116295503E1
1.060000000E1	8.142549211E1
1.064000000E1	8.174881951E1
1.068000000E1	8.200906341E1
1.072000000E1	8.204589802E1
1.076000000E1	8.193682015E1
1.080000000E1	8.191410833E1
1.084000000E1	8.200846002E1
1.088000000E1	8.216252525E1
1.092000000E1	8.219299271E1
1.096000000E1	8.209835874E1
1.100000000E1	8.195211562E1
1.104000000E1	8.185193851E1
1.108000000E1	8.166654508E1
1.112000000E1	8.145313318E1
1.116000000E1	8.138064606E1
1.120000000E1	8.109535350E1
1.124000000E1	8.049268690E1
1.128000000E1	7.962909591E1
1.132000000E1	7.872638815E1
1.136000000E1	7.777223688E1
1.140000000E1	7.675490335E1
1.144000000E1	7.563664983E1
1.148000000E1	7.443964224E1
1.152000000E1	7.318929495E1
1.156000000E1	7.189120711E1
1.160000000E1	7.056315109E1
1.164000000E1	6.924683497E1
1.168000000E1	6.804273797E1
1.172000000E1	6.668362884E1
1.176000000E1	6.536763558E1
1.180000000E1	6.414109625E1
1.184000000E1	6.313324066E1
1.188000000E1	6.230523509E1
1.192000000E1	6.162696500E1
1.196000000E1	6.117729636E1
1.200000000E1	6.093350012E1
1.204000000E1	6.088817700E1
1.208000000E1	6.102739667E1
1.212000000E1	6.128504116E1
1.216000000E1	6.161892751E1
1.220000000E1	6.275206976E1
1.224000000E1	6.278259147E1
1.228000000E1	6.353772624E1
1.232000000E1	6.470479699E1
1.236000000E1	6.591457885E1
1.240000000E1	6.719405164E1
1.244000000E1	6.854380313E1
1.248000000E1	6.989748140E1
1.252000000E1	7.134764989E1
1.256000000E1	7.281191820E1
1.260000000E1	7.418713675E1
1.264000000E1	7.538430984E1
1.268000000E1	7.647292907E1
1.272000000E1	7.728307197E1
1.276000000E1	7.804546322E1
1.280000000E1	7.873114790E1
1.284000000E1	7.915354190E1
1.288000000E1	7.941486218E1
1.292000000E1	7.959957181E1
1.296000000E1	7.981257177E1
1.300000000E1	7.985105275E1
1.304000000E1	8.001132754E1
1.308000000E1	8.016713525E1
1.312000000E1	8.028608846E1
1.316000000E1	8.030617878E1
1.320000000E1	8.020431285E1
1.324000000E1	7.993513441E1
1.328000000E1	7.956561364E1
1.332000000E1	7.901811539E1
1.336000000E1	7.849954674E1
1.340000000E1	7.775014272E1
1.344000000E1	7.559468377E1
1.348000000E1	7.560817934E1
1.352000000E1	7.430735767E1
1.356000000E1	7.293499492E1
1.360000000E1	7.143018666E1
1.364000000E1	6.983415759E1
1.368000000E1	6.815477126E1
1.372000000E1	6.648789520E1
1.376000000E1	6.485462031E1
1.380000000E1	6.333023880E1
1.384000000E1	6.201511249E1
1.388000000E1	6.094490571E1
1.392000000E1	6.016583194E1
1.396000000E1	5.966823715E1
1.400000000E1	5.939712235E1
1.404000000E1	5.925161383E1
1.408000000E1	5.926356669E1
1.412000000E1	5.943568529E1
1.416000000E1	5.964481435E1
1.420000000E1	5.986030020E1
1.424000000E1	6.008051384E1
1.428000000E1	6.048807469E1
1.432000000E1	6.108796591E1
1.436000000E1	6.187266399E1
1.440000000E1	6.286985307E1
1.444000000E1	6.425488124E1
1.448000000E1	6.589136553E1
1.452000000E1	6.749556435E1
1.456000000E1	6.906586127E1
1.460000000E1	7.068653726E1
1.464000000E1	7.213858985E1
1.468000000E1	7.360986451E1
1.472000000E1	7.520581652E1
1.476000000E1	7.667738935E1
1.480000000E1	7.775922947E1
1.484000000E1	7.858692744E1
1.488000000E1	7.920273230E1
1.492000000E1	7.970268222E1
1.496000000E1	8.001424811E1
1.500000000E1	8.040010119E1
1.504000000E1	8.065933568E1
1.508000000E1	8.066548800E1
1.512000000E1	8.030363890E1
1.516000000E1	7.998271800E1
1.520000000E1	7.987506678E1
1.524000000E1	7.976765334E1
1.528000000E1	7.967294573E1
1.532000000E1	7.940771626E1
1.536000000E1	7.914265034E1
1.540000000E1	7.885684449E1
1.544000000E1	7.845323048E1
1.548000000E1	7.796380924E1
1.552000000E1	7.734588455E1
1.556000000E1	7.655327273E1
1.560000000E1	7.564884788E1
1.564000000E1	7.447814806E1
1.568000000E1	7.323382792E1
1.572000000E1	7.178589643E1
1.576000000E1	7.016078613E1
1.580000000E1	6.838552828E1
1.584000000E1	6.655264505E1
1.588000000E1	6.474949092E1
1.592000000E1	6.312274028E1
1.596000000E1	6.166828492E1
1.600000000E1	6.049352508E1
1.604000000E1	5.956389859E1
1.608000000E1	5.891066437E1
1.612000000E1	5.849840836E1
1.616000000E1	5.826457511E1
1.620000000E1	5.820957350E1
1.624000000E1	5.825711645E1
1.628000000E1	5.841765925E1
1.632000000E1	5.878288900E1
1.636000000E1	5.924140819E1
1.640000000E1	5.994550879E1
1.644000000E1	6.090609088E1
1.648000000E1	6.206726111E1
1.652000000E1	6.353127903E1
1.656000000E1	6.507794722E1
1.660000000E1	6.688262145E1
1.664000000E1	6.858193803E1
1.668000000E1	7.028946284E1
1.672000000E1	7.202997308E1
1.676000000E1	7.362699640E1
1.680000000E1	7.491700743E1
1.684000000E1	7.591217021E1
1.688000000E1	7.666651921E1
1.692000000E1	7.735875568E1
1.696000000E1	7.802307555E1
1.700000000E1	7.844851134E1
1.704000000E1	7.880120349E1
1.708000000E1	7.918728385E1
1.712000000E1	7.936392205E1
1.716000000E1	7.937885389E1
1.720000000E1	7.937725373E1
1.724000000E1	7.941994369E1
1.728000000E1	7.953280739E1
1.732000000E1	7.946675490E1
1.736000000E1	7.917197577E1
1.740000000E1	7.883943177E1
1.744000000E1	7.800473999E1
1.748000000E1	7.797612969E1
1.752000000E1	7.729059276E1
1.756000000E1	7.633356432E1
1.760000000E1	7.537105680E1
1.764000000E1	7.430105728E1
1.768000000E1	7.319381390E1
1.772000000E1	7.200592838E1
1.776000000E1	7.071728540E1
1.780000000E1	6.934553322E1
1.784000000E1	6.799456620E1
1.788000000E1	6.657580825E1
1.792000000E1	6.513581709E1
1.796000000E1	6.376606110E1
1.800000000E1	6.250813514E1
1.804000000E1	6.143778033E1
1.808000000E1	6.055553094E1
1.812000000E1	5.983586008E1
1.816000000E1	5.918065872E1
1.820000000E1	5.867669217E1
1.824000000E1	5.826305708E1
1.828000000E1	5.792155702E1
1.832000000E1	5.753623239E1
1.836000000E1	5.732242836E1
1.840000000E1	5.723522592E1
1.844000000E1	5.735942697E1
1.848000000E1	5.765942744E1
1.852000000E1	5.807491914E1
1.856000000E1	5.867327577E1
1.860000000E1	5.950668899E1
1.864000000E1	6.054807327E1
1.868000000E1	6.188959807E1
1.872000000E1	6.326283066E1
1.876000000E1	6.476046325E1
1.880000000E1	6.619360629E1
1.884000000E1	6.761750561E1
1.888000000E1	6.911532855E1
1.892000000E1	7.055604038E1
1.896000000E1	7.194190423E1
1.900000000E1	7.308650669E1
1.904000000E1	7.412545465E1
1.908000000E1	7.501849349E1
1.912000000E1	7.571714207E1
1.916000000E1	7.612170700E1
1.920000000E1	7.613100559E1
1.924000000E1	7.596056706E1
1.928000000E1	7.577375468E1
1.932000000E1	7.564804533E1
1.936000000E1	7.549197188E1
1.940000000E1	7.539413194E1
1.944000000E1	7.538872654E1
1.948000000E1	7.538506257E1
1.952000000E1	7.537452809E1
1.956000000E1	7.536310034E1
1.960000000E1	7.535197269E1
1.964000000E1	7.535733351E1
1.968000000E1	7.523069350E1
1.972000000E1	7.520401508E1
1.976000000E1	7.493124834E1
1.980000000E1	7.465626998E1
1.984000000E1	7.416586235E1
1.988000000E1	7.364461713E1
1.992000000E1	7.300328382E1
1.996000000E1	7.232515463E1
2.000000000E1	7.148888155E1
2.004000000E1	7.058689314E1
2.008000000E1	6.952672971E1
2.012000000E1	6.838825503E1
2.016000000E1	6.703016393E1
2.020000000E1	6.557451186E1
2.024000000E1	6.410106261E1
2.028000000E1	6.256983075E1
2.032000000E1	6.112650793E1
2.036000000E1	5.986682689E1
2.040000000E1	5.875225812E1
2.044000000E1	5.790282143E1
2.048000000E1	5.730899514E1
2.052000000E1	5.687789412E1
2.056000000E1	5.658252368E1
2.060000000E1	5.644533032E1
2.064000000E1	5.639978305E1
2.068000000E1	5.658937435E1
2.072000000E1	5.681196528E1
2.076000000E1	5.718350490E1
2.080000000E1	5.762940195E1
2.084000000E1	5.820498195E1
2.088000000E1	5.899568537E1
2.092000000E1	5.992512335E1
2.096000000E1	6.108861019E1
2.100000000E1	6.247553469E1
2.104000000E1	6.403746556E1
2.108000000E1	6.571781119E1
2.112000000E1	6.732871354E1
2.116000000E1	6.907488119E1
2.120000000E1	7.081048508E1
2.124000000E1	7.253566213E1
2.128000000E1	7.421176252E1
2.132000000E1	7.552296058E1
2.136000000E1	7.661796344E1
2.140000000E1	7.765307544E1
2.144000000E1	7.852829195E1
2.148000000E1	7.996928714E1
2.152000000E1	8.000667549E1
2.156000000E1	8.054502360E1
2.160000000E1	8.078813275E1
2.164000000E1	8.074130485E1
2.168000000E1	8.046591061E1
2.172000000E1	8.039153783E1
2.176000000E1	8.017918636E1
2.180000000E1	8.011800169E1
2.184000000E1	7.985958305E1
2.188000000E1	7.953389782E1
2.192000000E1	7.896639769E1
2.196000000E1	7.832790582E1
2.200000000E1	7.741701014E1
2.204000000E1	7.623451117E1
2.208000000E1	7.494206962E1
2.212000000E1	7.352487441E1
2.216000000E1	7.203663442E1
2.220000000E1	7.058621093E1
2.224000000E1	6.905338703E1
2.228000000E1	6.750904388E1
2.232000000E1	6.588291391E1
2.236000000E1	6.432711248E1
2.240000000E1	6.282995312E1
2.244000000E1	6.156347024E1
2.248000000E1	6.046344775E1
2.252000000E1	5.959795820E1
2.256000000E1	5.894472362E1
2.260000000E1	5.845650762E1
2.264000000E1	5.818197288E1
2.268000000E1	5.798715604E1
2.272000000E1	5.794150347E1
2.276000000E1	5.805486252E1
2.280000000E1	5.820475056E1
2.284000000E1	5.841071255E1
2.288000000E1	5.873352846E1
2.292000000E1	5.903139724E1
2.296000000E1	5.951574611E1
2.300000000E1	6.020089831E1
2.304000000E1	6.102232382E1
2.308000000E1	6.222607321E1
2.312000000E1	6.350025183E1
2.316000000E1	6.495503682E1
2.320000000E1	6.649411216E1
2.324000000E1	6.812617079E1
2.328000000E1	6.983612114E1
2.332000000E1	7.145587821E1
2.336000000E1	7.274958799E1
2.340000000E1	7.371052565E1
2.344000000E1	7.434758068E1
2.348000000E1	7.485871122E1
2.352000000E1	7.522877683E1
2.356000000E1	7.547069521E1
2.360000000E1	7.553714630E1
2.364000000E1	7.563219203E1
2.368000000E1	7.564218614E1
2.372000000E1	7.557237329E1
2.376000000E1	7.536018025E1
2.380000000E1	7.524526921E1
2.384000000E1	7.506569672E1
2.388000000E1	7.496401806E1
2.392000000E1	7.477939987E1
2.396000000E1	7.421945401E1
2.400000000E1	7.361407258E1
2.404000000E1	7.288630401E1
2.408000000E1	7.210337924E1
2.412000000E1	7.123661683E1
2.416000000E1	7.031694613E1
2.420000000E1	6.922152177E1
2.424000000E1	6.804141126E1
2.428000000E1	6.673600190E1
2.432000000E1	6.533603407E1
2.436000000E1	6.391637388E1
2.440000000E1	6.247234035E1
2.444000000E1	6.117843081E1
2.448000000E1	6.005608111E1
2.452000000E1	5.916028047E1
2.456000000E1	5.856170398E1
2.460000000E1	5.818291451E1
2.464000000E1	5.787634508E1
2.468000000E1	5.771464085E1
2.472000000E1	5.769200062E1
2.476000000E1	5.775559055E1
2.480000000E1	5.797567496E1
2.484000000E1	5.835175209E1
2.488000000E1	5.884766792E1
2.492000000E1	5.952712308E1
2.496000000E1	6.039077326E1
2.500000000E1	6.148185313E1
2.504000000E1	6.274377198E1
2.508000000E1	6.413409292E1
2.512000000E1	6.555223321E1
2.516000000E1	6.719895278E1
2.520000000E1	6.885108556E1
2.524000000E1	7.045995926E1
2.528000000E1	7.203694941E1
2.532000000E1	7.337670057E1
2.536000000E1	7.450958340E1
2.540000000E1	7.543597105E1
2.544000000E1	7.609989303E1
2.548000000E1	7.671791182E1
2.552000000E1	7.731654968E1
2.556000000E1	7.778967262E1
2.560000000E1	7.815305769E1
2.564000000E1	7.823721400E1
2.568000000E1	7.822380520E1
2.572000000E1	7.823040409E1
2.576000000E1	7.828486932E1
2.580000000E1	7.850635907E1
2.584000000E1	7.855719566E1
2.588000000E1	7.856670469E1
2.592000000E1	7.847029343E1
2.596000000E1	7.823790911E1
2.600000000E1	7.772567959E1
2.604000000E1	7.720505067E1
2.608000000E1	7.660916293E1
2.612000000E1	7.583405418E1
2.616000000E1	7.479485427E1
2.620000000E1	7.353521760E1
2.624000000E1	7.215884677E1
2.628000000E1	7.061741319E1
2.632000000E1	6.908777258E1
2.636000000E1	6.751977887E1
2.640000000E1	6.587043870E1
2.644000000E1	6.408359929E1
2.648000000E1	6.239624311E1
2.652000000E1	6.079990637E1
2.656000000E1	5.937632062E1
2.660000000E1	5.817302058E1
2.664000000E1	5.721494445E1
2.668000000E1	5.654412167E1
2.672000000E1	5.603973262E1
2.676000000E1	5.571241447E1
2.680000000E1	5.557251659E1
2.684000000E1	5.562057447E1
2.688000000E1	5.580678147E1
2.692000000E1	5.615084294E1
2.696000000E1	5.650122526E1
2.700000000E1	5.705687550E1
2.704000000E1	5.771330964E1
2.708000000E1	5.848348040E1
2.712000000E1	5.946017195E1
2.716000000E1	6.070391070E1
2.720000000E1	6.197572388E1
2.724000000E1	6.349091705E1
2.728000000E1	6.501677792E1
2.732000000E1	6.659446810E1
2.736000000E1	6.815861144E1
2.740000000E1	6.979052224E1
2.744000000E1	7.244709438E1
2.748000000E1	7.242017697E1
2.752000000E1	7.340786477E1
2.756000000E1	7.410266836E1
2.760000000E1	7.464423127E1
2.764000000E1	7.497496992E1
2.768000000E1	7.504792928E1
2.772000000E1	7.497472670E1
2.776000000E1	7.493745873E1
2.780000000E1	7.519271839E1
2.784000000E1	7.533054582E1
2.788000000E1	7.533432851E1
2.792000000E1	7.540433748E1
2.796000000E1	7.561037128E1
2.800000000E1	7.560605538E1
2.804000000E1	7.541643841E1
2.808000000E1	7.513121377E1
2.812000000E1	7.478511804E1
2.816000000E1	7.446554701E1
2.820000000E1	7.390655395E1
2.824000000E1	7.308420261E1
2.828000000E1	7.195964645E1
2.832000000E1	7.076467282E1
2.836000000E1	6.943647754E1
2.840000000E1	6.808505476E1
2.844000000E1	6.666218576E1
2.848000000E1	6.529874458E1
2.852000000E1	6.389198730E1
2.856000000E1	6.257958115E1
2.860000000E1	6.129140706E1
2.864000000E1	6.010195472E1
2.868000000E1	5.898496271E1
2.872000000E1	5.804256646E1
2.876000000E1	5.729164978E1
2.880000000E1	5.678568346E1
2.884000000E1	5.647163707E1
2.888000000E1	5.625724861E1
2.892000000E1	5.622374477E1
2.896000000E1	5.626539065E1
2.900000000E1	5.637408454E1
2.904000000E1	5.661539507E1
2.908000000E1	5.698695493E1
2.912000000E1	5.724350462E1
2.916000000E1	5.766717485E1
2.920000000E1	5.833526973E1
2.924000000E1	5.933508547E1
2.928000000E1	6.049081355E1
2.932000000E1	6.191787953E1
2.936000000E1	6.347506717E1
2.940000000E1	6.519428632E1
2.944000000E1	6.711055985E1
2.948000000E1	6.896503637E1
2.952000000E1	7.075541982E1
2.956000000E1	7.228110340E1
2.960000000E1	7.493528514E1
2.964000000E1	7.495948004E1
2.968000000E1	7.591697789E1
2.972000000E1	7.647037914E1
2.976000000E1	7.674227022E1
2.980000000E1	7.690550469E1
2.984000000E1	7.728417037E1
2.988000000E1	7.750616299E1
2.992000000E1	7.741769744E1
2.996000000E1	7.724259652E1
3.000000000E1	7.713186378E1
3.004000000E1	7.716433032E1
3.008000000E1	7.693988839E1
3.012000000E1	7.666564068E1
3.016000000E1	7.637372634E1
3.020000000E1	7.597352969E1
3.024000000E1	7.531465485E1
3.028000000E1	7.443197827E1
3.032000000E1	7.327992428E1
3.036000000E1	7.206049244E1
3.040000000E1	7.074753287E1
3.044000000E1	6.930250935E1
3.048000000E1	6.765605963E1
3.052000000E1	6.590257739E1
3.056000000E1	6.413728952E1
3.060000000E1	6.235172314E1
3.064000000E1	6.069458585E1
3.068000000E1	5.918175092E1
3.072000000E1	5.785544550E1
3.076000000E1	5.682185042E1
3.080000000E1	5.606116246E1
3.084000000E1	5.560563965E1
3.088000000E1	5.529881207E1
3.092000000E1	5.518426744E1
3.096000000E1	5.520696741E1
3.100000000E1	5.540867546E1
3.104000000E1	5.569575198E1
3.108000000E1	5.610397865E1
3.112000000E1	5.656359259E1
3.116000000E1	5.709719990E1
3.120000000E1	5.779884468E1
3.124000000E1	5.878450457E1
3.128000000E1	5.993063718E1
3.132000000E1	6.125880824E1
3.136000000E1	6.264147978E1
3.140000000E1	6.422768648E1
3.144000000E1	6.579895672E1
3.148000000E1	6.739945903E1
3.152000000E1	6.925390889E1
3.156000000E1	7.085511250E1
3.160000000E1	7.218422017E1
3.164000000E1	7.345711519E1
3.168000000E1	7.453777834E1
3.172000000E1	7.532786779E1
3.176000000E1	7.605751621E1
3.180000000E1	7.670367661E1
3.184000000E1	7.714998740E1
3.188000000E1	7.733640486E1
3.192000000E1	7.724776663E1
3.196000000E1	7.705129789E1
3.200000000E1	7.699272442E1
3.204000000E1	7.702561526E1
3.208000000E1	7.700254348E1
3.212000000E1	7.680252629E1
3.216000000E1	7.656987022E1
3.220000000E1	7.627933483E1
3.224000000E1	7.601414149E1
3.228000000E1	7.542899273E1
3.232000000E1	7.475834558E1
3.236000000E1	7.366751832E1
3.240000000E1	7.238944946E1
3.244000000E1	7.085616644E1
3.248000000E1	6.930667783E1
3.252000000E1	6.770433242E1
3.256000000E1	6.613246009E1
3.260000000E1	6.457223173E1
3.264000000E1	6.298799263E1
3.268000000E1	6.147625790E1
3.272000000E1	6.012402970E1
3.276000000E1	5.898126376E1
3.280000000E1	5.806086759E1
3.284000000E1	5.743128816E1
3.288000000E1	5.699072949E1
3.292000000E1	5.669096540E1
3.296000000E1	5.657556651E1
3.300000000E1	5.667198775E1
3.304000000E1	5.698644303E1
3.308000000E1	5.742360229E1
3.312000000E1	5.814510693E1
3.316000000E1	5.901879673E1
3.320000000E1	6.000394597E1
3.324000000E1	6.146034246E1
3.328000000E1	6.322082696E1
3.332000000E1	6.517817717E1
3.336000000E1	6.710495063E1
3.340000000E1	6.874832982E1
3.344000000E1	7.010167259E1
3.348000000E1	7.128394190E1
3.352000000E1	7.223116110E1
3.356000000E1	7.294653172E1
3.360000000E1	7.346868256E1
3.364000000E1	7.374347522E1
3.368000000E1	7.379122608E1
3.372000000E1	7.380001825E1
3.376000000E1	7.392312955E1
3.380000000E1	7.416277084E1
3.384000000E1	7.450639689E1
3.388000000E1	7.452946545E1
3.392000000E1	7.438814451E1
3.396000000E1	7.433539368E1
3.400000000E1	7.430033280E1
3.404000000E1	7.430354385E1
3.408000000E1	7.428575108E1
3.412000000E1	7.427100492E1
3.416000000E1	7.405281598E1
3.420000000E1	7.375412678E1
3.424000000E1	7.353092635E1
3.428000000E1	7.324456868E1
3.432000000E1	7.299029350E1
3.436000000E1	7.251775635E1
3.440000000E1	7.197029844E1
3.444000000E1	7.124816284E1
3.448000000E1	7.041517736E1
3.452000000E1	6.943748788E1
3.456000000E1	6.837299066E1
3.460000000E1	6.715107529E1
3.464000000E1	6.564587484E1
3.468000000E1	6.407014371E1
3.472000000E1	6.250023732E1
3.476000000E1	6.097773538E1
3.480000000E1	5.960808203E1
3.484000000E1	5.844348723E1
3.488000000E1	5.745701241E1
3.492000000E1	5.675245385E1
3.496000000E1	5.629779182E1
3.500000000E1	5.602176495E1
3.504000000E1	5.573679094E1
3.508000000E1	5.571247544E1
3.512000000E1	5.569246047E1
3.516000000E1	5.580587604E1
3.520000000E1	5.613056945E1
3.524000000E1	5.654799510E1
3.528000000E1	5.706232341E1
3.532000000E1	5.780702935E1
3.536000000E1	5.873584735E1
3.540000000E1	5.983072797E1
3.544000000E1	6.103638910E1
3.548000000E1	6.245169311E1
3.552000000E1	6.395837417E1
3.556000000E1	6.562650511E1
3.560000000E1	6.739940706E1
3.564000000E1	6.909184184E1
3.568000000E1	7.054340580E1
3.572000000E1	7.185918770E1
3.576000000E1	7.286871487E1
3.580000000E1	7.355024656E1
3.584000000E1	7.424843949E1
3.588000000E1	7.420843780E1
3.592000000E1	7.440464412E1
3.596000000E1	7.430392893E1
3.600000000E1	7.407158946E1
3.604000000E1	7.408026228E1
3.608000000E1	7.417995712E1
3.612000000E1	7.424849938E1
3.616000000E1	7.424540998E1
3.620000000E1	7.403020466E1
3.624000000E1	7.378619640E1
3.628000000E1	7.354509219E1
3.632000000E1	7.308352630E1
3.636000000E1	7.246280816E1
3.640000000E1	7.163403746E1
3.644000000E1	7.053588817E1
3.648000000E1	6.939952666E1
3.652000000E1	6.814277556E1
3.656000000E1	6.672596783E1
3.660000000E1	6.520618531E1
3.664000000E1	6.370523147E1
3.668000000E1	6.207649718E1
3.672000000E1	6.057667148E1
3.676000000E1	5.920389890E1
3.680000000E1	5.800328061E1
3.684000000E1	5.697445073E1
3.688000000E1	5.622183232E1
3.692000000E1	5.568891837E1
3.696000000E1	5.538829966E1
3.700000000E1	5.514911133E1
3.704000000E1	5.506606492E1
3.708000000E1	5.516964299E1
3.712000000E1	5.534971445E1
3.716000000E1	5.567090620E1
3.720000000E1	5.615046214E1
3.724000000E1	5.672962496E1
3.728000000E1	5.765239169E1
3.732000000E1	5.865600117E1
3.736000000E1	5.995026680E1
3.740000000E1	6.140776910E1
3.744000000E1	6.298628293E1
3.748000000E1	6.453793259E1
3.752000000E1	6.621160289E1
3.756000000E1	6.797219838E1
3.760000000E1	6.948499436E1
3.764000000E1	7.090650208E1
3.768000000E1	7.217951062E1
3.772000000E1	7.340720417E1
3.776000000E1	7.536170278E1
3.780000000E1	7.529499566E1
3.784000000E1	7.587428009E1
3.788000000E1	7.645464990E1
3.792000000E1	7.707708932E1
3.796000000E1	7.745199558E1
3.800000000E1	7.759039151E1
3.804000000E1	7.766239663E1
3.808000000E1	7.779259503E1
3.812000000E1	7.797139725E1
3.816000000E1	7.819340325E1
3.820000000E1	7.830641950E1
3.824000000E1	7.829864649E1
3.828000000E1	7.826485736E1
3.832000000E1	7.819763773E1
3.836000000E1	7.799367362E1
