
t/1	ANGLE/1
0.000000000E0	-6.915505869E1
4.000000000E-2	-6.927151008E1
8.000000000E-2	-6.953358818E1
1.200000000E-1	-6.973764233E1
1.600000000E-1	-6.993435945E1
2.000000000E-1	-7.018064390E1
2.400000000E-1	-7.038822516E1
2.800000000E-1	-7.059423438E1
3.200000000E-1	-7.075388453E1
3.600000000E-1	-7.071518087E1
4.000000000E-1	-7.080263416E1
4.400000000E-1	-7.070855919E1
4.800000000E-1	-7.031358941E1
5.200000000E-1	-6.968006409E1
5.600000000E-1	-6.933878919E1
6.000000000E-1	-6.906987273E1
6.400000000E-1	-6.882774272E1
6.800000000E-1	-6.883114339E1
7.200000000E-1	-6.886116332E1
7.600000000E-1	-6.880389930E1
8.000000000E-1	-6.883157094E1
8.400000000E-1	-6.892260063E1
8.800000000E-1	-6.902366191E1
9.200000000E-1	-6.897696258E1
9.600000000E-1	-6.897087756E1
1.000000000E0	-6.886246597E1
1.040000000E0	-6.880966655E1
1.080000000E0	-6.872616366E1
1.120000000E0	-6.860552994E1
1.160000000E0	-6.861206091E1
1.200000000E0	-6.872258976E1
1.240000000E0	-6.870681788E1
1.280000000E0	-6.876684211E1
1.320000000E0	-6.885916179E1
1.360000000E0	-6.896798641E1
1.400000000E0	-6.899536343E1
1.440000000E0	-6.907032299E1
1.480000000E0	-6.922531996E1
1.520000000E0	-6.949666205E1
1.560000000E0	-7.022936518E1
1.600000000E0	-7.187532734E1
1.640000000E0	-7.514742350E1
1.680000000E0	-8.057190883E1
1.720000000E0	-8.789129992E1
1.760000000E0	-9.676894409E1
1.800000000E0	-1.063343574E2
1.840000000E0	-1.162463597E2
1.880000000E0	-1.258202073E2
1.920000000E0	-1.336632424E2
1.960000000E0	-1.403129120E2
2.000000000E0	-1.454435148E2
2.040000000E0	-1.489981354E2
2.080000000E0	-1.514139871E2
2.120000000E0	-1.525313250E2
2.160000000E0	-1.531338491E2
2.200000000E0	-1.538219540E2
2.240000000E0	-1.542851255E2
2.280000000E0	-1.545486252E2
2.320000000E0	-1.541818084E2
2.360000000E0	-1.533670256E2
2.400000000E0	-1.523282964E2
2.440000000E0	-1.512386921E2
2.480000000E0	-1.497827733E2
2.520000000E0	-1.484770123E2
2.560000000E0	-1.465806911E2
2.600000000E0	-1.450178331E2
2.640000000E0	-1.430932307E2
2.680000000E0	-1.412849610E2
2.720000000E0	-1.396423588E2
2.760000000E0	-1.378228247E2
2.800000000E0	-1.362319645E2
2.840000000E0	-1.347310944E2
2.880000000E0	-1.331116898E2
2.920000000E0	-1.318905704E2
2.960000000E0	-1.307109055E2
3.000000000E0	-1.295153267E2
3.040000000E0	-1.284238695E2
3.080000000E0	-1.273867692E2
3.120000000E0	-1.267488436E2
3.160000000E0	-1.264833836E2
3.200000000E0	-1.264164758E2
3.240000000E0	-1.263574177E2
3.280000000E0	-1.260035315E2
3.320000000E0	-1.255030911E2
3.360000000E0	-1.250338551E2
3.400000000E0	-1.249025167E2
3.440000000E0	-1.248937278E2
3.480000000E0	-1.248490848E2
3.520000000E0	-1.245747680E2
3.560000000E0	-1.243213666E2
3.600000000E0	-1.241439770E2
3.640000000E0	-1.239326419E2
3.680000000E0	-1.232992606E2
3.720000000E0	-1.228130819E2
3.760000000E0	-1.221951789E2
3.800000000E0	-1.213797167E2
3.840000000E0	-1.206121574E2
3.880000000E0	-1.196801039E2
3.920000000E0	-1.188651236E2
3.960000000E0	-1.182522113E2
4.000000000E0	-1.177567591E2
4.040000000E0	-1.174591235E2
4.080000000E0	-1.174661736E2
4.120000000E0	-1.180457921E2
4.160000000E0	-1.194985463E2
4.200000000E0	-1.217396896E2
4.240000000E0	-1.245596458E2
4.280000000E0	-1.279771601E2
4.320000000E0	-1.319677559E2
4.360000000E0	-1.363714579E2
4.400000000E0	-1.407720883E2
4.440000000E0	-1.448163913E2
4.480000000E0	-1.485224110E2
4.520000000E0	-1.516125104E2
4.560000000E0	-1.540455930E2
4.600000000E0	-1.552947086E2
4.640000000E0	-1.556946089E2
4.680000000E0	-1.558562116E2
4.720000000E0	-1.558838253E2
4.760000000E0	-1.559535285E2
4.800000000E0	-1.561306628E2
4.840000000E0	-1.558015035E2
4.880000000E0	-1.546853003E2
4.920000000E0	-1.533224250E2
4.960000000E0	-1.518537419E2
5.000000000E0	-1.502152836E2
5.040000000E0	-1.486326182E2
5.080000000E0	-1.469701344E2
5.120000000E0	-1.454684931E2
5.160000000E0	-1.436822521E2
5.200000000E0	-1.421749041E2
5.240000000E0	-1.405769502E2
5.280000000E0	-1.394069442E2
5.320000000E0	-1.381855717E2
5.360000000E0	-1.367802427E2
5.400000000E0	-1.353384692E2
5.440000000E0	-1.338638564E2
5.480000000E0	-1.327529525E2
5.520000000E0	-1.317430265E2
5.560000000E0	-1.302591380E2
5.600000000E0	-1.289897850E2
5.640000000E0	-1.280362369E2
5.680000000E0	-1.273637359E2
5.720000000E0	-1.274089317E2
5.760000000E0	-1.277715410E2
5.800000000E0	-1.278141145E2
5.840000000E0	-1.278038561E2
5.880000000E0	-1.278005931E2
5.920000000E0	-1.276058220E2
5.960000000E0	-1.273680656E2
6.000000000E0	-1.271556188E2
6.040000000E0	-1.269400813E2
6.080000000E0	-1.267936188E2
6.120000000E0	-1.266439917E2
6.160000000E0	-1.265669868E2
6.200000000E0	-1.263620362E2
6.240000000E0	-1.258510351E2
6.280000000E0	-1.251488634E2
6.320000000E0	-1.244136039E2
6.360000000E0	-1.237204460E2
6.400000000E0	-1.233771929E2
6.440000000E0	-1.233167978E2
6.480000000E0	-1.235896662E2
6.520000000E0	-1.243941947E2
6.560000000E0	-1.255720523E2
6.600000000E0	-1.271601702E2
6.640000000E0	-1.290936864E2
6.680000000E0	-1.311070121E2
6.720000000E0	-1.333222258E2
6.760000000E0	-1.361007664E2
6.800000000E0	-1.386616722E2
6.840000000E0	-1.412729169E2
6.880000000E0	-1.437099133E2
6.920000000E0	-1.460207691E2
6.960000000E0	-1.483884763E2
7.000000000E0	-1.503811068E2
7.040000000E0	-1.520259427E2
7.080000000E0	-1.533655867E2
7.120000000E0	-1.544412611E2
7.160000000E0	-1.551280939E2
7.200000000E0	-1.555532937E2
7.240000000E0	-1.554438879E2
7.280000000E0	-1.553417885E2
7.320000000E0	-1.551078459E2
7.360000000E0	-1.542055460E2
7.400000000E0	-1.535372060E2
7.440000000E0	-1.525681926E2
7.480000000E0	-1.513657073E2
7.520000000E0	-1.497283620E2
7.560000000E0	-1.477436512E2
7.600000000E0	-1.455645117E2
7.640000000E0	-1.436936373E2
7.680000000E0	-1.416395479E2
7.720000000E0	-1.396797647E2
7.760000000E0	-1.379133992E2
7.800000000E0	-1.352526219E2
7.840000000E0	-1.330447508E2
7.880000000E0	-1.311494542E2
7.920000000E0	-1.296296352E2
7.960000000E0	-1.282496345E2
8.000000000E0	-1.273021487E2
8.040000000E0	-1.266822159E2
8.080000000E0	-1.264943010E2
8.120000000E0	-1.265734828E2
8.160000000E0	-1.264723809E2
8.200000000E0	-1.262068757E2
8.240000000E0	-1.259086004E2
8.280000000E0	-1.255665215E2
8.320000000E0	-1.248738525E2
8.360000000E0	-1.240633952E2
8.400000000E0	-1.229304754E2
8.440000000E0	-1.216011528E2
8.480000000E0	-1.200611501E2
8.520000000E0	-1.185706400E2
8.560000000E0	-1.171029697E2
8.600000000E0	-1.156848372E2
8.640000000E0	-1.145224415E2
8.680000000E0	-1.133992933E2
8.720000000E0	-1.122039649E2
8.760000000E0	-1.113847353E2
8.800000000E0	-1.106733097E2
8.840000000E0	-1.101596232E2
8.880000000E0	-1.098989584E2
8.920000000E0	-1.096702497E2
8.960000000E0	-1.093795865E2
9.000000000E0	-1.092092080E2
9.040000000E0	-1.089622371E2
9.080000000E0	-1.086359978E2
9.120000000E0	-1.085872912E2
9.160000000E0	-1.084521590E2
9.200000000E0	-1.085879725E2
9.240000000E0	-1.088239375E2
9.280000000E0	-1.093512880E2
9.320000000E0	-1.101397492E2
9.360000000E0	-1.115627443E2
9.400000000E0	-1.135533056E2
9.440000000E0	-1.162761404E2
9.480000000E0	-1.193558741E2
9.520000000E0	-1.230583526E2
9.560000000E0	-1.271890905E2
9.600000000E0	-1.314844299E2
9.640000000E0	-1.358271387E2
9.680000000E0	-1.400416581E2
9.720000000E0	-1.435946875E2
9.760000000E0	-1.465383300E2
9.800000000E0	-1.489420180E2
9.840000000E0	-1.508583589E2
9.880000000E0	-1.521345880E2
9.920000000E0	-1.532653688E2
9.960000000E0	-1.540217440E2
1.000000000E1	-1.542329872E2
1.004000000E1	-1.542923313E2
1.008000000E1	-1.538667656E2
1.012000000E1	-1.525715938E2
1.016000000E1	-1.509298841E2
1.020000000E1	-1.487937467E2
1.024000000E1	-1.463792236E2
1.028000000E1	-1.440016718E2
1.032000000E1	-1.418197802E2
1.036000000E1	-1.397407469E2
1.040000000E1	-1.376404494E2
1.044000000E1	-1.358722882E2
1.048000000E1	-1.343977837E2
1.052000000E1	-1.326764867E2
1.056000000E1	-1.311198978E2
1.060000000E1	-1.301502485E2
1.064000000E1	-1.293334851E2
1.068000000E1	-1.287512003E2
1.072000000E1	-1.286368176E2
1.076000000E1	-1.286546812E2
1.080000000E1	-1.292638337E2
1.084000000E1	-1.297296933E2
1.088000000E1	-1.300750417E2
1.092000000E1	-1.303112909E2
1.096000000E1	-1.306888478E2
1.100000000E1	-1.309191834E2
1.104000000E1	-1.312584812E2
1.108000000E1	-1.313388967E2
1.112000000E1	-1.311617373E2
1.116000000E1	-1.308520524E2
1.120000000E1	-1.308198533E2
1.124000000E1	-1.308489714E2
1.128000000E1	-1.308535848E2
1.132000000E1	-1.306523595E2
1.136000000E1	-1.304505439E2
1.140000000E1	-1.300351294E2
1.144000000E1	-1.294362882E2
1.148000000E1	-1.289495357E2
1.152000000E1	-1.283067174E2
1.156000000E1	-1.280305210E2
1.160000000E1	-1.280325281E2
1.164000000E1	-1.283547691E2
1.168000000E1	-1.290312714E2
1.172000000E1	-1.301151358E2
1.176000000E1	-1.316004857E2
1.180000000E1	-1.336227566E2
1.184000000E1	-1.359913686E2
1.188000000E1	-1.385822218E2
1.192000000E1	-1.412493956E2
1.196000000E1	-1.437937145E2
1.200000000E1	-1.461167062E2
1.204000000E1	-1.481409238E2
1.208000000E1	-1.498982247E2
1.212000000E1	-1.512061750E2
1.216000000E1	-1.523437346E2
1.220000000E1	-1.530992597E2
1.224000000E1	-1.535522825E2
1.228000000E1	-1.533802029E2
1.232000000E1	-1.530859357E2
1.236000000E1	-1.525761183E2
1.240000000E1	-1.517150304E2
1.244000000E1	-1.504101651E2
1.248000000E1	-1.487202156E2
1.252000000E1	-1.464451071E2
1.256000000E1	-1.440114956E2
1.260000000E1	-1.416628092E2
1.264000000E1	-1.392557640E2
1.268000000E1	-1.366270755E2
1.272000000E1	-1.337938382E2
1.276000000E1	-1.313504765E2
1.280000000E1	-1.289007157E2
1.284000000E1	-1.268534741E2
1.288000000E1	-1.253765971E2
1.292000000E1	-1.246233351E2
1.296000000E1	-1.241930299E2
1.300000000E1	-1.240724450E2
1.304000000E1	-1.240740306E2
1.308000000E1	-1.240101742E2
1.312000000E1	-1.239621998E2
1.316000000E1	-1.237724935E2
1.320000000E1	-1.237199824E2
1.324000000E1	-1.236672438E2
1.328000000E1	-1.232524360E2
1.332000000E1	-1.226404482E2
1.336000000E1	-1.218095924E2
1.340000000E1	-1.206489176E2
1.344000000E1	-1.194484545E2
1.348000000E1	-1.181319869E2
1.352000000E1	-1.169484950E2
1.356000000E1	-1.159752596E2
1.360000000E1	-1.155031131E2
1.364000000E1	-1.153055262E2
1.368000000E1	-1.155219417E2
1.372000000E1	-1.160742074E2
1.376000000E1	-1.168393124E2
1.380000000E1	-1.178171117E2
1.384000000E1	-1.191866483E2
1.388000000E1	-1.207890829E2
1.392000000E1	-1.224758599E2
1.396000000E1	-1.244000467E2
1.400000000E1	-1.264398976E2
1.404000000E1	-1.285407529E2
1.408000000E1	-1.307002938E2
1.412000000E1	-1.331739742E2
1.416000000E1	-1.357163591E2
1.420000000E1	-1.383353856E2
1.424000000E1	-1.411056237E2
1.428000000E1	-1.435196767E2
1.432000000E1	-1.458539392E2
1.436000000E1	-1.477741677E2
1.440000000E1	-1.493053251E2
1.444000000E1	-1.506674350E2
1.448000000E1	-1.515082975E2
1.452000000E1	-1.518421313E2
1.456000000E1	-1.521761018E2
1.460000000E1	-1.522339397E2
1.464000000E1	-1.520625357E2
1.468000000E1	-1.516946027E2
1.472000000E1	-1.512057690E2
1.476000000E1	-1.500477686E2
1.480000000E1	-1.484373468E2
1.484000000E1	-1.463415350E2
1.488000000E1	-1.437404046E2
1.492000000E1	-1.414559581E2
1.496000000E1	-1.386902124E2
1.500000000E1	-1.359577646E2
1.504000000E1	-1.334997671E2
1.508000000E1	-1.313464286E2
1.512000000E1	-1.295253925E2
1.516000000E1	-1.277352776E2
1.520000000E1	-1.265909330E2
1.524000000E1	-1.257633524E2
1.528000000E1	-1.253666876E2
1.532000000E1	-1.248574544E2
1.536000000E1	-1.248024256E2
1.540000000E1	-1.246648123E2
1.544000000E1	-1.247051950E2
1.548000000E1	-1.246918356E2
1.552000000E1	-1.245028130E2
1.556000000E1	-1.242883142E2
1.560000000E1	-1.242382359E2
1.564000000E1	-1.240812219E2
1.568000000E1	-1.238861548E2
1.572000000E1	-1.236506018E2
1.576000000E1	-1.231968675E2
1.580000000E1	-1.227872281E2
1.584000000E1	-1.226181726E2
1.588000000E1	-1.224088320E2
1.592000000E1	-1.222836656E2
1.596000000E1	-1.221863792E2
1.600000000E1	-1.219714929E2
1.604000000E1	-1.218097363E2
1.608000000E1	-1.217038462E2
1.612000000E1	-1.216908336E2
1.616000000E1	-1.219380270E2
1.620000000E1	-1.223415215E2
1.624000000E1	-1.230559317E2
1.628000000E1	-1.241480690E2
1.632000000E1	-1.253994881E2
1.636000000E1	-1.267510031E2
1.640000000E1	-1.282711915E2
1.644000000E1	-1.299922184E2
1.648000000E1	-1.320469289E2
1.652000000E1	-1.343355940E2
1.656000000E1	-1.368577925E2
1.660000000E1	-1.393809757E2
1.664000000E1	-1.418047372E2
1.668000000E1	-1.443527691E2
1.672000000E1	-1.467942475E2
1.676000000E1	-1.486627370E2
1.680000000E1	-1.504384426E2
1.684000000E1	-1.514892314E2
1.688000000E1	-1.518710887E2
1.692000000E1	-1.517674127E2
1.696000000E1	-1.511329282E2
1.700000000E1	-1.503497515E2
1.704000000E1	-1.492284984E2
1.708000000E1	-1.477480187E2
1.712000000E1	-1.463382022E2
1.716000000E1	-1.445151231E2
1.720000000E1	-1.427933092E2
1.724000000E1	-1.406422834E2
1.728000000E1	-1.380711743E2
1.732000000E1	-1.357183488E2
1.736000000E1	-1.335486721E2
1.740000000E1	-1.317256411E2
1.744000000E1	-1.298832290E2
1.748000000E1	-1.281833472E2
1.752000000E1	-1.266153217E2
1.756000000E1	-1.260610575E2
1.760000000E1	-1.258004421E2
1.764000000E1	-1.255918051E2
1.768000000E1	-1.258133458E2
1.772000000E1	-1.256832857E2
1.776000000E1	-1.251931370E2
1.780000000E1	-1.251440501E2
1.784000000E1	-1.246868295E2
1.788000000E1	-1.239356399E2
1.792000000E1	-1.233221680E2
1.796000000E1	-1.225568141E2
1.800000000E1	-1.216861564E2
1.804000000E1	-1.207180275E2
1.808000000E1	-1.199596028E2
1.812000000E1	-1.192378706E2
1.816000000E1	-1.186892050E2
1.820000000E1	-1.182030293E2
1.824000000E1	-1.179740273E2
1.828000000E1	-1.177607406E2
1.832000000E1	-1.176129673E2
1.836000000E1	-1.175613264E2
1.840000000E1	-1.176583976E2
1.844000000E1	-1.176675842E2
1.848000000E1	-1.175906540E2
1.852000000E1	-1.175128498E2
1.856000000E1	-1.174208775E2
1.860000000E1	-1.173927094E2
1.864000000E1	-1.172405943E2
1.868000000E1	-1.171700489E2
1.872000000E1	-1.170161552E2
1.876000000E1	-1.167801801E2
1.880000000E1	-1.167244298E2
1.884000000E1	-1.165427155E2
1.888000000E1	-1.164472023E2
1.892000000E1	-1.164400646E2
1.896000000E1	-1.163526486E2
1.900000000E1	-1.162177726E2
1.904000000E1	-1.164174062E2
1.908000000E1	-1.169610477E2
1.912000000E1	-1.177659920E2
1.916000000E1	-1.188028330E2
1.920000000E1	-1.203122699E2
1.924000000E1	-1.225501688E2
1.928000000E1	-1.247241579E2
1.932000000E1	-1.273170285E2
1.936000000E1	-1.302429203E2
1.940000000E1	-1.332292537E2
1.944000000E1	-1.361213775E2
1.948000000E1	-1.388924512E2
1.952000000E1	-1.415407583E2
1.956000000E1	-1.439047196E2
1.960000000E1	-1.460208147E2
1.964000000E1	-1.476127128E2
1.968000000E1	-1.491475491E2
1.972000000E1	-1.503866452E2
1.976000000E1	-1.513757778E2
1.980000000E1	-1.520209850E2
1.984000000E1	-1.524496247E2
1.988000000E1	-1.524712775E2
1.992000000E1	-1.522998405E2
1.996000000E1	-1.518893268E2
2.000000000E1	-1.507008359E2
2.004000000E1	-1.491444474E2
2.008000000E1	-1.473960122E2
2.012000000E1	-1.453186677E2
2.016000000E1	-1.433354304E2
2.020000000E1	-1.415512057E2
2.024000000E1	-1.394452553E2
2.028000000E1	-1.375600146E2
2.032000000E1	-1.355381415E2
2.036000000E1	-1.339683959E2
2.040000000E1	-1.324135880E2
2.044000000E1	-1.308854946E2
2.048000000E1	-1.292496302E2
2.052000000E1	-1.280124944E2
2.056000000E1	-1.270676079E2
2.060000000E1	-1.265226767E2
2.064000000E1	-1.260346899E2
2.068000000E1	-1.253421687E2
2.072000000E1	-1.252031743E2
2.076000000E1	-1.250226471E2
2.080000000E1	-1.251459917E2
2.084000000E1	-1.253037137E2
2.088000000E1	-1.254615563E2
2.092000000E1	-1.254759053E2
2.096000000E1	-1.254498778E2
2.100000000E1	-1.254622192E2
2.104000000E1	-1.254859846E2
2.108000000E1	-1.255586572E2
2.112000000E1	-1.256828286E2
2.116000000E1	-1.257599294E2
2.120000000E1	-1.260568008E2
2.124000000E1	-1.263252839E2
2.128000000E1	-1.262314700E2
2.132000000E1	-1.261276151E2
2.136000000E1	-1.256643264E2
2.140000000E1	-1.251368621E2
2.144000000E1	-1.253528085E2
2.148000000E1	-1.258167162E2
2.152000000E1	-1.266357460E2
2.156000000E1	-1.273295271E2
2.160000000E1	-1.280949003E2
2.164000000E1	-1.290769205E2
2.168000000E1	-1.302080773E2
2.172000000E1	-1.315781828E2
2.176000000E1	-1.335325819E2
2.180000000E1	-1.357410445E2
2.184000000E1	-1.382042196E2
2.188000000E1	-1.406064819E2
2.192000000E1	-1.431427297E2
2.196000000E1	-1.453246268E2
2.200000000E1	-1.472713825E2
2.204000000E1	-1.489110742E2
2.208000000E1	-1.499359493E2
2.212000000E1	-1.508986222E2
2.216000000E1	-1.516789668E2
2.220000000E1	-1.524460078E2
2.224000000E1	-1.529405867E2
2.228000000E1	-1.530664687E2
2.232000000E1	-1.530711216E2
2.236000000E1	-1.525528829E2
2.240000000E1	-1.512329075E2
2.244000000E1	-1.497154029E2
2.248000000E1	-1.481036553E2
2.252000000E1	-1.464068965E2
2.256000000E1	-1.449404114E2
2.260000000E1	-1.432861429E2
2.264000000E1	-1.414895111E2
2.268000000E1	-1.397245277E2
2.272000000E1	-1.378875861E2
2.276000000E1	-1.364647623E2
2.280000000E1	-1.352188750E2
2.284000000E1	-1.336992068E2
2.288000000E1	-1.321181495E2
2.292000000E1	-1.304969221E2
2.296000000E1	-1.293912884E2
2.300000000E1	-1.289752673E2
2.304000000E1	-1.291681190E2
2.308000000E1	-1.295363585E2
2.312000000E1	-1.295216481E2
2.316000000E1	-1.289266241E2
2.320000000E1	-1.284000711E2
2.324000000E1	-1.280861095E2
2.328000000E1	-1.286073799E2
2.332000000E1	-1.293610133E2
2.336000000E1	-1.300500124E2
2.340000000E1	-1.304100193E2
2.344000000E1	-1.302801774E2
2.348000000E1	-1.301022755E2
2.352000000E1	-1.295596184E2
2.356000000E1	-1.287517296E2
2.360000000E1	-1.276528999E2
2.364000000E1	-1.261600480E2
2.368000000E1	-1.244976454E2
2.372000000E1	-1.230774041E2
2.376000000E1	-1.219660919E2
2.380000000E1	-1.212546423E2
2.384000000E1	-1.210062318E2
2.388000000E1	-1.209622806E2
2.392000000E1	-1.209632769E2
2.396000000E1	-1.209714209E2
2.400000000E1	-1.209865606E2
2.404000000E1	-1.208974790E2
2.408000000E1	-1.207252203E2
2.412000000E1	-1.208553265E2
2.416000000E1	-1.212059353E2
2.420000000E1	-1.221523648E2
2.424000000E1	-1.238338258E2
2.428000000E1	-1.261054714E2
2.432000000E1	-1.287087946E2
2.436000000E1	-1.314136513E2
2.440000000E1	-1.345704563E2
2.444000000E1	-1.377201507E2
2.448000000E1	-1.406665346E2
2.452000000E1	-1.436140767E2
2.456000000E1	-1.460448006E2
2.460000000E1	-1.483247992E2
2.464000000E1	-1.502663266E2
2.468000000E1	-1.515204017E2
2.472000000E1	-1.523318484E2
2.476000000E1	-1.527582994E2
2.480000000E1	-1.529514551E2
2.484000000E1	-1.523825125E2
2.488000000E1	-1.513110496E2
2.492000000E1	-1.499917892E2
2.496000000E1	-1.482870370E2
2.500000000E1	-1.462881724E2
2.504000000E1	-1.445252851E2
2.508000000E1	-1.424799355E2
2.512000000E1	-1.403368004E2
2.516000000E1	-1.382648103E2
2.520000000E1	-1.361132011E2
2.524000000E1	-1.342265329E2
2.528000000E1	-1.319914898E2
2.532000000E1	-1.298210821E2
2.536000000E1	-1.274720872E2
2.540000000E1	-1.261831966E2
2.544000000E1	-1.254501541E2
2.548000000E1	-1.248541745E2
2.552000000E1	-1.242366173E2
2.556000000E1	-1.235915205E2
2.560000000E1	-1.227551694E2
2.564000000E1	-1.221427439E2
2.568000000E1	-1.219311105E2
2.572000000E1	-1.217859332E2
2.576000000E1	-1.215070879E2
2.580000000E1	-1.213864312E2
2.584000000E1	-1.209319847E2
2.588000000E1	-1.204077522E2
2.592000000E1	-1.199617832E2
2.596000000E1	-1.193138320E2
2.600000000E1	-1.190795654E2
2.604000000E1	-1.188351473E2
2.608000000E1	-1.188363494E2
2.612000000E1	-1.190992850E2
2.616000000E1	-1.193463220E2
2.620000000E1	-1.197690183E2
2.624000000E1	-1.206595094E2
2.628000000E1	-1.223456884E2
2.632000000E1	-1.248134755E2
2.636000000E1	-1.278021505E2
2.640000000E1	-1.309395952E2
2.644000000E1	-1.339190849E2
2.648000000E1	-1.372012309E2
2.652000000E1	-1.404936823E2
2.656000000E1	-1.434681954E2
2.660000000E1	-1.461127136E2
2.664000000E1	-1.483185156E2
2.668000000E1	-1.495641765E2
2.672000000E1	-1.507056730E2
2.676000000E1	-1.512806049E2
2.680000000E1	-1.514367069E2
2.684000000E1	-1.514742965E2
2.688000000E1	-1.511657222E2
2.692000000E1	-1.505915068E2
2.696000000E1	-1.495726051E2
2.700000000E1	-1.479799646E2
2.704000000E1	-1.463533648E2
2.708000000E1	-1.446547624E2
2.712000000E1	-1.426596125E2
2.716000000E1	-1.407321224E2
2.720000000E1	-1.386968728E2
2.724000000E1	-1.367315761E2
2.728000000E1	-1.347758053E2
2.732000000E1	-1.332066394E2
2.736000000E1	-1.314717743E2
2.740000000E1	-1.298516071E2
2.744000000E1	-1.285999733E2
2.748000000E1	-1.275592300E2
2.752000000E1	-1.267169409E2
2.756000000E1	-1.258955594E2
2.760000000E1	-1.254227892E2
2.764000000E1	-1.254161403E2
2.768000000E1	-1.255283324E2
2.772000000E1	-1.257099344E2
2.776000000E1	-1.257724226E2
2.780000000E1	-1.256742081E2
2.784000000E1	-1.257057290E2
2.788000000E1	-1.255994376E2
2.792000000E1	-1.253219303E2
2.796000000E1	-1.249026971E2
2.800000000E1	-1.240369602E2
2.804000000E1	-1.228330787E2
2.808000000E1	-1.212094763E2
2.812000000E1	-1.188378781E2
2.816000000E1	-1.163029994E2
2.820000000E1	-1.132120704E2
2.824000000E1	-1.103641103E2
2.828000000E1	-1.080197279E2
2.832000000E1	-1.062013409E2
2.836000000E1	-1.050741798E2
2.840000000E1	-1.046895615E2
2.844000000E1	-1.046662178E2
2.848000000E1	-1.048517678E2
2.852000000E1	-1.049745466E2
2.856000000E1	-1.052430943E2
2.860000000E1	-1.052518006E2
2.864000000E1	-1.051497252E2
2.868000000E1	-1.049237159E2
2.872000000E1	-1.048421358E2
2.876000000E1	-1.048290189E2
2.880000000E1	-1.048861391E2
2.884000000E1	-1.049255256E2
2.888000000E1	-1.051814738E2
2.892000000E1	-1.054742812E2
2.896000000E1	-1.060822815E2
2.900000000E1	-1.069659528E2
2.904000000E1	-1.084160913E2
2.908000000E1	-1.104815332E2
2.912000000E1	-1.129663674E2
2.916000000E1	-1.159938584E2
2.920000000E1	-1.193151031E2
2.924000000E1	-1.228720216E2
2.928000000E1	-1.267499365E2
2.932000000E1	-1.303875925E2
2.936000000E1	-1.340694267E2
2.940000000E1	-1.373401362E2
2.944000000E1	-1.402087136E2
2.948000000E1	-1.425396363E2
2.952000000E1	-1.444584015E2
2.956000000E1	-1.461369898E2
2.960000000E1	-1.473448120E2
2.964000000E1	-1.485740501E2
2.968000000E1	-1.497579178E2
2.972000000E1	-1.505928064E2
2.976000000E1	-1.509547734E2
2.980000000E1	-1.505229312E2
2.984000000E1	-1.494275162E2
2.988000000E1	-1.481307907E2
2.992000000E1	-1.462540180E2
2.996000000E1	-1.438411267E2
3.000000000E1	-1.411516636E2
3.004000000E1	-1.383096992E2
3.008000000E1	-1.354815221E2
3.012000000E1	-1.326314622E2
3.016000000E1	-1.300231559E2
3.020000000E1	-1.277714055E2
3.024000000E1	-1.258266028E2
3.028000000E1	-1.241070373E2
3.032000000E1	-1.232027635E2
3.036000000E1	-1.224829539E2
3.040000000E1	-1.219187400E2
3.044000000E1	-1.214755554E2
3.048000000E1	-1.211589127E2
3.052000000E1	-1.211281643E2
3.056000000E1	-1.213175636E2
3.060000000E1	-1.214158864E2
3.064000000E1	-1.215330506E2
3.068000000E1	-1.210811480E2
3.072000000E1	-1.203261184E2
3.076000000E1	-1.189516022E2
3.080000000E1	-1.173344489E2
3.084000000E1	-1.149247690E2
3.088000000E1	-1.120531527E2
3.092000000E1	-1.091640474E2
3.096000000E1	-1.061855171E2
3.100000000E1	-1.032013979E2
3.104000000E1	-1.005747816E2
3.108000000E1	-9.826635934E1
3.112000000E1	-9.614506269E1
3.116000000E1	-9.499295081E1
3.120000000E1	-9.408468250E1
3.124000000E1	-9.380411719E1
3.128000000E1	-9.373475185E1
3.132000000E1	-9.410938695E1
3.136000000E1	-9.454733524E1
3.140000000E1	-9.503839697E1
3.144000000E1	-9.567593142E1
3.148000000E1	-9.664776569E1
3.152000000E1	-9.815192210E1
3.156000000E1	-1.003830082E2
3.160000000E1	-1.031573791E2
3.164000000E1	-1.068584171E2
3.168000000E1	-1.110174342E2
3.172000000E1	-1.154973810E2
3.176000000E1	-1.199323706E2
3.180000000E1	-1.247068638E2
3.184000000E1	-1.292034737E2
3.188000000E1	-1.331719723E2
3.192000000E1	-1.368566791E2
3.196000000E1	-1.399981284E2
3.200000000E1	-1.424853489E2
3.204000000E1	-1.450295556E2
3.208000000E1	-1.471069006E2
3.212000000E1	-1.486676110E2
3.216000000E1	-1.500467609E2
3.220000000E1	-1.506507134E2
3.224000000E1	-1.506748724E2
3.228000000E1	-1.504945665E2
3.232000000E1	-1.500446638E2
3.236000000E1	-1.492280908E2
3.240000000E1	-1.478813133E2
3.244000000E1	-1.461335494E2
3.248000000E1	-1.436537091E2
3.252000000E1	-1.417555248E2
3.256000000E1	-1.396527805E2
3.260000000E1	-1.376084376E2
3.264000000E1	-1.353323220E2
3.268000000E1	-1.332444590E2
3.272000000E1	-1.311500385E2
3.276000000E1	-1.290501223E2
3.280000000E1	-1.273303506E2
3.284000000E1	-1.258260436E2
3.288000000E1	-1.247831858E2
3.292000000E1	-1.237745879E2
3.296000000E1	-1.227598695E2
3.300000000E1	-1.216895700E2
3.304000000E1	-1.211861126E2
3.308000000E1	-1.208473288E2
3.312000000E1	-1.208489795E2
3.316000000E1	-1.208118005E2
3.320000000E1	-1.208986644E2
3.324000000E1	-1.208649866E2
3.328000000E1	-1.206564398E2
3.332000000E1	-1.202926885E2
3.336000000E1	-1.191422719E2
3.340000000E1	-1.174846615E2
3.344000000E1	-1.158589393E2
3.348000000E1	-1.138702653E2
3.352000000E1	-1.117425678E2
3.356000000E1	-1.097224829E2
3.360000000E1	-1.080239522E2
3.364000000E1	-1.068186148E2
3.368000000E1	-1.062212181E2
3.372000000E1	-1.062823561E2
3.376000000E1	-1.069168405E2
3.380000000E1	-1.079619260E2
3.384000000E1	-1.095599233E2
3.388000000E1	-1.117025753E2
3.392000000E1	-1.147332798E2
3.396000000E1	-1.180223145E2
3.400000000E1	-1.218211245E2
3.404000000E1	-1.257480094E2
3.408000000E1	-1.296227272E2
3.412000000E1	-1.334912517E2
3.416000000E1	-1.372861781E2
3.420000000E1	-1.407379608E2
3.424000000E1	-1.436540868E2
3.428000000E1	-1.464025436E2
3.432000000E1	-1.485057123E2
3.436000000E1	-1.501359021E2
3.440000000E1	-1.513750419E2
3.444000000E1	-1.516368861E2
3.448000000E1	-1.512327113E2
3.452000000E1	-1.505395824E2
3.456000000E1	-1.493427149E2
3.460000000E1	-1.475740521E2
3.464000000E1	-1.454603404E2
3.468000000E1	-1.434679406E2
3.472000000E1	-1.414736931E2
3.476000000E1	-1.389849057E2
3.480000000E1	-1.369955694E2
3.484000000E1	-1.347156435E2
3.488000000E1	-1.323240468E2
3.492000000E1	-1.301894885E2
3.496000000E1	-1.281835746E2
3.500000000E1	-1.267354496E2
3.504000000E1	-1.256066605E2
3.508000000E1	-1.243846576E2
3.512000000E1	-1.234780125E2
3.516000000E1	-1.225732208E2
3.520000000E1	-1.218348087E2
3.524000000E1	-1.215092513E2
3.528000000E1	-1.213553705E2
3.532000000E1	-1.214366675E2
3.536000000E1	-1.214159517E2
3.540000000E1	-1.212260598E2
3.544000000E1	-1.207229718E2
3.548000000E1	-1.200983209E2
3.552000000E1	-1.190284673E2
3.556000000E1	-1.176557631E2
3.560000000E1	-1.161927783E2
3.564000000E1	-1.148052110E2
3.568000000E1	-1.133716122E2
3.572000000E1	-1.124543686E2
3.576000000E1	-1.116195675E2
3.580000000E1	-1.111331558E2
3.584000000E1	-1.107973597E2
3.588000000E1	-1.107086378E2
3.592000000E1	-1.107276717E2
3.596000000E1	-1.107944209E2
3.600000000E1	-1.110060924E2
3.604000000E1	-1.112544662E2
3.608000000E1	-1.116461293E2
3.612000000E1	-1.125857729E2
3.616000000E1	-1.138481573E2
3.620000000E1	-1.159519388E2
3.624000000E1	-1.185451712E2
3.628000000E1	-1.213715386E2
3.632000000E1	-1.246563177E2
3.636000000E1	-1.281584475E2
3.640000000E1	-1.317328304E2
3.644000000E1	-1.352632627E2
3.648000000E1	-1.384737979E2
3.652000000E1	-1.413935850E2
3.656000000E1	-1.442400756E2
3.660000000E1	-1.465816141E2
3.664000000E1	-1.482480772E2
3.668000000E1	-1.494233557E2
3.672000000E1	-1.499284915E2
3.676000000E1	-1.503721757E2
3.680000000E1	-1.504487909E2
3.684000000E1	-1.502101716E2
3.688000000E1	-1.499559499E2
3.692000000E1	-1.495408155E2
3.696000000E1	-1.488121401E2
3.700000000E1	-1.478562107E2
3.704000000E1	-1.465920709E2
3.708000000E1	-1.450645232E2
3.712000000E1	-1.430699070E2
3.716000000E1	-1.408529218E2
3.720000000E1	-1.388298548E2
3.724000000E1	-1.364734898E2
3.728000000E1	-1.341046281E2
3.732000000E1	-1.317799236E2
3.736000000E1	-1.298485335E2
3.740000000E1	-1.278125736E2
3.744000000E1	-1.263113625E2
3.748000000E1	-1.250887440E2
3.752000000E1	-1.239819235E2
3.756000000E1	-1.233047551E2
3.760000000E1	-1.231256729E2
3.764000000E1	-1.228818022E2
3.768000000E1	-1.225542487E2
3.772000000E1	-1.223390934E2
3.776000000E1	-1.221142370E2
3.780000000E1	-1.219333114E2
3.784000000E1	-1.218564555E2
3.788000000E1	-1.218136906E2
3.792000000E1	-1.216605266E2
3.796000000E1	-1.215425544E2
3.800000000E1	-1.212583306E2
3.804000000E1	-1.206783136E2
3.808000000E1	-1.202618214E2
3.812000000E1	-1.197085382E2
3.816000000E1	-1.188403686E2
3.820000000E1	-1.176631974E2
3.824000000E1	-1.160604234E2
3.828000000E1	-1.144665123E2
3.832000000E1	-1.126898704E2
3.836000000E1	-1.107723177E2
3.840000000E1	-1.090004244E2
3.844000000E1	-1.072767901E2
3.848000000E1	-1.059631216E2
3.852000000E1	-1.050024256E2
3.856000000E1	-1.045270961E2
3.860000000E1	-1.043320303E2
3.864000000E1	-1.047809729E2
3.868000000E1	-1.053367241E2
3.872000000E1	-1.060123211E2
3.876000000E1	-1.070373070E2
3.880000000E1	-1.083882039E2
3.884000000E1	-1.101788585E2
3.888000000E1	-1.121856135E2
3.892000000E1	-1.150192496E2
3.896000000E1	-1.178856690E2
3.900000000E1	-1.210200618E2
3.904000000E1	-1.241735331E2
3.908000000E1	-1.274304304E2
3.912000000E1	-1.306260679E2
3.916000000E1	-1.338092722E2
3.920000000E1	-1.369177776E2
3.924000000E1	-1.396350228E2
3.928000000E1	-1.422867783E2
3.932000000E1	-1.445370542E2
3.936000000E1	-1.466767481E2
3.940000000E1	-1.487332567E2
3.944000000E1	-1.498788300E2
3.948000000E1	-1.506712580E2
3.952000000E1	-1.509146469E2
3.956000000E1	-1.506440558E2
3.960000000E1	-1.502388608E2
3.964000000E1	-1.498352428E2
3.968000000E1	-1.486568528E2
3.972000000E1	-1.473047459E2
3.976000000E1	-1.456554018E2
3.980000000E1	-1.433385915E2
3.984000000E1	-1.409974269E2
3.988000000E1	-1.385273600E2
3.992000000E1	-1.359339120E2
3.996000000E1	-1.370671661E2
4.000000000E1	-1.312900547E2
4.004000000E1	-1.293679339E2
4.008000000E1	-1.277090452E2
4.012000000E1	-1.260474940E2
4.016000000E1	-1.246867779E2
4.020000000E1	-1.241345185E2
4.024000000E1	-1.236082017E2
4.028000000E1	-1.228724029E2
4.032000000E1	-1.222192793E2
4.036000000E1	-1.216263783E2
4.040000000E1	-1.213785942E2
4.044000000E1	-1.214438464E2
4.048000000E1	-1.214275350E2
4.052000000E1	-1.214151477E2
4.056000000E1	-1.211069073E2
4.060000000E1	-1.205626853E2
4.064000000E1	-1.199366320E2
4.068000000E1	-1.192374062E2
4.072000000E1	-1.182981097E2
4.076000000E1	-1.173839579E2
4.080000000E1	-1.163488249E2
4.084000000E1	-1.155861749E2
4.088000000E1	-1.148391427E2
4.092000000E1	-1.144435416E2
4.096000000E1	-1.139534914E2
4.100000000E1	-1.138663487E2
4.104000000E1	-1.139147396E2
4.108000000E1	-1.141857443E2
4.112000000E1	-1.146357739E2
4.116000000E1	-1.155138850E2
4.120000000E1	-1.171833614E2
4.124000000E1	-1.194634366E2
4.128000000E1	-1.220717361E2
4.132000000E1	-1.250062130E2
4.136000000E1	-1.281331236E2
4.140000000E1	-1.316020766E2
4.144000000E1	-1.355126439E2
4.148000000E1	-1.391520558E2
4.152000000E1	-1.423607847E2
4.156000000E1	-1.450997450E2
4.160000000E1	-1.471209743E2
4.164000000E1	-1.487873663E2
4.168000000E1	-1.499369915E2
4.172000000E1	-1.507973624E2
4.176000000E1	-1.512246604E2
4.180000000E1	-1.506093491E2
4.184000000E1	-1.493131895E2
4.188000000E1	-1.476389779E2
4.192000000E1	-1.459133512E2
4.196000000E1	-1.437439722E2
4.200000000E1	-1.415873876E2
4.204000000E1	-1.390246243E2
4.208000000E1	-1.365294446E2
4.212000000E1	-1.343619216E2
4.216000000E1	-1.322719531E2
4.220000000E1	-1.303219440E2
4.224000000E1	-1.285640330E2
4.228000000E1	-1.267283081E2
4.232000000E1	-1.250482218E2
4.236000000E1	-1.238661638E2
4.240000000E1	-1.230089795E2
4.244000000E1	-1.224966010E2
4.248000000E1	-1.219511873E2
4.252000000E1	-1.213406453E2
4.256000000E1	-1.209934809E2
4.260000000E1	-1.206915368E2
4.264000000E1	-1.207331804E2
4.268000000E1	-1.208373484E2
4.272000000E1	-1.207084827E2
4.276000000E1	-1.203501209E2
4.280000000E1	-1.196321274E2
4.284000000E1	-1.187164954E2
4.288000000E1	-1.177412553E2
4.292000000E1	-1.165867052E2
4.296000000E1	-1.154165713E2
4.300000000E1	-1.142756300E2
4.304000000E1	-1.130634761E2
4.308000000E1	-1.117363827E2
4.312000000E1	-1.104856363E2
4.316000000E1	-1.090120629E2
4.320000000E1	-1.077123445E2
4.324000000E1	-1.064769013E2
4.328000000E1	-1.052721108E2
4.332000000E1	-1.041980804E2
4.336000000E1	-1.030354981E2
4.340000000E1	-1.022592132E2
4.344000000E1	-1.015897311E2
4.348000000E1	-1.010736636E2
4.352000000E1	-1.006995036E2
4.356000000E1	-1.005179456E2
4.360000000E1	-1.005813803E2
4.364000000E1	-1.006127450E2
4.368000000E1	-1.007255721E2
4.372000000E1	-1.006652051E2
4.376000000E1	-1.006515168E2
4.380000000E1	-1.005808987E2
4.384000000E1	-1.005844513E2
4.388000000E1	-1.005921556E2
4.392000000E1	-1.005890525E2
4.396000000E1	-1.005830337E2
4.400000000E1	-1.005902095E2
4.404000000E1	-1.005385226E2
4.408000000E1	-1.004087325E2
4.412000000E1	-1.004096761E2
4.416000000E1	-1.003510249E2
4.420000000E1	-1.002877511E2
4.424000000E1	-1.001125137E2
4.428000000E1	-1.000239088E2
4.432000000E1	-9.989130436E1
4.436000000E1	-9.981436100E1
4.440000000E1	-9.967489991E1
4.444000000E1	-9.966258973E1
4.448000000E1	-9.965011580E1
4.452000000E1	-9.965815000E1
4.456000000E1	-9.967453758E1
4.460000000E1	-9.968732062E1
4.464000000E1	-9.967694449E1
4.468000000E1	-9.968046167E1
4.472000000E1	-9.968462336E1
4.476000000E1	-9.966481440E1
4.480000000E1	-9.965776343E1
4.484000000E1	-9.964842418E1
4.488000000E1	-9.964608246E1
4.492000000E1	-9.962925848E1
4.496000000E1	-9.962164930E1
4.500000000E1	-9.958804807E1
4.504000000E1	-9.953381215E1
4.508000000E1	-9.939924818E1
4.512000000E1	-9.936153477E1
4.516000000E1	-9.925606343E1
4.520000000E1	-9.922880780E1
4.524000000E1	-9.921044157E1
4.528000000E1	-9.916294056E1
4.532000000E1	-9.908877847E1
4.536000000E1	-9.904380182E1
4.540000000E1	-9.901001838E1
4.544000000E1	-9.897876564E1
4.548000000E1	-9.893592603E1
4.552000000E1	-9.886368376E1
4.556000000E1	-9.877664158E1
4.560000000E1	-9.867830563E1
4.564000000E1	-9.857661612E1
4.568000000E1	-9.849164146E1
4.572000000E1	-9.845760370E1
4.576000000E1	-9.845779435E1
4.580000000E1	-9.846307709E1
4.584000000E1	-9.847537370E1
4.588000000E1	-9.850268238E1
4.592000000E1	-9.854211780E1
4.596000000E1	-9.857870955E1
4.600000000E1	-9.861636102E1
4.604000000E1	-9.864157366E1
4.608000000E1	-9.865057232E1
4.612000000E1	-9.869086067E1
4.616000000E1	-9.872193819E1
4.620000000E1	-9.874060760E1
4.624000000E1	-9.877832162E1
4.628000000E1	-9.885306360E1
4.632000000E1	-9.891043307E1
4.636000000E1	-9.891402956E1
4.640000000E1	-9.867609264E1
4.644000000E1	-9.819377109E1
4.648000000E1	-9.715113666E1
4.652000000E1	-9.551558332E1
4.656000000E1	-9.335134485E1
4.660000000E1	-9.052435575E1
4.664000000E1	-8.724906948E1
4.668000000E1	-8.408827583E1
4.672000000E1	-8.078316545E1
4.676000000E1	-7.761036726E1
4.680000000E1	-7.464403003E1
4.684000000E1	-7.183330841E1
4.688000000E1	-6.957584943E1
4.692000000E1	-6.823202491E1
4.696000000E1	-6.710904669E1
4.700000000E1	-6.618613878E1
4.704000000E1	-6.550447561E1
4.708000000E1	-6.518553468E1
4.712000000E1	-6.528288901E1
4.716000000E1	-6.530063300E1
4.720000000E1	-6.547735403E1
4.724000000E1	-6.570873548E1
