
t/1	ANGLE/1
0.000000000E0	1.062198498E2
4.000000000E-2	1.062063440E2
8.000000000E-2	1.066983111E2
1.200000000E-1	1.070361130E2
1.600000000E-1	1.073697890E2
2.000000000E-1	1.070088754E2
2.400000000E-1	1.069495398E2
2.800000000E-1	1.069583107E2
3.200000000E-1	1.069061614E2
3.600000000E-1	1.068870143E2
4.000000000E-1	1.069305444E2
4.400000000E-1	1.069620179E2
4.800000000E-1	1.069309794E2
5.200000000E-1	1.069981262E2
5.600000000E-1	1.068595579E2
6.000000000E-1	1.067204541E2
6.400000000E-1	1.066996907E2
6.800000000E-1	1.067138947E2
7.200000000E-1	1.068245418E2
7.600000000E-1	1.069799227E2
8.000000000E-1	1.072144397E2
8.400000000E-1	1.072739300E2
8.800000000E-1	1.073099680E2
9.200000000E-1	1.073523774E2
9.600000000E-1	1.074581555E2
1.000000000E0	1.075778071E2
1.040000000E0	1.075973515E2
1.080000000E0	1.077466633E2
1.120000000E0	1.077939840E2
1.160000000E0	1.077890898E2
1.200000000E0	1.077372639E2
1.240000000E0	1.080625393E2
1.280000000E0	1.080570825E2
1.320000000E0	1.080721097E2
1.360000000E0	1.081607825E2
1.400000000E0	1.081292876E2
1.440000000E0	1.084228512E2
1.480000000E0	1.085682092E2
1.520000000E0	1.087980321E2
1.560000000E0	1.092142201E2
1.600000000E0	1.102879726E2
1.640000000E0	1.115595531E2
1.680000000E0	1.135647205E2
1.720000000E0	1.164943163E2
1.760000000E0	1.204853748E2
1.800000000E0	1.252427801E2
1.840000000E0	1.304582573E2
1.880000000E0	1.365295267E2
1.920000000E0	1.428623840E2
1.960000000E0	1.489103077E2
2.000000000E0	1.547149115E2
2.040000000E0	1.599512575E2
2.080000000E0	1.647785086E2
2.120000000E0	1.686946570E2
2.160000000E0	1.692999426E2
2.200000000E0	1.684315551E2
2.240000000E0	1.686199061E2
2.280000000E0	1.685410051E2
2.320000000E0	1.683761081E2
2.360000000E0	1.684464146E2
2.400000000E0	1.684592908E2
2.440000000E0	1.684487420E2
2.480000000E0	1.684011848E2
2.520000000E0	1.684331662E2
2.560000000E0	1.681636923E2
2.600000000E0	1.679273546E2
2.640000000E0	1.669713591E2
2.680000000E0	1.652023077E2
2.720000000E0	1.621897570E2
2.760000000E0	1.577929361E2
2.800000000E0	1.519075895E2
2.840000000E0	1.453951423E2
2.880000000E0	1.383136758E2
2.920000000E0	1.310071398E2
2.960000000E0	1.233957395E2
3.000000000E0	1.162924876E2
3.040000000E0	1.099403750E2
3.080000000E0	1.051816955E2
3.120000000E0	1.025860369E2
3.160000000E0	1.019541160E2
3.200000000E0	1.024096435E2
3.240000000E0	1.018686470E2
3.280000000E0	1.024826151E2
3.320000000E0	1.027476971E2
3.360000000E0	1.026842977E2
3.400000000E0	1.033503769E2
3.440000000E0	1.046412194E2
3.480000000E0	1.069222709E2
3.520000000E0	1.101505787E2
3.560000000E0	1.145960158E2
3.600000000E0	1.196128275E2
3.640000000E0	1.255033766E2
3.680000000E0	1.318405740E2
3.720000000E0	1.383357808E2
3.760000000E0	1.446199144E2
3.800000000E0	1.500644136E2
3.840000000E0	1.550628486E2
3.880000000E0	1.593943266E2
3.920000000E0	1.631310518E2
3.960000000E0	1.671473633E2
4.000000000E0	1.691185989E2
4.040000000E0	1.682987359E2
4.080000000E0	1.679345669E2
4.120000000E0	1.680793129E2
4.160000000E0	1.676715957E2
4.200000000E0	1.674543605E2
4.240000000E0	1.670266598E2
4.280000000E0	1.623795651E2
4.320000000E0	1.624307520E2
4.360000000E0	1.567846321E2
4.400000000E0	1.491918633E2
4.440000000E0	1.416579098E2
4.480000000E0	1.343455669E2
4.520000000E0	1.279129143E2
4.560000000E0	1.222935657E2
4.600000000E0	1.172980117E2
4.640000000E0	1.129146367E2
4.680000000E0	1.093194493E2
4.720000000E0	1.064681109E2
4.760000000E0	1.046398489E2
4.800000000E0	1.040394550E2
4.840000000E0	1.034820775E2
4.880000000E0	1.031674150E2
4.920000000E0	1.029262511E2
4.960000000E0	1.036618611E2
5.000000000E0	1.043092360E2
5.040000000E0	1.042962120E2
5.080000000E0	1.042685196E2
5.120000000E0	1.040100556E2
5.160000000E0	1.037563348E2
5.200000000E0	1.035944610E2
5.240000000E0	1.039555064E2
5.280000000E0	1.050483804E2
5.320000000E0	1.067858808E2
5.360000000E0	1.095970538E2
5.400000000E0	1.142805809E2
5.440000000E0	1.208985890E2
5.480000000E0	1.288159542E2
5.520000000E0	1.370907604E2
5.560000000E0	1.449501420E2
5.600000000E0	1.517204425E2
5.640000000E0	1.576574219E2
5.680000000E0	1.619486881E2
5.720000000E0	1.656230719E2
5.760000000E0	1.682203353E2
5.800000000E0	1.690702430E2
5.840000000E0	1.691362978E2
5.880000000E0	1.694635232E2
5.920000000E0	1.695840247E2
5.960000000E0	1.696071104E2
6.000000000E0	1.696073506E2
6.040000000E0	1.692070062E2
6.080000000E0	1.688624671E2
6.120000000E0	1.681803527E2
6.160000000E0	1.663220917E2
6.200000000E0	1.636784585E2
6.240000000E0	1.600350228E2
6.280000000E0	1.553613991E2
6.320000000E0	1.505525293E2
6.360000000E0	1.450761380E2
6.400000000E0	1.394663877E2
6.440000000E0	1.330404061E2
6.480000000E0	1.257729567E2
6.520000000E0	1.189796056E2
6.560000000E0	1.130395888E2
6.600000000E0	1.079600497E2
6.640000000E0	1.045297415E2
6.680000000E0	1.025420030E2
6.720000000E0	1.016608967E2
6.760000000E0	1.018105343E2
6.800000000E0	1.025329742E2
6.840000000E0	1.032111248E2
6.880000000E0	1.032469795E2
6.920000000E0	1.038627347E2
6.960000000E0	1.038895435E2
7.000000000E0	1.037090112E2
7.040000000E0	1.035574337E2
7.080000000E0	1.034568913E2
7.120000000E0	1.037386821E2
7.160000000E0	1.047987154E2
7.200000000E0	1.069130995E2
7.240000000E0	1.103057243E2
7.280000000E0	1.148239749E2
7.320000000E0	1.202495746E2
7.360000000E0	1.265928792E2
7.400000000E0	1.338082568E2
7.440000000E0	1.411954719E2
7.480000000E0	1.544373991E2
7.520000000E0	1.543263251E2
7.560000000E0	1.608613655E2
7.600000000E0	1.666419333E2
7.640000000E0	1.708162518E2
7.680000000E0	1.720917219E2
7.720000000E0	1.713561306E2
7.760000000E0	1.714566116E2
7.800000000E0	1.714285714E2
7.840000000E0	1.711479823E2
7.880000000E0	1.713049180E2
7.920000000E0	1.711413317E2
7.960000000E0	1.708252490E2
8.000000000E0	1.701717194E2
8.040000000E0	1.681721177E2
8.080000000E0	1.640862651E2
8.120000000E0	1.575694314E2
8.160000000E0	1.494767516E2
8.200000000E0	1.417232085E2
8.240000000E0	1.347117939E2
8.280000000E0	1.278213965E2
8.320000000E0	1.214711055E2
8.360000000E0	1.152937503E2
8.400000000E0	1.097586023E2
8.440000000E0	1.056658765E2
8.480000000E0	1.031994177E2
8.520000000E0	1.024589814E2
8.560000000E0	1.039394577E2
8.600000000E0	1.038133824E2
8.640000000E0	1.030109938E2
8.680000000E0	1.034142452E2
8.720000000E0	1.042892158E2
8.760000000E0	1.044681405E2
8.800000000E0	1.043006485E2
8.840000000E0	1.042076042E2
8.880000000E0	1.047771445E2
8.920000000E0	1.063410504E2
8.960000000E0	1.085099915E2
9.000000000E0	1.118792601E2
9.040000000E0	1.163899571E2
9.080000000E0	1.218000076E2
9.120000000E0	1.280970634E2
9.160000000E0	1.355238809E2
9.200000000E0	1.429855475E2
9.240000000E0	1.503609016E2
9.280000000E0	1.576373354E2
9.320000000E0	1.638060690E2
9.360000000E0	1.687539476E2
9.400000000E0	1.715567484E2
9.440000000E0	1.716492159E2
9.480000000E0	1.712349323E2
9.520000000E0	1.716829804E2
9.560000000E0	1.712028313E2
9.600000000E0	1.708171222E2
9.640000000E0	1.706890264E2
9.680000000E0	1.704944620E2
9.720000000E0	1.700592582E2
9.760000000E0	1.694085899E2
9.800000000E0	1.678237647E2
9.840000000E0	1.648089498E2
9.880000000E0	1.601504810E2
9.920000000E0	1.462867992E2
9.960000000E0	1.462545589E2
1.000000000E1	1.385465113E2
1.004000000E1	1.308425085E2
1.008000000E1	1.237989873E2
1.012000000E1	1.172468097E2
1.016000000E1	1.111069842E2
1.020000000E1	1.072556677E2
1.024000000E1	1.051708724E2
1.028000000E1	1.048385835E2
1.032000000E1	1.056701966E2
1.036000000E1	1.061389753E2
1.040000000E1	1.057047555E2
1.044000000E1	1.065488462E2
1.048000000E1	1.068814909E2
1.052000000E1	1.069892534E2
1.056000000E1	1.066752890E2
1.060000000E1	1.068868800E2
1.064000000E1	1.077882659E2
1.068000000E1	1.097206621E2
1.072000000E1	1.128822292E2
1.076000000E1	1.169695705E2
1.080000000E1	1.213915137E2
1.084000000E1	1.262563226E2
1.088000000E1	1.319172939E2
1.092000000E1	1.379373287E2
1.096000000E1	1.441896167E2
1.100000000E1	1.507483926E2
1.104000000E1	1.572151000E2
1.108000000E1	1.627192296E2
1.112000000E1	1.667260782E2
1.116000000E1	1.700887026E2
1.120000000E1	1.718253976E2
1.124000000E1	1.719433465E2
1.128000000E1	1.722833038E2
1.132000000E1	1.726488170E2
1.136000000E1	1.725760192E2
1.140000000E1	1.724045978E2
1.144000000E1	1.723448697E2
1.148000000E1	1.717362693E2
1.152000000E1	1.706508229E2
1.156000000E1	1.648804866E2
1.160000000E1	1.649971610E2
1.164000000E1	1.581365832E2
1.168000000E1	1.499268110E2
1.172000000E1	1.420060202E2
1.176000000E1	1.344660209E2
1.180000000E1	1.277649249E2
1.184000000E1	1.215946618E2
1.188000000E1	1.166923980E2
1.192000000E1	1.123675556E2
1.196000000E1	1.086970910E2
1.200000000E1	1.066373762E2
1.204000000E1	1.059103291E2
1.208000000E1	1.074340444E2
1.212000000E1	1.073729472E2
1.216000000E1	1.067190252E2
1.220000000E1	1.071502778E2
1.224000000E1	1.079820389E2
1.228000000E1	1.080856427E2
1.232000000E1	1.081284632E2
1.236000000E1	1.079955560E2
1.240000000E1	1.080611560E2
1.244000000E1	1.086954602E2
1.248000000E1	1.101486424E2
1.252000000E1	1.125249329E2
1.256000000E1	1.199948749E2
1.260000000E1	1.200796995E2
1.264000000E1	1.255192017E2
1.268000000E1	1.318150709E2
1.272000000E1	1.381943411E2
1.276000000E1	1.443131687E2
1.280000000E1	1.501653016E2
1.284000000E1	1.557931789E2
1.288000000E1	1.603886599E2
1.292000000E1	1.644387838E2
1.296000000E1	1.685294484E2
1.300000000E1	1.715446298E2
1.304000000E1	1.721401802E2
1.308000000E1	1.717064505E2
1.312000000E1	1.720378900E2
1.316000000E1	1.722140681E2
1.320000000E1	1.718958295E2
1.324000000E1	1.718421162E2
1.328000000E1	1.709956244E2
1.332000000E1	1.700165951E2
1.336000000E1	1.684555072E2
1.340000000E1	1.648149787E2
1.344000000E1	1.590851290E2
1.348000000E1	1.519659289E2
1.352000000E1	1.444930198E2
1.356000000E1	1.369226203E2
1.360000000E1	1.305517264E2
1.364000000E1	1.244554416E2
1.368000000E1	1.191645203E2
1.372000000E1	1.142079269E2
1.376000000E1	1.104564113E2
1.380000000E1	1.074365898E2
1.384000000E1	1.054981229E2
1.388000000E1	1.045785785E2
1.392000000E1	1.044965396E2
1.396000000E1	1.051436083E2
1.400000000E1	1.048162654E2
1.404000000E1	1.047448622E2
1.408000000E1	1.058128759E2
1.412000000E1	1.062588960E2
1.416000000E1	1.064832392E2
1.420000000E1	1.064370824E2
1.424000000E1	1.062820142E2
1.428000000E1	1.081011443E2
1.432000000E1	1.080363135E2
1.436000000E1	1.101359141E2
1.440000000E1	1.137700394E2
1.444000000E1	1.184465075E2
1.448000000E1	1.237351831E2
1.452000000E1	1.298598062E2
1.456000000E1	1.362444723E2
1.460000000E1	1.427308753E2
1.464000000E1	1.487467245E2
1.468000000E1	1.543905112E2
1.472000000E1	1.598603983E2
1.476000000E1	1.647399869E2
1.480000000E1	1.686410460E2
1.484000000E1	1.707772762E2
1.488000000E1	1.705656265E2
1.492000000E1	1.708174566E2
1.496000000E1	1.712284433E2
1.500000000E1	1.714034720E2
1.504000000E1	1.714402395E2
1.508000000E1	1.715182741E2
1.512000000E1	1.709024960E2
1.516000000E1	1.697992088E2
1.520000000E1	1.675341497E2
1.524000000E1	1.634323136E2
1.528000000E1	1.583061617E2
1.532000000E1	1.520223011E2
1.536000000E1	1.454136438E2
1.540000000E1	1.388646776E2
1.544000000E1	1.325136606E2
1.548000000E1	1.268006558E2
1.552000000E1	1.216650746E2
1.556000000E1	1.173495221E2
1.560000000E1	1.131971443E2
1.564000000E1	1.100589141E2
1.568000000E1	1.076420917E2
1.572000000E1	1.062769782E2
1.576000000E1	1.055095811E2
1.580000000E1	1.054766218E2
1.584000000E1	1.047638516E2
1.588000000E1	1.048521480E2
1.592000000E1	1.055868141E2
1.596000000E1	1.058290351E2
1.600000000E1	1.060834742E2
1.604000000E1	1.060450601E2
1.608000000E1	1.059465464E2
1.612000000E1	1.059415512E2
1.616000000E1	1.064280912E2
1.620000000E1	1.078947367E2
1.624000000E1	1.106136974E2
1.628000000E1	1.141899775E2
1.632000000E1	1.190632849E2
1.636000000E1	1.243046410E2
1.640000000E1	1.306205046E2
1.644000000E1	1.373238483E2
1.648000000E1	1.434442601E2
1.652000000E1	1.498534214E2
1.656000000E1	1.563181522E2
1.660000000E1	1.621501475E2
1.664000000E1	1.671997651E2
1.668000000E1	1.712033589E2
1.672000000E1	1.732969466E2
1.676000000E1	1.720604468E2
1.680000000E1	1.721561762E2
1.684000000E1	1.723312200E2
1.688000000E1	1.721510232E2
1.692000000E1	1.721512292E2
1.696000000E1	1.723053561E2
1.700000000E1	1.720563525E2
1.704000000E1	1.714309949E2
1.708000000E1	1.704222922E2
1.712000000E1	1.687039744E2
1.716000000E1	1.644703031E2
1.720000000E1	1.584863160E2
1.724000000E1	1.513584430E2
1.728000000E1	1.438831192E2
1.732000000E1	1.369438808E2
1.736000000E1	1.307288522E2
1.740000000E1	1.243349809E2
1.744000000E1	1.192629642E2
1.748000000E1	1.149882926E2
1.752000000E1	1.107416265E2
1.756000000E1	1.076827216E2
1.760000000E1	1.060735571E2
1.764000000E1	1.057591484E2
1.768000000E1	1.048457303E2
1.772000000E1	1.048047469E2
1.776000000E1	1.055789827E2
1.780000000E1	1.064860348E2
1.784000000E1	1.072348203E2
1.788000000E1	1.075470528E2
1.792000000E1	1.080204332E2
1.796000000E1	1.089889283E2
1.800000000E1	1.107922259E2
1.804000000E1	1.138734645E2
1.808000000E1	1.183682424E2
1.812000000E1	1.235084312E2
1.816000000E1	1.294927493E2
1.820000000E1	1.359840982E2
1.824000000E1	1.433084720E2
1.828000000E1	1.500783695E2
1.832000000E1	1.560965918E2
1.836000000E1	1.611241190E2
1.840000000E1	1.655552910E2
1.844000000E1	1.696217890E2
1.848000000E1	1.725467101E2
1.852000000E1	1.720642988E2
1.856000000E1	1.721047987E2
1.860000000E1	1.726801240E2
1.864000000E1	1.725571777E2
1.868000000E1	1.723442829E2
1.872000000E1	1.724699201E2
1.876000000E1	1.721108478E2
1.880000000E1	1.720219601E2
1.884000000E1	1.710666241E2
1.888000000E1	1.705973222E2
1.892000000E1	1.689585477E2
1.896000000E1	1.654524498E2
1.900000000E1	1.599362752E2
1.904000000E1	1.533205703E2
1.908000000E1	1.474679489E2
1.912000000E1	1.417158349E2
1.916000000E1	1.368390272E2
1.920000000E1	1.315818576E2
1.924000000E1	1.264762187E2
1.928000000E1	1.165347572E2
1.932000000E1	1.166063691E2
1.936000000E1	1.118955111E2
1.940000000E1	1.082192833E2
1.944000000E1	1.060968670E2
1.948000000E1	1.052048368E2
1.952000000E1	1.046484257E2
1.956000000E1	1.040016707E2
1.960000000E1	1.046647351E2
1.964000000E1	1.052943337E2
1.968000000E1	1.058895518E2
1.972000000E1	1.063484531E2
1.976000000E1	1.072601131E2
1.980000000E1	1.086793199E2
1.984000000E1	1.106861095E2
1.988000000E1	1.136268842E2
1.992000000E1	1.166915158E2
1.996000000E1	1.208833500E2
2.000000000E1	1.256967708E2
2.004000000E1	1.313356959E2
2.008000000E1	1.439158448E2
2.012000000E1	1.438677645E2
2.016000000E1	1.495377665E2
2.020000000E1	1.549677289E2
2.024000000E1	1.604565593E2
2.028000000E1	1.660810978E2
2.032000000E1	1.704896875E2
2.036000000E1	1.737422877E2
2.040000000E1	1.748332565E2
2.044000000E1	1.741184431E2
2.048000000E1	1.741827719E2
2.052000000E1	1.743518306E2
2.056000000E1	1.744078374E2
2.060000000E1	1.743141391E2
2.064000000E1	1.744843504E2
2.068000000E1	1.742222166E2
2.072000000E1	1.734152516E2
2.076000000E1	1.713465904E2
2.080000000E1	1.675785183E2
2.084000000E1	1.614724224E2
2.088000000E1	1.533669848E2
2.092000000E1	1.452211762E2
2.096000000E1	1.374021075E2
2.100000000E1	1.300348335E2
2.104000000E1	1.237303944E2
2.108000000E1	1.176113902E2
2.112000000E1	1.117883628E2
2.116000000E1	1.072968046E2
2.120000000E1	1.042102644E2
2.124000000E1	1.028070062E2
2.128000000E1	1.029317194E2
2.132000000E1	1.029597782E2
2.136000000E1	1.033928499E2
2.140000000E1	1.045011191E2
2.144000000E1	1.052489695E2
2.148000000E1	1.059695003E2
2.152000000E1	1.062065563E2
2.156000000E1	1.070811664E2
2.160000000E1	1.066636696E2
2.164000000E1	1.089358527E2
2.168000000E1	1.117565106E2
2.172000000E1	1.148395054E2
2.176000000E1	1.182787397E2
2.180000000E1	1.225341318E2
2.184000000E1	1.275360718E2
2.188000000E1	1.328164318E2
2.192000000E1	1.382957029E2
2.196000000E1	1.438761340E2
2.200000000E1	1.491708336E2
2.204000000E1	1.543100975E2
2.208000000E1	1.588763891E2
2.212000000E1	1.636842073E2
2.216000000E1	1.680874260E2
2.220000000E1	1.710705200E2
2.224000000E1	1.701235880E2
2.228000000E1	1.707525550E2
2.232000000E1	1.706924571E2
2.236000000E1	1.707435977E2
2.240000000E1	1.704113043E2
2.244000000E1	1.705374439E2
2.248000000E1	1.706389152E2
2.252000000E1	1.704031166E2
2.256000000E1	1.701133910E2
2.260000000E1	1.690391046E2
2.264000000E1	1.662199817E2
2.268000000E1	1.606809744E2
2.272000000E1	1.533506270E2
2.276000000E1	1.457919032E2
2.280000000E1	1.392175676E2
2.284000000E1	1.337260625E2
2.288000000E1	1.282536621E2
2.292000000E1	1.224898270E2
2.296000000E1	1.174534078E2
2.300000000E1	1.128591103E2
2.304000000E1	1.085928262E2
2.308000000E1	1.054265309E2
2.312000000E1	1.034905847E2
2.316000000E1	1.027661514E2
2.320000000E1	1.030877338E2
2.324000000E1	1.023918418E2
2.328000000E1	1.043182491E2
2.332000000E1	1.044151104E2
2.336000000E1	1.046829526E2
2.340000000E1	1.050005488E2
2.344000000E1	1.052217668E2
2.348000000E1	1.059981547E2
2.352000000E1	1.074696499E2
2.356000000E1	1.095431032E2
2.360000000E1	1.126602075E2
2.364000000E1	1.165800341E2
2.368000000E1	1.211919734E2
2.372000000E1	1.265774983E2
2.376000000E1	1.323447956E2
2.380000000E1	1.381200757E2
2.384000000E1	1.447106417E2
2.388000000E1	1.511749800E2
2.392000000E1	1.577138100E2
2.396000000E1	1.639653176E2
2.400000000E1	1.688804295E2
2.404000000E1	1.710716154E2
2.408000000E1	1.708227617E2
2.412000000E1	1.702611274E2
2.416000000E1	1.707217539E2
2.420000000E1	1.707515338E2
2.424000000E1	1.702380794E2
2.428000000E1	1.699055540E2
2.432000000E1	1.699821138E2
2.436000000E1	1.691292530E2
2.440000000E1	1.677076349E2
2.444000000E1	1.655371485E2
2.448000000E1	1.615863036E2
2.452000000E1	1.572083610E2
2.456000000E1	1.528769927E2
2.460000000E1	1.488614876E2
2.464000000E1	1.448775196E2
2.468000000E1	1.404748104E2
2.472000000E1	1.355775294E2
2.476000000E1	1.305248713E2
2.480000000E1	1.263172827E2
2.484000000E1	1.222980829E2
2.488000000E1	1.180096656E2
2.492000000E1	1.098512115E2
2.496000000E1	1.099471001E2
2.500000000E1	1.066589059E2
2.504000000E1	1.046726577E2
2.508000000E1	1.038842141E2
2.512000000E1	1.028120322E2
2.516000000E1	1.032462756E2
2.520000000E1	1.038960048E2
2.524000000E1	1.043957009E2
2.528000000E1	1.047719627E2
2.532000000E1	1.049578499E2
2.536000000E1	1.052619759E2
2.540000000E1	1.061788277E2
2.544000000E1	1.075346461E2
2.548000000E1	1.093620316E2
2.552000000E1	1.118796091E2
2.556000000E1	1.153944207E2
2.560000000E1	1.196370626E2
2.564000000E1	1.240312374E2
2.568000000E1	1.291464716E2
2.572000000E1	1.346369547E2
2.576000000E1	1.407633119E2
2.580000000E1	1.472453214E2
2.584000000E1	1.545367956E2
2.588000000E1	1.613153389E2
2.592000000E1	1.668388864E2
2.596000000E1	1.707074482E2
2.600000000E1	1.712227451E2
2.604000000E1	1.706368584E2
2.608000000E1	1.709666409E2
2.612000000E1	1.711254113E2
2.616000000E1	1.706442971E2
2.620000000E1	1.707814651E2
2.624000000E1	1.705679048E2
2.628000000E1	1.705027340E2
2.632000000E1	1.704231684E2
2.636000000E1	1.697463351E2
2.640000000E1	1.686699609E2
2.644000000E1	1.660003157E2
2.648000000E1	1.617663546E2
2.652000000E1	1.559205017E2
2.656000000E1	1.491520837E2
2.660000000E1	1.425600971E2
2.664000000E1	1.364216507E2
2.668000000E1	1.306908196E2
2.672000000E1	1.254127703E2
2.676000000E1	1.201938636E2
2.680000000E1	1.150808891E2
2.684000000E1	1.106390141E2
2.688000000E1	1.072974346E2
2.692000000E1	1.051757246E2
2.696000000E1	1.042362853E2
2.700000000E1	1.043134485E2
2.704000000E1	1.036065777E2
2.708000000E1	1.040778326E2
2.712000000E1	1.048298500E2
2.716000000E1	1.050880433E2
2.720000000E1	1.050350043E2
2.724000000E1	1.050865776E2
2.728000000E1	1.057242097E2
2.732000000E1	1.071820228E2
2.736000000E1	1.090594685E2
2.740000000E1	1.119590486E2
2.744000000E1	1.153839191E2
2.748000000E1	1.197107887E2
2.752000000E1	1.244686913E2
2.756000000E1	1.298758985E2
2.760000000E1	1.358682995E2
2.764000000E1	1.425373592E2
2.768000000E1	1.491010721E2
2.772000000E1	1.558682633E2
2.776000000E1	1.624838959E2
2.780000000E1	1.680708340E2
2.784000000E1	1.715461733E2
2.788000000E1	1.720897091E2
2.792000000E1	1.712749766E2
2.796000000E1	1.713373823E2
2.800000000E1	1.716042244E2
2.804000000E1	1.712244322E2
2.808000000E1	1.711119457E2
2.812000000E1	1.710156179E2
2.816000000E1	1.706822765E2
2.820000000E1	1.702551481E2
2.824000000E1	1.695973592E2
2.828000000E1	1.680641792E2
2.832000000E1	1.648633339E2
2.836000000E1	1.603439068E2
2.840000000E1	1.548937659E2
2.844000000E1	1.489425170E2
2.848000000E1	1.429296729E2
2.852000000E1	1.374090254E2
2.856000000E1	1.316505475E2
2.860000000E1	1.256833155E2
2.864000000E1	1.198885927E2
2.868000000E1	1.143334165E2
2.872000000E1	1.097524414E2
2.876000000E1	1.069597377E2
2.880000000E1	1.056124282E2
2.884000000E1	1.049418686E2
2.888000000E1	1.041247405E2
2.892000000E1	1.045303102E2
2.896000000E1	1.051658606E2
2.900000000E1	1.056483075E2
2.904000000E1	1.059342522E2
2.908000000E1	1.061953291E2
2.912000000E1	1.054108531E2
2.916000000E1	1.065962131E2
2.920000000E1	1.085342097E2
2.924000000E1	1.118743662E2
2.928000000E1	1.160336399E2
2.932000000E1	1.214596894E2
2.936000000E1	1.275774710E2
2.940000000E1	1.346683065E2
2.944000000E1	1.419723297E2
2.948000000E1	1.492775341E2
2.952000000E1	1.560202239E2
2.956000000E1	1.625034339E2
2.960000000E1	1.680862211E2
2.964000000E1	1.720099817E2
2.968000000E1	1.732881285E2
2.972000000E1	1.726798845E2
2.976000000E1	1.730485465E2
2.980000000E1	1.732469437E2
2.984000000E1	1.728622283E2
2.988000000E1	1.724934385E2
2.992000000E1	1.718650861E2
2.996000000E1	1.700130798E2
3.000000000E1	1.665526051E2
3.004000000E1	1.616386212E2
3.008000000E1	1.563996904E2
3.012000000E1	1.513952737E2
3.016000000E1	1.463946501E2
3.020000000E1	1.413838254E2
3.024000000E1	1.364879611E2
3.028000000E1	1.316543600E2
3.032000000E1	1.263735243E2
3.036000000E1	1.214594635E2
3.040000000E1	1.171691810E2
3.044000000E1	1.125143332E2
3.048000000E1	1.087544404E2
3.052000000E1	1.059158155E2
3.056000000E1	1.039616247E2
3.060000000E1	1.034852562E2
3.064000000E1	1.027780093E2
3.068000000E1	1.029031710E2
3.072000000E1	1.040372939E2
3.076000000E1	1.058703613E2
3.080000000E1	1.058372754E2
3.084000000E1	1.060882199E2
3.088000000E1	1.060794948E2
3.092000000E1	1.062239813E2
3.096000000E1	1.070772972E2
3.100000000E1	1.087633289E2
3.104000000E1	1.118664077E2
3.108000000E1	1.157167056E2
3.112000000E1	1.205941048E2
3.116000000E1	1.261102193E2
3.120000000E1	1.323334765E2
3.124000000E1	1.387232503E2
3.128000000E1	1.447396028E2
3.132000000E1	1.511932730E2
3.136000000E1	1.577122750E2
3.140000000E1	1.643453400E2
3.144000000E1	1.696415307E2
3.148000000E1	1.727051433E2
3.152000000E1	1.719768144E2
3.156000000E1	1.713670709E2
3.160000000E1	1.718757381E2
3.164000000E1	1.721383434E2
3.168000000E1	1.718382750E2
3.172000000E1	1.717734073E2
3.176000000E1	1.713822376E2
3.180000000E1	1.701625057E2
3.184000000E1	1.677084914E2
3.188000000E1	1.635080175E2
3.192000000E1	1.582328989E2
3.196000000E1	1.516037337E2
3.200000000E1	1.440532980E2
3.204000000E1	1.368175812E2
3.208000000E1	1.299798538E2
3.212000000E1	1.235133807E2
3.216000000E1	1.177377778E2
3.220000000E1	1.121088870E2
3.224000000E1	1.069673749E2
3.228000000E1	1.033147725E2
3.232000000E1	1.010601064E2
3.236000000E1	1.009504819E2
3.240000000E1	1.016749683E2
3.244000000E1	1.013090860E2
3.248000000E1	1.019497067E2
3.252000000E1	1.030323168E2
3.256000000E1	1.037225012E2
3.260000000E1	1.043531392E2
3.264000000E1	1.045090311E2
3.268000000E1	1.044817934E2
3.272000000E1	1.043502347E2
3.276000000E1	1.040940679E2
3.280000000E1	1.038274172E2
3.284000000E1	1.037960887E2
3.288000000E1	1.036401997E2
3.292000000E1	1.035482284E2
3.296000000E1	1.034911685E2
3.300000000E1	1.034115747E2
3.304000000E1	1.034206472E2
3.308000000E1	1.035390563E2
3.312000000E1	1.036290582E2
3.316000000E1	1.036841510E2
3.320000000E1	1.036638005E2
3.324000000E1	1.036660494E2
3.328000000E1	1.036730394E2
3.332000000E1	1.036777817E2
3.336000000E1	1.036747775E2
3.340000000E1	1.036823107E2
3.344000000E1	1.038075443E2
3.348000000E1	1.037834980E2
3.352000000E1	1.037027882E2
3.356000000E1	1.036728436E2
3.360000000E1	1.036382690E2
3.364000000E1	1.035789773E2
3.368000000E1	1.034121932E2
3.372000000E1	1.031468627E2
3.376000000E1	1.031652067E2
3.380000000E1	1.030842844E2
3.384000000E1	1.030039333E2
3.388000000E1	1.028812612E2
3.392000000E1	1.029181053E2
3.396000000E1	1.029340869E2
3.400000000E1	1.029345177E2
3.404000000E1	1.028689607E2
3.408000000E1	1.027499679E2
3.412000000E1	1.025732970E2
3.416000000E1	1.022651192E2
3.420000000E1	1.019382268E2
