
t/1	ANGLE/1
0.000000000E0	8.922679651E1
4.000000000E-2	8.922794861E1
8.000000000E-2	8.918003607E1
1.200000000E-1	8.900968584E1
1.600000000E-1	8.895086987E1
2.000000000E-1	8.872398050E1
2.400000000E-1	8.862036080E1
2.800000000E-1	8.859959798E1
3.200000000E-1	8.862390409E1
3.600000000E-1	8.864716910E1
4.000000000E-1	8.865855443E1
4.400000000E-1	8.867716714E1
4.800000000E-1	8.870551276E1
5.200000000E-1	8.885075337E1
5.600000000E-1	8.895630567E1
6.000000000E-1	8.897136048E1
6.400000000E-1	8.897887501E1
6.800000000E-1	8.897334484E1
7.200000000E-1	8.893959526E1
7.600000000E-1	8.893813381E1
8.000000000E-1	8.893964191E1
8.400000000E-1	8.890822362E1
8.800000000E-1	8.890826523E1
9.200000000E-1	8.889173455E1
9.600000000E-1	8.886778985E1
1.000000000E0	8.891206761E1
1.040000000E0	8.889912692E1
1.080000000E0	8.892386857E1
1.120000000E0	8.893867155E1
1.160000000E0	8.894986223E1
1.200000000E0	8.891000281E1
1.240000000E0	8.890047488E1
1.280000000E0	8.889935316E1
1.320000000E0	8.888551856E1
1.360000000E0	8.874325239E1
1.400000000E0	8.869791870E1
1.440000000E0	8.866407347E1
1.480000000E0	8.863555260E1
1.520000000E0	8.843628541E1
1.560000000E0	8.813408064E1
1.600000000E0	8.780210881E1
1.640000000E0	8.727911140E1
1.680000000E0	8.672244400E1
1.720000000E0	8.597559357E1
1.760000000E0	8.508456665E1
1.800000000E0	8.394425609E1
1.840000000E0	8.265653095E1
1.880000000E0	8.136044485E1
1.920000000E0	8.007059536E1
1.960000000E0	7.891093784E1
2.000000000E0	7.783148804E1
2.040000000E0	7.686565201E1
2.080000000E0	7.608692028E1
2.120000000E0	7.531457245E1
2.160000000E0	7.471083071E1
2.200000000E0	7.438867727E1
2.240000000E0	7.444647143E1
2.280000000E0	7.446934324E1
2.320000000E0	7.445837232E1
2.360000000E0	7.450845444E1
2.400000000E0	7.454918939E1
2.440000000E0	7.457047098E1
2.480000000E0	7.455365477E1
2.520000000E0	7.458746000E1
2.560000000E0	7.464207741E1
2.600000000E0	7.468769118E1
2.640000000E0	7.486299371E1
2.680000000E0	7.510705521E1
2.720000000E0	7.553358903E1
2.760000000E0	7.614269768E1
2.800000000E0	7.701875663E1
2.840000000E0	7.810798977E1
2.880000000E0	7.954110898E1
2.920000000E0	8.121228236E1
2.960000000E0	8.308551137E1
3.000000000E0	8.507380800E1
3.040000000E0	8.699695444E1
3.080000000E0	8.892650384E1
3.120000000E0	9.042124792E1
3.160000000E0	9.147708126E1
3.200000000E0	9.213328019E1
3.240000000E0	9.239704596E1
3.280000000E0	9.234199940E1
3.320000000E0	9.188755245E1
3.360000000E0	9.112448394E1
3.400000000E0	9.036235563E1
3.440000000E0	8.961557643E1
3.480000000E0	8.874207702E1
3.520000000E0	8.768781856E1
3.560000000E0	8.643073770E1
3.600000000E0	8.471802470E1
3.640000000E0	8.285748318E1
3.680000000E0	8.114974509E1
3.720000000E0	7.962127864E1
3.760000000E0	7.826451225E1
3.800000000E0	7.700650906E1
3.840000000E0	7.589201195E1
3.880000000E0	7.489329802E1
3.920000000E0	7.395976629E1
3.960000000E0	7.319107994E1
4.000000000E0	7.251235298E1
4.040000000E0	7.207224776E1
4.080000000E0	7.202109873E1
4.120000000E0	7.221686368E1
4.160000000E0	7.236027443E1
4.200000000E0	7.267487675E1
4.240000000E0	7.303247098E1
4.280000000E0	7.400643563E1
4.320000000E0	7.400681352E1
4.360000000E0	7.471524754E1
4.400000000E0	7.549903296E1
4.440000000E0	7.662477439E1
4.480000000E0	7.793279640E1
4.520000000E0	7.953984651E1
4.560000000E0	8.125405012E1
4.600000000E0	8.308351204E1
4.640000000E0	8.475355631E1
4.680000000E0	8.613331098E1
4.720000000E0	8.733351341E1
4.760000000E0	8.840611768E1
4.800000000E0	8.928017449E1
4.840000000E0	8.976108013E1
4.880000000E0	9.017321631E1
4.920000000E0	9.041711881E1
4.960000000E0	9.051031971E1
5.000000000E0	8.990404518E1
5.040000000E0	8.988037002E1
5.080000000E0	8.948127170E1
5.120000000E0	8.922101070E1
5.160000000E0	8.903696074E1
5.200000000E0	8.890485824E1
5.240000000E0	8.862155222E1
5.280000000E0	8.820194869E1
5.320000000E0	8.777848114E1
5.360000000E0	8.703826808E1
5.400000000E0	8.604109210E1
5.440000000E0	8.474072792E1
5.480000000E0	8.324566090E1
5.520000000E0	8.146962882E1
5.560000000E0	7.942672460E1
5.600000000E0	7.760210174E1
5.640000000E0	7.606169908E1
5.680000000E0	7.476199265E1
5.720000000E0	7.383928494E1
5.760000000E0	7.323682140E1
5.800000000E0	7.288832199E1
5.840000000E0	7.268618873E1
5.880000000E0	7.272480570E1
5.920000000E0	7.277234487E1
5.960000000E0	7.275120355E1
6.000000000E0	7.279722478E1
6.040000000E0	7.285211938E1
6.080000000E0	7.294926208E1
6.120000000E0	7.321207830E1
6.160000000E0	7.348519333E1
6.200000000E0	7.398814505E1
6.240000000E0	7.470670665E1
6.280000000E0	7.550391661E1
6.320000000E0	7.641752279E1
6.360000000E0	7.746396355E1
6.400000000E0	7.864992490E1
6.440000000E0	8.005327466E1
6.480000000E0	8.155258806E1
6.520000000E0	8.313293340E1
6.560000000E0	8.475276908E1
6.600000000E0	8.619314700E1
6.640000000E0	8.760472234E1
6.680000000E0	8.884471732E1
6.720000000E0	8.983499101E1
6.760000000E0	9.064611208E1
6.800000000E0	9.107710654E1
6.840000000E0	9.125953373E1
6.880000000E0	9.132618740E1
6.920000000E0	9.126862195E1
6.960000000E0	9.093681158E1
7.000000000E0	9.043266657E1
7.040000000E0	9.012196775E1
7.080000000E0	8.983752458E1
7.120000000E0	8.953405657E1
7.160000000E0	8.927263552E1
7.200000000E0	8.895539128E1
7.240000000E0	8.839565648E1
7.280000000E0	8.751387429E1
7.320000000E0	8.623978823E1
7.360000000E0	8.456800147E1
7.400000000E0	8.274945231E1
7.440000000E0	8.071670419E1
7.480000000E0	7.714265250E1
7.520000000E0	7.716901928E1
7.560000000E0	7.588356470E1
7.600000000E0	7.482377348E1
7.640000000E0	7.399809984E1
7.680000000E0	7.339928512E1
7.720000000E0	7.308903724E1
7.760000000E0	7.320454130E1
7.800000000E0	7.339137602E1
7.840000000E0	7.345653913E1
7.880000000E0	7.359967332E1
7.920000000E0	7.370560956E1
7.960000000E0	7.372992250E1
8.000000000E0	7.376086047E1
8.040000000E0	7.397505096E1
8.080000000E0	7.427805131E1
8.120000000E0	7.499024952E1
8.160000000E0	7.594929008E1
8.200000000E0	7.721832948E1
8.240000000E0	7.870139318E1
8.280000000E0	8.033984934E1
8.320000000E0	8.210997954E1
8.360000000E0	8.374296002E1
8.400000000E0	8.523380305E1
8.440000000E0	8.663527964E1
8.480000000E0	8.803919077E1
8.520000000E0	8.917014515E1
8.560000000E0	9.048208865E1
8.600000000E0	9.044093188E1
8.640000000E0	9.071436378E1
8.680000000E0	9.071940107E1
8.720000000E0	9.071440631E1
8.760000000E0	9.023297521E1
8.800000000E0	8.955342455E1
8.840000000E0	8.899318343E1
8.880000000E0	8.843575586E1
8.920000000E0	8.789151834E1
8.960000000E0	8.719940204E1
9.000000000E0	8.632192299E1
9.040000000E0	8.512625537E1
9.080000000E0	8.370338332E1
9.120000000E0	8.212051708E1
9.160000000E0	8.048658922E1
9.200000000E0	7.906004399E1
9.240000000E0	7.778038694E1
9.280000000E0	7.669592146E1
9.320000000E0	7.573105227E1
9.360000000E0	7.499314208E1
9.400000000E0	7.437830088E1
9.440000000E0	7.394517329E1
9.480000000E0	7.381263169E1
9.520000000E0	7.387689777E1
9.560000000E0	7.396442055E1
9.600000000E0	7.408361929E1
9.640000000E0	7.417473121E1
9.680000000E0	7.414369994E1
9.720000000E0	7.413261589E1
9.760000000E0	7.429366934E1
9.800000000E0	7.453322199E1
9.840000000E0	7.499907732E1
9.880000000E0	7.586173512E1
9.920000000E0	7.812578114E1
9.960000000E0	7.812524767E1
1.000000000E1	7.946155579E1
1.004000000E1	8.110145584E1
1.008000000E1	8.303167596E1
1.012000000E1	8.493477247E1
1.016000000E1	8.657829495E1
1.020000000E1	8.815886829E1
1.024000000E1	8.948545016E1
1.028000000E1	9.034316261E1
1.032000000E1	9.088475697E1
1.036000000E1	9.112352805E1
1.040000000E1	9.105587317E1
1.044000000E1	9.102060966E1
1.048000000E1	9.077534913E1
1.052000000E1	9.037121243E1
1.056000000E1	8.975870510E1
1.060000000E1	8.922505415E1
1.064000000E1	8.865638151E1
1.068000000E1	8.806763708E1
1.072000000E1	8.730951357E1
1.076000000E1	8.620062127E1
1.080000000E1	8.468610713E1
1.084000000E1	8.300815516E1
1.088000000E1	8.142982185E1
1.092000000E1	7.980529323E1
1.096000000E1	7.841338189E1
1.100000000E1	7.719907311E1
1.104000000E1	7.602655568E1
1.108000000E1	7.496262601E1
1.112000000E1	7.408061292E1
1.116000000E1	7.343670405E1
1.120000000E1	7.297833859E1
1.124000000E1	7.273023922E1
1.128000000E1	7.268028062E1
1.132000000E1	7.277609933E1
1.136000000E1	7.288323456E1
1.140000000E1	7.303388143E1
1.144000000E1	7.320644899E1
1.148000000E1	7.339319595E1
1.152000000E1	7.358841171E1
1.156000000E1	7.439829149E1
1.160000000E1	7.439483582E1
1.164000000E1	7.508805446E1
1.168000000E1	7.598654100E1
1.172000000E1	7.719319789E1
1.176000000E1	7.870998604E1
1.180000000E1	8.039570640E1
1.184000000E1	8.209892403E1
1.188000000E1	8.365142466E1
1.192000000E1	8.502557079E1
1.196000000E1	8.608417120E1
1.200000000E1	8.691781145E1
1.204000000E1	8.772886036E1
1.208000000E1	8.902213578E1
1.212000000E1	8.899427928E1
1.216000000E1	8.927731324E1
1.220000000E1	8.951488959E1
1.224000000E1	8.965174169E1
1.228000000E1	8.953498542E1
1.232000000E1	8.922924773E1
1.236000000E1	8.886254249E1
1.240000000E1	8.850956113E1
1.244000000E1	8.802527797E1
1.248000000E1	8.761114098E1
1.252000000E1	8.703296310E1
1.256000000E1	8.503291950E1
1.260000000E1	8.502600320E1
1.264000000E1	8.365147245E1
1.268000000E1	8.210879738E1
1.272000000E1	8.052268514E1
1.276000000E1	7.899400073E1
1.280000000E1	7.763710894E1
1.284000000E1	7.635790051E1
1.288000000E1	7.519646099E1
1.292000000E1	7.423430184E1
1.296000000E1	7.348284078E1
1.300000000E1	7.290388446E1
1.304000000E1	7.241424657E1
1.308000000E1	7.214301646E1
1.312000000E1	7.209063756E1
1.316000000E1	7.204799697E1
1.320000000E1	7.194721554E1
1.324000000E1	7.196048261E1
1.328000000E1	7.201201893E1
1.332000000E1	7.214537017E1
1.336000000E1	7.251264008E1
1.340000000E1	7.292201811E1
1.344000000E1	7.356651168E1
1.348000000E1	7.436117216E1
1.352000000E1	7.532421282E1
1.356000000E1	7.632718048E1
1.360000000E1	7.760978684E1
1.364000000E1	7.889988425E1
1.368000000E1	8.047431107E1
1.372000000E1	8.180649891E1
1.376000000E1	8.317938633E1
1.380000000E1	8.449412232E1
1.384000000E1	8.565741135E1
1.388000000E1	8.680612488E1
1.392000000E1	8.782937031E1
1.396000000E1	8.861614576E1
1.400000000E1	8.919689747E1
1.404000000E1	8.964454716E1
1.408000000E1	8.998673581E1
1.412000000E1	8.997254556E1
1.416000000E1	8.961701609E1
1.420000000E1	8.925693568E1
1.424000000E1	8.883695067E1
1.428000000E1	8.779538269E1
1.432000000E1	8.778500145E1
1.436000000E1	8.718336770E1
1.440000000E1	8.634845968E1
1.444000000E1	8.531731640E1
1.448000000E1	8.389610817E1
1.452000000E1	8.210161139E1
1.456000000E1	8.025341446E1
1.460000000E1	7.841111508E1
1.464000000E1	7.677945192E1
1.468000000E1	7.556139533E1
1.472000000E1	7.447255493E1
1.476000000E1	7.344199783E1
1.480000000E1	7.249954943E1
1.484000000E1	7.196186446E1
1.488000000E1	7.158250213E1
1.492000000E1	7.155936825E1
1.496000000E1	7.160808493E1
1.500000000E1	7.153652732E1
1.504000000E1	7.154005286E1
1.508000000E1	7.166302091E1
1.512000000E1	7.172510939E1
1.516000000E1	7.194330887E1
1.520000000E1	7.229114439E1
1.524000000E1	7.275027782E1
1.528000000E1	7.347810696E1
1.532000000E1	7.443558287E1
1.536000000E1	7.569607654E1
1.540000000E1	7.703792145E1
1.544000000E1	7.840350171E1
1.548000000E1	8.010341664E1
1.552000000E1	8.157231160E1
1.556000000E1	8.315607906E1
1.560000000E1	8.448977998E1
1.564000000E1	8.577431588E1
1.568000000E1	8.688208134E1
1.572000000E1	8.801011509E1
1.576000000E1	8.891575728E1
1.580000000E1	8.956615447E1
1.584000000E1	9.005648569E1
1.588000000E1	9.042363258E1
1.592000000E1	9.057355461E1
1.596000000E1	9.036415379E1
1.600000000E1	8.997520202E1
1.604000000E1	8.956133873E1
1.608000000E1	8.905222203E1
1.612000000E1	8.815078339E1
1.616000000E1	8.707521868E1
1.620000000E1	8.601970028E1
1.624000000E1	8.509637817E1
1.628000000E1	8.409727360E1
1.632000000E1	8.295649105E1
1.636000000E1	8.150114664E1
1.640000000E1	8.027308888E1
1.644000000E1	7.879700010E1
1.648000000E1	7.764221575E1
1.652000000E1	7.650233888E1
1.656000000E1	7.543634541E1
1.660000000E1	7.433980154E1
1.664000000E1	7.346169245E1
1.668000000E1	7.257725900E1
1.672000000E1	7.202594198E1
1.676000000E1	7.172611808E1
1.680000000E1	7.190306901E1
1.684000000E1	7.215066872E1
1.688000000E1	7.227154891E1
1.692000000E1	7.239998428E1
1.696000000E1	7.252713184E1
1.700000000E1	7.259752456E1
1.704000000E1	7.264227418E1
1.708000000E1	7.278849836E1
1.712000000E1	7.307140547E1
1.716000000E1	7.338965407E1
1.720000000E1	7.397142184E1
1.724000000E1	7.475477335E1
1.728000000E1	7.574181018E1
1.732000000E1	7.702971577E1
1.736000000E1	7.869243420E1
1.740000000E1	8.046720251E1
1.744000000E1	8.220046838E1
1.748000000E1	8.407114027E1
1.752000000E1	8.572160995E1
1.756000000E1	8.712731454E1
1.760000000E1	8.857867672E1
1.764000000E1	8.989856820E1
1.768000000E1	9.139919761E1
1.772000000E1	9.137838155E1
1.776000000E1	9.177241682E1
1.780000000E1	9.180884765E1
1.784000000E1	9.158659914E1
1.788000000E1	9.097756113E1
1.792000000E1	9.031895800E1
1.796000000E1	8.978499640E1
1.800000000E1	8.911279888E1
1.804000000E1	8.827771354E1
1.808000000E1	8.733937265E1
1.812000000E1	8.609486758E1
1.816000000E1	8.449997052E1
1.820000000E1	8.272872441E1
1.824000000E1	8.110604115E1
1.828000000E1	7.935321870E1
1.832000000E1	7.776398598E1
1.836000000E1	7.637820872E1
1.840000000E1	7.526605040E1
1.844000000E1	7.438519835E1
1.848000000E1	7.374681169E1
1.852000000E1	7.338251888E1
1.856000000E1	7.346325628E1
1.860000000E1	7.368037046E1
1.864000000E1	7.378867835E1
1.868000000E1	7.372925552E1
1.872000000E1	7.388745109E1
1.876000000E1	7.390817304E1
1.880000000E1	7.405027295E1
1.884000000E1	7.410373681E1
1.888000000E1	7.435566714E1
1.892000000E1	7.453862819E1
1.896000000E1	7.478864811E1
1.900000000E1	7.529893174E1
1.904000000E1	7.601429298E1
1.908000000E1	7.710016449E1
1.912000000E1	7.833502337E1
1.916000000E1	7.991028733E1
1.920000000E1	8.151682796E1
1.924000000E1	8.329212889E1
1.928000000E1	8.627634177E1
1.932000000E1	8.626164693E1
1.936000000E1	8.754155600E1
1.940000000E1	8.870905582E1
1.944000000E1	8.978098707E1
1.948000000E1	9.069630799E1
1.952000000E1	9.130552155E1
1.956000000E1	9.173705070E1
1.960000000E1	9.204511305E1
1.964000000E1	9.194892783E1
1.968000000E1	9.152892151E1
1.972000000E1	9.084417270E1
1.976000000E1	9.033724418E1
1.980000000E1	8.969101520E1
1.984000000E1	8.892023089E1
1.988000000E1	8.805226485E1
1.992000000E1	8.697196342E1
1.996000000E1	8.574840602E1
2.000000000E1	8.417639388E1
2.004000000E1	8.246405789E1
2.008000000E1	7.924190180E1
2.012000000E1	7.925946670E1
2.016000000E1	7.752006119E1
2.020000000E1	7.606104523E1
2.024000000E1	7.461069477E1
2.028000000E1	7.349876152E1
2.032000000E1	7.241213316E1
2.036000000E1	7.156453136E1
2.040000000E1	7.097253209E1
2.044000000E1	7.069587728E1
2.048000000E1	7.089429147E1
2.052000000E1	7.109036852E1
2.056000000E1	7.126584754E1
2.060000000E1	7.134595075E1
2.064000000E1	7.148443649E1
2.068000000E1	7.162315112E1
2.072000000E1	7.183369122E1
2.076000000E1	7.212464323E1
2.080000000E1	7.278310048E1
2.084000000E1	7.369410235E1
2.088000000E1	7.480695062E1
2.092000000E1	7.617596652E1
2.096000000E1	7.780401673E1
2.100000000E1	7.970789071E1
2.104000000E1	8.174347019E1
2.108000000E1	8.368570043E1
2.112000000E1	8.533865349E1
2.116000000E1	8.700640466E1
2.120000000E1	8.861074458E1
2.124000000E1	8.993006130E1
2.128000000E1	9.093758008E1
2.132000000E1	9.159661564E1
2.136000000E1	9.198957753E1
2.140000000E1	9.214968230E1
2.144000000E1	9.196307364E1
2.148000000E1	9.148909964E1
2.152000000E1	9.079512721E1
2.156000000E1	9.032611401E1
2.160000000E1	8.878753797E1
2.164000000E1	8.817621697E1
2.168000000E1	8.741090651E1
2.172000000E1	8.648314914E1
2.176000000E1	8.545854953E1
2.180000000E1	8.431765210E1
2.184000000E1	8.309285181E1
2.188000000E1	8.192977598E1
2.192000000E1	8.075087854E1
2.196000000E1	7.951480761E1
2.200000000E1	7.831706748E1
2.204000000E1	7.716139127E1
2.208000000E1	7.609989386E1
2.212000000E1	7.522674944E1
2.216000000E1	7.455478939E1
2.220000000E1	7.401092554E1
2.224000000E1	7.355165814E1
2.228000000E1	7.376371246E1
2.232000000E1	7.374139077E1
2.236000000E1	7.383738298E1
2.240000000E1	7.370579629E1
2.244000000E1	7.370492502E1
2.248000000E1	7.379814104E1
2.252000000E1	7.378910324E1
2.256000000E1	7.379529554E1
2.260000000E1	7.393088775E1
2.264000000E1	7.410668506E1
2.268000000E1	7.438433708E1
2.272000000E1	7.487317053E1
2.276000000E1	7.543712288E1
2.280000000E1	7.613122167E1
2.284000000E1	7.704037939E1
2.288000000E1	7.805897572E1
2.292000000E1	7.931286527E1
2.296000000E1	8.067883494E1
2.300000000E1	8.201243871E1
2.304000000E1	8.332781141E1
2.308000000E1	8.472705977E1
2.312000000E1	8.619437436E1
2.316000000E1	8.744883982E1
2.320000000E1	8.859274596E1
2.324000000E1	8.949774792E1
2.328000000E1	9.015851798E1
2.332000000E1	9.019771418E1
2.336000000E1	8.974951880E1
2.340000000E1	8.904617890E1
2.344000000E1	8.828772865E1
2.348000000E1	8.762693778E1
2.352000000E1	8.685814738E1
2.356000000E1	8.608166510E1
2.360000000E1	8.523433116E1
2.364000000E1	8.423045611E1
2.368000000E1	8.306908677E1
2.372000000E1	8.175153607E1
2.376000000E1	8.039494474E1
2.380000000E1	7.899322036E1
2.384000000E1	7.774118445E1
2.388000000E1	7.650000899E1
2.392000000E1	7.538734967E1
2.396000000E1	7.428069495E1
2.400000000E1	7.325610551E1
2.404000000E1	7.245763898E1
2.408000000E1	7.196517059E1
2.412000000E1	7.182351222E1
2.416000000E1	7.194733804E1
2.420000000E1	7.209207431E1
2.424000000E1	7.215950936E1
2.428000000E1	7.238420726E1
2.432000000E1	7.238417707E1
2.436000000E1	7.254895576E1
2.440000000E1	7.277911923E1
2.444000000E1	7.301205285E1
2.448000000E1	7.348678005E1
2.452000000E1	7.418399455E1
2.456000000E1	7.509264134E1
2.460000000E1	7.612751328E1
2.464000000E1	7.719343642E1
2.468000000E1	7.838627862E1
2.472000000E1	7.957178647E1
2.476000000E1	8.089088897E1
2.480000000E1	8.232873493E1
2.484000000E1	8.369165905E1
2.488000000E1	8.501296868E1
2.492000000E1	8.762630108E1
2.496000000E1	8.766358498E1
2.500000000E1	8.884118161E1
2.504000000E1	8.997596075E1
2.508000000E1	9.104195694E1
2.512000000E1	9.178835018E1
2.516000000E1	9.240707489E1
2.520000000E1	9.267171529E1
2.524000000E1	9.254442659E1
2.528000000E1	9.203727852E1
2.532000000E1	9.151677947E1
2.536000000E1	9.088594005E1
2.540000000E1	9.025439768E1
2.544000000E1	8.964428767E1
2.548000000E1	8.896316624E1
2.552000000E1	8.819107787E1
2.556000000E1	8.715351674E1
2.560000000E1	8.582440344E1
2.564000000E1	8.403159635E1
2.568000000E1	8.208783316E1
2.572000000E1	8.030251508E1
2.576000000E1	7.863233847E1
2.580000000E1	7.716414725E1
2.584000000E1	7.597181343E1
2.588000000E1	7.488779852E1
2.592000000E1	7.390038647E1
2.596000000E1	7.303017060E1
2.600000000E1	7.245362238E1
2.604000000E1	7.231550774E1
2.608000000E1	7.247122932E1
2.612000000E1	7.259560949E1
2.616000000E1	7.267256659E1
2.620000000E1	7.283082088E1
2.624000000E1	7.291711015E1
2.628000000E1	7.291540539E1
2.632000000E1	7.291510784E1
2.636000000E1	7.301048076E1
2.640000000E1	7.310148529E1
2.644000000E1	7.341075304E1
2.648000000E1	7.392259844E1
2.652000000E1	7.463053056E1
2.656000000E1	7.559574455E1
2.660000000E1	7.679742861E1
2.664000000E1	7.822294090E1
2.668000000E1	7.983288724E1
2.672000000E1	8.167456098E1
2.676000000E1	8.363215930E1
2.680000000E1	8.535950371E1
2.684000000E1	8.700564807E1
2.688000000E1	8.850381528E1
2.692000000E1	8.994926674E1
2.696000000E1	9.103348103E1
2.700000000E1	9.190636540E1
2.704000000E1	9.257217517E1
2.708000000E1	9.294245044E1
2.712000000E1	9.303426584E1
2.716000000E1	9.266708082E1
2.720000000E1	9.204339823E1
2.724000000E1	9.147367849E1
2.728000000E1	9.090086401E1
2.732000000E1	9.050912623E1
2.736000000E1	8.993271353E1
2.740000000E1	8.919103346E1
2.744000000E1	8.819545484E1
2.748000000E1	8.696927114E1
2.752000000E1	8.537185180E1
2.756000000E1	8.362435592E1
2.760000000E1	8.185293342E1
2.764000000E1	8.018025711E1
2.768000000E1	7.855430935E1
2.772000000E1	7.704656685E1
2.776000000E1	7.569027269E1
2.780000000E1	7.453123796E1
2.784000000E1	7.350858350E1
2.788000000E1	7.276173570E1
2.792000000E1	7.254194973E1
2.796000000E1	7.263636687E1
2.800000000E1	7.275626863E1
2.804000000E1	7.285057378E1
2.808000000E1	7.296750876E1
2.812000000E1	7.307440210E1
2.816000000E1	7.313191817E1
2.820000000E1	7.315870624E1
2.824000000E1	7.329256241E1
2.828000000E1	7.339969260E1
2.832000000E1	7.366747415E1
2.836000000E1	7.420827991E1
2.840000000E1	7.498771756E1
2.844000000E1	7.597875330E1
2.848000000E1	7.706821992E1
2.852000000E1	7.843054681E1
2.856000000E1	8.007882953E1
2.860000000E1	8.181555915E1
2.864000000E1	8.370284845E1
2.868000000E1	8.533368349E1
2.872000000E1	8.673541962E1
2.876000000E1	8.804734345E1
2.880000000E1	8.909367672E1
2.884000000E1	8.975972907E1
2.888000000E1	9.031753646E1
2.892000000E1	9.068316867E1
2.896000000E1	9.074848434E1
2.900000000E1	9.048464372E1
2.904000000E1	9.003208659E1
2.908000000E1	8.958672342E1
2.912000000E1	8.805669480E1
2.916000000E1	8.755472478E1
2.920000000E1	8.695114273E1
2.924000000E1	8.624930630E1
2.928000000E1	8.518159995E1
2.932000000E1	8.382639388E1
2.936000000E1	8.221912107E1
2.940000000E1	8.066303199E1
2.944000000E1	7.915223617E1
2.948000000E1	7.763687007E1
2.952000000E1	7.630565359E1
2.956000000E1	7.515401734E1
2.960000000E1	7.411272126E1
2.964000000E1	7.323357394E1
2.968000000E1	7.244078981E1
2.972000000E1	7.208854868E1
2.976000000E1	7.213805165E1
2.980000000E1	7.221649736E1
2.984000000E1	7.228266945E1
2.988000000E1	7.255207936E1
2.992000000E1	7.284311282E1
2.996000000E1	7.313153516E1
3.000000000E1	7.355570026E1
3.004000000E1	7.412743184E1
3.008000000E1	7.491683097E1
3.012000000E1	7.581462330E1
3.016000000E1	7.671477292E1
3.020000000E1	7.768509723E1
3.024000000E1	7.878080887E1
3.028000000E1	8.003815729E1
3.032000000E1	8.132801475E1
3.036000000E1	8.259214570E1
3.040000000E1	8.386138382E1
3.044000000E1	8.509696983E1
3.048000000E1	8.634507523E1
3.052000000E1	8.755755713E1
3.056000000E1	8.867932373E1
3.060000000E1	8.963286151E1
3.064000000E1	9.043964457E1
3.068000000E1	9.106715735E1
3.072000000E1	9.143768973E1
3.076000000E1	9.124534042E1
3.080000000E1	9.123621082E1
3.084000000E1	9.062647067E1
3.088000000E1	8.995850855E1
3.092000000E1	8.927412933E1
3.096000000E1	8.864936285E1
3.100000000E1	8.805302490E1
3.104000000E1	8.724851256E1
3.108000000E1	8.621952219E1
3.112000000E1	8.481983821E1
3.116000000E1	8.322551725E1
3.120000000E1	8.167508876E1
3.124000000E1	8.000546464E1
3.128000000E1	7.832213792E1
3.132000000E1	7.678889416E1
3.136000000E1	7.529859093E1
3.140000000E1	7.400793184E1
3.144000000E1	7.278286432E1
3.148000000E1	7.188165943E1
3.152000000E1	7.132062573E1
3.156000000E1	7.120128366E1
3.160000000E1	7.150366384E1
3.164000000E1	7.166478903E1
3.168000000E1	7.181208671E1
3.172000000E1	7.201684305E1
3.176000000E1	7.218951465E1
3.180000000E1	7.239991215E1
3.184000000E1	7.263741259E1
3.188000000E1	7.306061704E1
3.192000000E1	7.361642055E1
3.196000000E1	7.444914854E1
3.200000000E1	7.542474053E1
3.204000000E1	7.655130939E1
3.208000000E1	7.802155396E1
3.212000000E1	7.968420579E1
3.216000000E1	8.137679968E1
3.220000000E1	8.303509400E1
3.224000000E1	8.452427631E1
3.228000000E1	8.605309156E1
3.232000000E1	8.731350634E1
3.236000000E1	8.868410245E1
3.240000000E1	8.975733939E1
3.244000000E1	9.055566149E1
3.248000000E1	9.095239543E1
3.252000000E1	9.104403146E1
3.256000000E1	9.077282042E1
3.260000000E1	9.030450631E1
3.264000000E1	8.982404106E1
3.268000000E1	8.949971963E1
3.272000000E1	8.933425225E1
3.276000000E1	8.926435970E1
3.280000000E1	8.934133561E1
3.284000000E1	8.932052724E1
3.288000000E1	8.929381814E1
3.292000000E1	8.926355537E1
3.296000000E1	8.923009014E1
3.300000000E1	8.911997461E1
3.304000000E1	8.901887872E1
3.308000000E1	8.895228331E1
3.312000000E1	8.890177150E1
3.316000000E1	8.890963967E1
3.320000000E1	8.890152120E1
3.324000000E1	8.891972912E1
3.328000000E1	8.893171175E1
3.332000000E1	8.894055024E1
3.336000000E1	8.895934109E1
3.340000000E1	8.898914553E1
3.344000000E1	8.912844982E1
3.348000000E1	8.917887739E1
3.352000000E1	8.921227466E1
3.356000000E1	8.922846187E1
3.360000000E1	8.924036061E1
3.364000000E1	8.925774932E1
3.368000000E1	8.928522911E1
3.372000000E1	8.931934907E1
3.376000000E1	8.939620789E1
3.380000000E1	8.948195699E1
3.384000000E1	8.950146342E1
3.388000000E1	8.951784580E1
3.392000000E1	8.951844301E1
3.396000000E1	8.953124016E1
3.400000000E1	8.955086040E1
3.404000000E1	8.954496423E1
3.408000000E1	8.954112304E1
3.412000000E1	8.951920277E1
3.416000000E1	8.950778527E1
3.420000000E1	8.951297510E1
