
t/1	ANGLE/1
0.000000000E0	8.978889421E1
4.000000000E-2	8.978514656E1
8.000000000E-2	8.973912667E1
1.200000000E-1	8.941839792E1
1.600000000E-1	8.902926536E1
2.000000000E-1	8.857500145E1
2.400000000E-1	8.818145460E1
2.800000000E-1	8.778486191E1
3.200000000E-1	8.742954317E1
3.600000000E-1	8.735115287E1
4.000000000E-1	8.722709086E1
4.400000000E-1	8.704232649E1
4.800000000E-1	8.675528385E1
5.200000000E-1	8.643763195E1
5.600000000E-1	8.653461950E1
6.000000000E-1	8.657209072E1
6.400000000E-1	8.655305219E1
6.800000000E-1	8.651996039E1
7.200000000E-1	8.655654074E1
7.600000000E-1	8.658913861E1
8.000000000E-1	8.664207208E1
8.400000000E-1	8.659379537E1
8.800000000E-1	8.657628813E1
9.200000000E-1	8.660252284E1
9.600000000E-1	8.660221897E1
1.000000000E0	8.660157638E1
1.040000000E0	8.661128730E1
1.080000000E0	8.661679051E1
1.120000000E0	8.657673533E1
1.160000000E0	8.656265673E1
1.200000000E0	8.650537326E1
1.240000000E0	8.619173016E1
1.280000000E0	8.576190807E1
1.320000000E0	8.502791519E1
1.360000000E0	8.254833831E1
1.400000000E0	8.253854634E1
1.440000000E0	8.076121528E1
1.480000000E0	7.864509238E1
1.520000000E0	7.598200994E1
1.560000000E0	7.271890793E1
1.600000000E0	6.917301348E1
1.640000000E0	6.564541737E1
1.680000000E0	6.198455678E1
1.720000000E0	5.821441796E1
1.760000000E0	5.476969634E1
1.800000000E0	5.153826718E1
1.840000000E0	4.870213341E1
1.880000000E0	4.700134688E1
1.920000000E0	4.636734498E1
1.960000000E0	4.627730525E1
2.000000000E0	4.648911709E1
2.040000000E0	4.697209215E1
2.080000000E0	4.757884039E1
2.120000000E0	4.825517756E1
2.160000000E0	4.901404962E1
2.200000000E0	4.984342767E1
2.240000000E0	5.073468245E1
2.280000000E0	5.183086277E1
2.320000000E0	5.301404895E1
2.360000000E0	5.428299102E1
2.400000000E0	5.576166788E1
2.440000000E0	5.735683777E1
2.480000000E0	5.908776893E1
2.520000000E0	6.100958493E1
2.560000000E0	6.296921206E1
2.600000000E0	6.513515208E1
2.640000000E0	6.737278120E1
2.680000000E0	6.935381676E1
2.720000000E0	7.140961255E1
2.760000000E0	7.317094850E1
2.800000000E0	7.498774836E1
2.840000000E0	7.641505700E1
2.880000000E0	7.729816004E1
2.920000000E0	7.806602515E1
2.960000000E0	7.848560851E1
3.000000000E0	7.901434933E1
3.040000000E0	7.899189931E1
3.080000000E0	7.898033612E1
3.120000000E0	7.885173884E1
3.160000000E0	7.881859112E1
3.200000000E0	7.874134273E1
3.240000000E0	7.867059756E1
3.280000000E0	7.854319275E1
3.320000000E0	7.831563530E1
3.360000000E0	7.761758389E1
3.400000000E0	7.768442479E1
3.440000000E0	7.687789915E1
3.480000000E0	7.614147857E1
3.520000000E0	7.513623936E1
3.560000000E0	7.375554665E1
3.600000000E0	7.168313159E1
3.640000000E0	6.909696952E1
3.680000000E0	6.638462354E1
3.720000000E0	6.366506124E1
3.760000000E0	6.103309372E1
3.800000000E0	5.869382680E1
3.840000000E0	5.652539067E1
3.880000000E0	5.444877487E1
3.920000000E0	5.344695754E1
3.960000000E0	5.327256240E1
4.000000000E0	5.347664632E1
4.040000000E0	5.388140621E1
4.080000000E0	5.432651019E1
4.120000000E0	5.487919312E1
4.160000000E0	5.544308735E1
4.200000000E0	5.592177353E1
4.240000000E0	5.645000188E1
4.280000000E0	5.699633450E1
4.320000000E0	5.764723249E1
4.360000000E0	5.831150032E1
4.400000000E0	5.926191767E1
4.440000000E0	6.021766669E1
4.480000000E0	6.119260997E1
4.520000000E0	6.237229063E1
4.560000000E0	6.369273405E1
4.600000000E0	6.498422213E1
4.640000000E0	6.635729519E1
4.680000000E0	6.750891994E1
4.720000000E0	6.884086987E1
4.760000000E0	7.029841826E1
4.800000000E0	7.161275455E1
4.840000000E0	7.271769198E1
4.880000000E0	7.366552164E1
4.920000000E0	7.454616264E1
4.960000000E0	7.509672948E1
5.000000000E0	7.559926235E1
5.040000000E0	7.606408150E1
5.080000000E0	7.617129070E1
5.120000000E0	7.624027860E1
5.160000000E0	7.606049841E1
5.200000000E0	7.544870532E1
5.240000000E0	7.477287651E1
5.280000000E0	7.363671756E1
5.320000000E0	7.248610400E1
5.360000000E0	7.108092094E1
5.400000000E0	6.953442219E1
5.440000000E0	6.806078503E1
5.480000000E0	6.623934710E1
5.520000000E0	6.421099333E1
5.560000000E0	6.189069637E1
5.600000000E0	5.932719613E1
5.640000000E0	5.704135147E1
5.680000000E0	5.477500885E1
5.720000000E0	5.323870399E1
5.760000000E0	5.264465534E1
5.800000000E0	5.268562503E1
5.840000000E0	5.304964128E1
5.880000000E0	5.349793787E1
5.920000000E0	5.402842502E1
5.960000000E0	5.446403850E1
6.000000000E0	5.496673289E1
6.040000000E0	5.547011041E1
6.080000000E0	5.614315972E1
6.120000000E0	5.687072632E1
6.160000000E0	5.769822338E1
6.200000000E0	5.873726684E1
6.240000000E0	5.975055634E1
6.280000000E0	6.095874337E1
6.320000000E0	6.207170301E1
6.360000000E0	6.341673267E1
6.400000000E0	6.491080770E1
6.440000000E0	6.637336251E1
6.480000000E0	6.800510334E1
6.520000000E0	6.944577527E1
6.560000000E0	7.101521304E1
6.600000000E0	7.235687444E1
6.640000000E0	7.313215730E1
6.680000000E0	7.392319524E1
6.720000000E0	7.440453614E1
6.760000000E0	7.484375513E1
6.800000000E0	7.496535664E1
6.840000000E0	7.497129448E1
6.880000000E0	7.497226367E1
6.920000000E0	7.485570623E1
6.960000000E0	7.461547353E1
7.000000000E0	7.442927936E1
7.040000000E0	7.435330870E1
7.080000000E0	7.428641847E1
7.120000000E0	7.417700384E1
7.160000000E0	7.405346703E1
7.200000000E0	7.379457098E1
7.240000000E0	7.340149168E1
7.280000000E0	7.305495055E1
7.320000000E0	7.235472348E1
7.360000000E0	7.142810350E1
7.400000000E0	7.038150358E1
7.440000000E0	6.912779403E1
7.480000000E0	6.763038426E1
7.520000000E0	6.630566696E1
7.560000000E0	6.474668925E1
7.600000000E0	6.314297234E1
7.640000000E0	6.130920478E1
7.680000000E0	5.896284450E1
7.720000000E0	5.622756954E1
7.760000000E0	5.384603968E1
7.800000000E0	5.226728973E1
7.840000000E0	5.156172677E1
7.880000000E0	5.163057115E1
7.920000000E0	5.210485632E1
7.960000000E0	5.287215276E1
8.000000000E0	5.356170732E1
8.040000000E0	5.418422879E1
8.080000000E0	5.523284236E1
8.120000000E0	5.525217711E1
8.160000000E0	5.567665821E1
8.200000000E0	5.608967322E1
8.240000000E0	5.655449784E1
8.280000000E0	5.712921522E1
8.320000000E0	5.786074724E1
8.360000000E0	5.854303606E1
8.400000000E0	5.926973334E1
8.440000000E0	6.012080405E1
8.480000000E0	6.095735652E1
8.520000000E0	6.177175762E1
8.560000000E0	6.280193037E1
8.600000000E0	6.385648943E1
8.640000000E0	6.450158559E1
8.680000000E0	6.553215180E1
8.720000000E0	6.645168750E1
8.760000000E0	6.736756989E1
8.800000000E0	6.822966906E1
8.840000000E0	6.886510787E1
8.880000000E0	6.929521429E1
8.920000000E0	6.967983497E1
8.960000000E0	7.040144107E1
9.000000000E0	7.074271796E1
9.040000000E0	7.128020908E1
9.080000000E0	7.119745793E1
9.120000000E0	7.116470747E1
9.160000000E0	7.104164066E1
9.200000000E0	7.078808073E1
9.240000000E0	7.266781313E1
9.280000000E0	7.207343403E1
9.320000000E0	7.129025698E1
9.360000000E0	7.051019918E1
9.400000000E0	6.944225570E1
9.440000000E0	6.834266110E1
9.480000000E0	6.694680294E1
9.520000000E0	6.534455293E1
9.560000000E0	6.347054154E1
9.600000000E0	6.140049071E1
9.640000000E0	5.926326739E1
9.680000000E0	5.694247737E1
9.720000000E0	5.477873598E1
9.760000000E0	5.313771737E1
9.800000000E0	5.221074381E1
9.840000000E0	5.190320287E1
9.880000000E0	5.215304117E1
9.920000000E0	5.262453594E1
9.960000000E0	5.326707546E1
1.000000000E1	5.379773085E1
1.004000000E1	5.437622709E1
1.008000000E1	5.486363662E1
1.012000000E1	5.539043767E1
1.016000000E1	5.600024137E1
1.020000000E1	5.652127437E1
1.024000000E1	5.724649278E1
1.028000000E1	5.798385337E1
1.032000000E1	5.885696283E1
1.036000000E1	5.979611265E1
1.040000000E1	6.085130251E1
1.044000000E1	6.196958134E1
1.048000000E1	6.321334922E1
1.052000000E1	6.440686535E1
1.056000000E1	6.572964901E1
1.060000000E1	6.702306834E1
1.064000000E1	6.828394767E1
1.068000000E1	6.953213387E1
1.072000000E1	7.078646906E1
1.076000000E1	7.161162940E1
1.080000000E1	7.244557418E1
1.084000000E1	7.320753770E1
1.088000000E1	7.371580438E1
1.092000000E1	7.418685065E1
1.096000000E1	7.451433383E1
1.100000000E1	7.457861218E1
1.104000000E1	7.458626131E1
1.108000000E1	7.443900221E1
1.112000000E1	7.414759360E1
1.116000000E1	7.397516265E1
1.120000000E1	7.366391110E1
1.124000000E1	7.315872369E1
1.128000000E1	7.263661433E1
1.132000000E1	7.202885761E1
1.136000000E1	7.124202361E1
1.140000000E1	7.040654582E1
1.144000000E1	6.939602968E1
1.148000000E1	6.817022484E1
1.152000000E1	6.678455968E1
1.156000000E1	6.537893799E1
1.160000000E1	6.383510194E1
1.164000000E1	6.197148273E1
1.168000000E1	5.989280015E1
1.172000000E1	5.748690901E1
1.176000000E1	5.570861294E1
1.180000000E1	5.453832248E1
1.184000000E1	5.377399219E1
1.188000000E1	5.364563042E1
1.192000000E1	5.377563335E1
1.196000000E1	5.408046082E1
1.200000000E1	5.455948250E1
1.204000000E1	5.514690798E1
1.208000000E1	5.568094617E1
1.212000000E1	5.599767886E1
1.216000000E1	5.636665617E1
1.220000000E1	5.676662055E1
1.224000000E1	5.722958546E1
1.228000000E1	5.775501878E1
1.232000000E1	5.833878202E1
1.236000000E1	5.916863971E1
1.240000000E1	6.008331833E1
1.244000000E1	6.094086929E1
1.248000000E1	6.177319986E1
1.252000000E1	6.280227429E1
1.256000000E1	6.391125499E1
1.260000000E1	6.507793247E1
1.264000000E1	6.646613291E1
1.268000000E1	6.777795119E1
1.272000000E1	6.918374579E1
1.276000000E1	7.051508654E1
1.280000000E1	7.203381736E1
1.284000000E1	7.334523529E1
1.288000000E1	7.461112685E1
1.292000000E1	7.585722858E1
1.296000000E1	7.687513303E1
1.300000000E1	7.766367864E1
1.304000000E1	7.817412383E1
1.308000000E1	7.836351167E1
1.312000000E1	7.834119774E1
1.316000000E1	7.817223302E1
1.320000000E1	7.792563171E1
1.324000000E1	7.757840630E1
1.328000000E1	7.724899926E1
1.332000000E1	7.693583310E1
1.336000000E1	7.658871294E1
1.340000000E1	7.626724071E1
1.344000000E1	7.591146358E1
1.348000000E1	7.538998974E1
1.352000000E1	7.468272655E1
1.356000000E1	7.389497359E1
1.360000000E1	7.291245955E1
1.364000000E1	7.169315076E1
1.368000000E1	7.012686871E1
1.372000000E1	6.807887761E1
1.376000000E1	6.563258244E1
1.380000000E1	6.298117377E1
1.384000000E1	6.005003033E1
1.388000000E1	5.751152120E1
1.392000000E1	5.478450589E1
1.396000000E1	5.270530423E1
1.400000000E1	5.148845144E1
1.404000000E1	5.124784819E1
1.408000000E1	5.146841491E1
1.412000000E1	5.192928108E1
1.416000000E1	5.244917749E1
1.420000000E1	5.284626025E1
1.424000000E1	5.320907991E1
1.428000000E1	5.353166663E1
1.432000000E1	5.383852893E1
1.436000000E1	5.413970683E1
1.440000000E1	5.443316003E1
1.444000000E1	5.490348263E1
1.448000000E1	5.548782918E1
1.452000000E1	5.620688480E1
1.456000000E1	5.866962024E1
1.460000000E1	5.872902882E1
1.464000000E1	6.026053183E1
1.468000000E1	6.190681446E1
1.472000000E1	6.354818018E1
1.476000000E1	6.498197340E1
1.480000000E1	6.627173288E1
1.484000000E1	6.780994181E1
1.488000000E1	6.908607815E1
1.492000000E1	7.007094168E1
1.496000000E1	7.110222728E1
1.500000000E1	7.190064212E1
1.504000000E1	7.250272695E1
1.508000000E1	7.296990773E1
1.512000000E1	7.345707068E1
1.516000000E1	7.380506696E1
1.520000000E1	7.413137081E1
1.524000000E1	7.418792020E1
1.528000000E1	7.414845927E1
1.532000000E1	7.398075112E1
1.536000000E1	7.382476729E1
1.540000000E1	7.357448091E1
1.544000000E1	7.326277618E1
1.548000000E1	7.294186195E1
1.552000000E1	7.263397513E1
1.556000000E1	7.218098403E1
1.560000000E1	7.160842968E1
1.564000000E1	7.106150561E1
1.568000000E1	7.027401566E1
1.572000000E1	6.913029164E1
1.576000000E1	6.771072484E1
1.580000000E1	6.623134676E1
1.584000000E1	6.448631459E1
1.588000000E1	6.274536211E1
1.592000000E1	6.068112976E1
1.596000000E1	5.843758355E1
1.600000000E1	5.622401636E1
1.604000000E1	5.415901064E1
1.608000000E1	5.226854192E1
1.612000000E1	5.114656950E1
1.616000000E1	5.054412022E1
1.620000000E1	5.053265663E1
1.624000000E1	5.072123535E1
1.628000000E1	5.113506277E1
1.632000000E1	5.155690835E1
1.636000000E1	5.194251542E1
1.640000000E1	5.238137745E1
1.644000000E1	5.281831877E1
1.648000000E1	5.320094521E1
1.652000000E1	5.363579948E1
1.656000000E1	5.405957129E1
1.660000000E1	5.456135156E1
1.664000000E1	5.521063399E1
1.668000000E1	5.590816198E1
1.672000000E1	5.674849366E1
1.676000000E1	5.770467586E1
1.680000000E1	5.870138105E1
1.684000000E1	5.984132466E1
1.688000000E1	6.096851578E1
1.692000000E1	6.215469403E1
1.696000000E1	6.339145025E1
1.700000000E1	6.444742027E1
1.704000000E1	6.567303845E1
1.708000000E1	6.667710314E1
1.712000000E1	6.776072510E1
1.716000000E1	6.876564227E1
1.720000000E1	6.954278192E1
1.724000000E1	7.033485613E1
1.728000000E1	7.101558642E1
1.732000000E1	7.149017165E1
1.736000000E1	7.184629131E1
1.740000000E1	7.209972438E1
1.744000000E1	7.214570187E1
1.748000000E1	7.202908287E1
1.752000000E1	7.179604822E1
1.756000000E1	7.147264522E1
1.760000000E1	7.105849982E1
1.764000000E1	7.056014927E1
1.768000000E1	6.997987880E1
1.772000000E1	6.912807225E1
1.776000000E1	6.801062635E1
1.780000000E1	6.658118872E1
1.784000000E1	6.485215032E1
1.788000000E1	6.281213490E1
1.792000000E1	6.030849660E1
1.796000000E1	5.720253588E1
1.800000000E1	5.473559226E1
1.804000000E1	5.286456472E1
1.808000000E1	5.189236241E1
1.812000000E1	5.162110750E1
1.816000000E1	5.220530451E1
1.820000000E1	5.221795879E1
1.824000000E1	5.290310984E1
1.828000000E1	5.358349432E1
1.832000000E1	5.409209183E1
1.836000000E1	5.453215597E1
1.840000000E1	5.490980842E1
1.844000000E1	5.528242066E1
1.848000000E1	5.567825589E1
1.852000000E1	5.609092780E1
1.856000000E1	5.660707159E1
1.860000000E1	5.716689751E1
1.864000000E1	5.775810399E1
1.868000000E1	5.845735336E1
1.872000000E1	5.918275413E1
1.876000000E1	5.990724785E1
1.880000000E1	6.066314788E1
1.884000000E1	6.152813200E1
1.888000000E1	6.250676559E1
1.892000000E1	6.351651735E1
1.896000000E1	6.466748508E1
1.900000000E1	6.589622528E1
1.904000000E1	6.723190394E1
1.908000000E1	6.842485377E1
1.912000000E1	6.933662607E1
1.916000000E1	7.024227764E1
1.920000000E1	7.099837874E1
1.924000000E1	7.186545981E1
1.928000000E1	7.188001604E1
1.932000000E1	7.216455492E1
1.936000000E1	7.223975017E1
1.940000000E1	7.234213749E1
1.944000000E1	7.218114635E1
1.948000000E1	7.208754229E1
1.952000000E1	7.202141535E1
1.956000000E1	7.174402127E1
1.960000000E1	7.146431813E1
1.964000000E1	7.134621070E1
1.968000000E1	7.115169492E1
1.972000000E1	7.087952371E1
1.976000000E1	7.044431806E1
1.980000000E1	6.993483271E1
1.984000000E1	6.916959650E1
1.988000000E1	6.815323939E1
1.992000000E1	6.665871196E1
1.996000000E1	6.479059588E1
2.000000000E1	6.255828988E1
2.004000000E1	6.000473806E1
2.008000000E1	5.779870790E1
2.012000000E1	5.492323896E1
2.016000000E1	5.275560192E1
2.020000000E1	5.145142805E1
2.024000000E1	5.083400406E1
2.028000000E1	5.074771415E1
2.032000000E1	5.107565320E1
2.036000000E1	5.154362178E1
2.040000000E1	5.211470934E1
2.044000000E1	5.263398052E1
2.048000000E1	5.312457306E1
2.052000000E1	5.348479673E1
2.056000000E1	5.384039079E1
2.060000000E1	5.423283296E1
2.064000000E1	5.464068635E1
2.068000000E1	5.514354729E1
2.072000000E1	5.580408538E1
2.076000000E1	5.651897543E1
2.080000000E1	5.729940639E1
2.084000000E1	5.807043511E1
2.088000000E1	5.883332769E1
2.092000000E1	5.976402504E1
2.096000000E1	6.069129045E1
2.100000000E1	6.173276093E1
2.104000000E1	6.280987723E1
2.108000000E1	6.385644997E1
2.112000000E1	6.510987451E1
2.116000000E1	6.630313402E1
2.120000000E1	6.734699632E1
2.124000000E1	6.828683912E1
2.128000000E1	6.917987607E1
2.132000000E1	7.003448120E1
2.136000000E1	7.084663946E1
2.140000000E1	7.161601248E1
2.144000000E1	7.222716124E1
2.148000000E1	7.276441289E1
2.152000000E1	7.326408101E1
2.156000000E1	7.363534723E1
2.160000000E1	7.378811816E1
2.164000000E1	7.382197996E1
2.168000000E1	7.372803359E1
2.172000000E1	7.351525360E1
2.176000000E1	7.311397718E1
2.180000000E1	7.273916023E1
2.184000000E1	7.222627400E1
2.188000000E1	7.169724458E1
2.192000000E1	7.123126500E1
2.196000000E1	7.079847080E1
2.200000000E1	7.035888407E1
2.204000000E1	6.997366103E1
2.208000000E1	6.951833675E1
2.212000000E1	6.902480543E1
2.216000000E1	6.845957647E1
2.220000000E1	6.751088590E1
2.224000000E1	6.631725892E1
2.228000000E1	6.493998465E1
2.232000000E1	6.318658881E1
2.236000000E1	6.131932071E1
2.240000000E1	5.935038925E1
2.244000000E1	5.712596970E1
2.248000000E1	5.436607899E1
2.252000000E1	5.230286206E1
2.256000000E1	5.121814440E1
2.260000000E1	5.081960141E1
2.264000000E1	5.079581977E1
2.268000000E1	5.112576754E1
2.272000000E1	5.158597580E1
2.276000000E1	5.216615465E1
2.280000000E1	5.272354511E1
2.284000000E1	5.315309323E1
2.288000000E1	5.364869964E1
2.292000000E1	5.412436556E1
2.296000000E1	5.468811556E1
2.300000000E1	5.508385594E1
2.304000000E1	5.550727560E1
2.308000000E1	5.618258541E1
2.312000000E1	5.675294938E1
2.316000000E1	5.746125246E1
2.320000000E1	5.813046357E1
2.324000000E1	5.879817795E1
2.328000000E1	5.957519288E1
2.332000000E1	6.023641412E1
2.336000000E1	6.096373877E1
2.340000000E1	6.168029823E1
2.344000000E1	6.265031747E1
2.348000000E1	6.372326030E1
2.352000000E1	6.490273182E1
2.356000000E1	6.617391174E1
2.360000000E1	6.744830361E1
2.364000000E1	6.858697834E1
2.368000000E1	6.945012183E1
2.372000000E1	7.016233403E1
2.376000000E1	7.063398658E1
2.380000000E1	7.090365772E1
2.384000000E1	7.114152744E1
2.388000000E1	7.112207778E1
2.392000000E1	7.084908075E1
2.396000000E1	7.041683585E1
2.400000000E1	6.966782273E1
2.404000000E1	6.880414989E1
2.408000000E1	6.758918395E1
2.412000000E1	6.611466211E1
2.416000000E1	6.439899137E1
2.420000000E1	6.235445928E1
2.424000000E1	6.011059400E1
2.428000000E1	5.766506148E1
2.432000000E1	5.493155791E1
2.436000000E1	5.272620381E1
2.440000000E1	5.127839822E1
2.444000000E1	5.054500628E1
2.448000000E1	5.038913383E1
2.452000000E1	5.053833305E1
2.456000000E1	5.085298897E1
2.460000000E1	5.137174648E1
2.464000000E1	5.189960585E1
2.468000000E1	5.247544405E1
2.472000000E1	5.291620918E1
2.476000000E1	5.338386771E1
2.480000000E1	5.388700464E1
2.484000000E1	5.446444147E1
2.488000000E1	5.496463066E1
2.492000000E1	5.551798318E1
2.496000000E1	5.614074574E1
2.500000000E1	5.670988627E1
2.504000000E1	5.724557845E1
2.508000000E1	5.810144322E1
2.512000000E1	5.893006598E1
2.516000000E1	5.983943246E1
2.520000000E1	6.083037909E1
2.524000000E1	6.182661030E1
2.528000000E1	6.307380749E1
2.532000000E1	6.429018292E1
2.536000000E1	6.536077601E1
2.540000000E1	6.637078946E1
2.544000000E1	6.726977951E1
2.548000000E1	6.821131761E1
2.552000000E1	6.908892601E1
2.556000000E1	6.948257713E1
2.560000000E1	6.997908349E1
2.564000000E1	7.054247988E1
2.568000000E1	7.052994233E1
2.572000000E1	7.045604816E1
2.576000000E1	7.017718673E1
2.580000000E1	6.967149831E1
2.584000000E1	6.888358509E1
2.588000000E1	6.786810638E1
2.592000000E1	6.663894368E1
2.596000000E1	6.505844695E1
2.600000000E1	6.314706269E1
2.604000000E1	6.121827133E1
2.608000000E1	5.906796769E1
2.612000000E1	5.673701522E1
2.616000000E1	5.440300255E1
2.620000000E1	5.237249468E1
2.624000000E1	5.018282134E1
2.628000000E1	5.019013370E1
2.632000000E1	5.008221513E1
2.636000000E1	5.025899079E1
2.640000000E1	5.067040446E1
2.644000000E1	5.131119962E1
2.648000000E1	5.196297051E1
2.652000000E1	5.251023965E1
2.656000000E1	5.299576348E1
2.660000000E1	5.339818354E1
2.664000000E1	5.388678733E1
2.668000000E1	5.430481373E1
2.672000000E1	5.478294656E1
2.676000000E1	5.530900799E1
2.680000000E1	5.593674206E1
2.684000000E1	5.660505296E1
2.688000000E1	5.780624526E1
2.692000000E1	5.774273509E1
2.696000000E1	5.842109753E1
2.700000000E1	5.927704531E1
2.704000000E1	6.015589603E1
2.708000000E1	6.093927987E1
2.712000000E1	6.232319238E1
2.716000000E1	6.376188001E1
2.720000000E1	6.525158317E1
2.724000000E1	6.713017454E1
2.728000000E1	6.922312418E1
2.732000000E1	7.067995558E1
2.736000000E1	7.189393833E1
2.740000000E1	7.284971313E1
2.744000000E1	7.340088560E1
2.748000000E1	7.357436987E1
2.752000000E1	7.364942583E1
2.756000000E1	7.359267804E1
2.760000000E1	7.352027334E1
2.764000000E1	7.329030784E1
2.768000000E1	7.300219636E1
2.772000000E1	7.261144456E1
2.776000000E1	7.232132376E1
2.780000000E1	7.178242746E1
2.784000000E1	7.111632804E1
2.788000000E1	7.041463785E1
2.792000000E1	6.963848619E1
2.796000000E1	6.875536980E1
2.800000000E1	6.770838631E1
2.804000000E1	6.649203371E1
2.808000000E1	6.501760237E1
2.812000000E1	6.336237679E1
2.816000000E1	6.132328869E1
2.820000000E1	5.900340549E1
2.824000000E1	5.688558981E1
2.828000000E1	5.494823690E1
2.832000000E1	5.310647726E1
2.836000000E1	5.170453161E1
2.840000000E1	5.112023536E1
2.844000000E1	5.117388289E1
2.848000000E1	5.147958987E1
2.852000000E1	5.189058635E1
2.856000000E1	5.253081226E1
2.860000000E1	5.307066501E1
2.864000000E1	5.363868409E1
2.868000000E1	5.418467293E1
2.872000000E1	5.477492837E1
2.876000000E1	5.530653894E1
2.880000000E1	5.584533328E1
2.884000000E1	5.645194959E1
2.888000000E1	5.703886973E1
2.892000000E1	5.778473240E1
2.896000000E1	5.848742603E1
2.900000000E1	5.904117104E1
2.904000000E1	5.996249668E1
2.908000000E1	6.067459268E1
2.912000000E1	6.117648171E1
2.916000000E1	6.197993918E1
2.920000000E1	6.284308149E1
2.924000000E1	6.392430870E1
2.928000000E1	6.506337579E1
2.932000000E1	6.598161645E1
2.936000000E1	6.687403782E1
2.940000000E1	6.792819331E1
2.944000000E1	6.874680944E1
2.948000000E1	6.947965521E1
2.952000000E1	6.977425710E1
2.956000000E1	7.050583677E1
2.960000000E1	7.043523555E1
2.964000000E1	7.077479746E1
2.968000000E1	7.076988587E1
2.972000000E1	7.048605267E1
2.976000000E1	6.994857157E1
2.980000000E1	6.955416329E1
2.984000000E1	6.820086364E1
2.988000000E1	6.665005915E1
2.992000000E1	6.484985981E1
2.996000000E1	6.282063193E1
3.000000000E1	6.098327464E1
3.004000000E1	5.899119467E1
3.008000000E1	5.693759483E1
3.012000000E1	5.508695437E1
3.016000000E1	5.350886700E1
3.020000000E1	5.202708288E1
3.024000000E1	5.125076855E1
3.028000000E1	5.096693186E1
3.032000000E1	5.112651232E1
3.036000000E1	5.153829697E1
3.040000000E1	5.194859220E1
3.044000000E1	5.247330028E1
3.048000000E1	5.306673531E1
3.052000000E1	5.359202679E1
3.056000000E1	5.409167776E1
3.060000000E1	5.465534261E1
3.064000000E1	5.526002812E1
3.068000000E1	5.587171286E1
3.072000000E1	5.651402291E1
3.076000000E1	5.719032180E1
3.080000000E1	5.857568765E1
3.084000000E1	5.857075246E1
3.088000000E1	5.937796453E1
3.092000000E1	6.036664076E1
3.096000000E1	6.170668918E1
3.100000000E1	6.291618265E1
3.104000000E1	6.417471500E1
3.108000000E1	6.560430578E1
3.112000000E1	6.684171560E1
3.116000000E1	6.840355210E1
3.120000000E1	6.836642384E1
3.124000000E1	6.934346938E1
3.128000000E1	6.970374207E1
3.132000000E1	6.945153756E1
3.136000000E1	6.896421181E1
3.140000000E1	6.875636406E1
3.144000000E1	6.757932666E1
3.148000000E1	6.747168078E1
3.152000000E1	6.652611042E1
3.156000000E1	6.506320232E1
3.160000000E1	6.366505353E1
3.164000000E1	6.205679892E1
3.168000000E1	6.035440686E1
3.172000000E1	5.857306269E1
3.176000000E1	5.709878205E1
3.180000000E1	5.556217575E1
3.184000000E1	5.425679748E1
3.188000000E1	5.288994103E1
3.192000000E1	5.172131664E1
3.196000000E1	5.105911976E1
3.200000000E1	5.095057397E1
3.204000000E1	5.106344368E1
3.208000000E1	5.134664512E1
3.212000000E1	5.174466375E1
3.216000000E1	5.223043069E1
3.220000000E1	5.265052949E1
3.224000000E1	5.299905096E1
3.228000000E1	5.333601834E1
3.232000000E1	5.356688722E1
3.236000000E1	5.397262834E1
3.240000000E1	5.437047237E1
3.244000000E1	5.479622558E1
3.248000000E1	5.532880416E1
3.252000000E1	5.586979375E1
3.256000000E1	5.648227339E1
3.260000000E1	5.705299664E1
3.264000000E1	5.773722448E1
3.268000000E1	5.854340428E1
3.272000000E1	5.935461177E1
3.276000000E1	6.143254258E1
3.280000000E1	6.142512742E1
3.284000000E1	6.246291087E1
3.288000000E1	6.304996058E1
3.292000000E1	6.365128629E1
3.296000000E1	6.728549815E1
3.300000000E1	6.781591324E1
3.304000000E1	6.793500026E1
3.308000000E1	6.785410090E1
3.312000000E1	6.787458570E1
3.316000000E1	6.711294847E1
3.320000000E1	6.703790239E1
3.324000000E1	6.652398596E1
3.328000000E1	6.603063163E1
3.332000000E1	6.537811071E1
3.336000000E1	6.474141386E1
3.340000000E1	6.395311558E1
3.344000000E1	6.299837314E1
3.348000000E1	6.169619622E1
3.352000000E1	6.037603981E1
3.356000000E1	5.710047440E1
3.360000000E1	5.709963968E1
3.364000000E1	5.557951990E1
3.368000000E1	5.397130326E1
3.372000000E1	5.249253796E1
3.376000000E1	5.152419612E1
3.380000000E1	5.123261650E1
3.384000000E1	5.134718140E1
3.388000000E1	5.176530775E1
3.392000000E1	5.233522268E1
3.396000000E1	5.288750862E1
3.400000000E1	5.338034153E1
3.404000000E1	5.391352131E1
3.408000000E1	5.436868471E1
3.412000000E1	5.485312451E1
3.416000000E1	5.535079956E1
3.420000000E1	5.582565152E1
3.424000000E1	5.634977746E1
3.428000000E1	5.694199845E1
3.432000000E1	5.744826294E1
3.436000000E1	5.789705612E1
3.440000000E1	5.845941199E1
3.444000000E1	5.902002548E1
3.448000000E1	5.983110638E1
3.452000000E1	6.063634064E1
3.456000000E1	6.161458981E1
3.460000000E1	6.243237480E1
3.464000000E1	6.329503316E1
3.468000000E1	6.452542231E1
3.472000000E1	6.592574895E1
3.476000000E1	6.731530121E1
3.480000000E1	6.893692430E1
3.484000000E1	7.072021897E1
3.488000000E1	7.288483860E1
3.492000000E1	7.499630303E1
3.496000000E1	7.705344794E1
3.500000000E1	7.870604313E1
3.504000000E1	8.001041828E1
3.508000000E1	8.086205371E1
3.512000000E1	8.122615338E1
3.516000000E1	8.157933105E1
3.520000000E1	8.192794045E1
3.524000000E1	8.195691608E1
3.528000000E1	8.213096035E1
3.532000000E1	8.196968702E1
3.536000000E1	8.196968546E1
3.540000000E1	8.222361361E1
