
t/1	ANGLE/1
0.000000000E0	8.960223413E1
4.000000000E-2	8.960471892E1
8.000000000E-2	8.963302326E1
1.200000000E-1	8.966970436E1
1.600000000E-1	8.963067981E1
2.000000000E-1	8.960637187E1
2.400000000E-1	8.959971202E1
2.800000000E-1	8.960062446E1
3.200000000E-1	8.960115488E1
3.600000000E-1	8.959875595E1
4.000000000E-1	8.959665389E1
4.400000000E-1	8.958834174E1
4.800000000E-1	8.957981686E1
5.200000000E-1	8.959063353E1
5.600000000E-1	8.959597271E1
6.000000000E-1	8.959849549E1
6.400000000E-1	8.959961291E1
6.800000000E-1	8.960091601E1
7.200000000E-1	8.960155748E1
7.600000000E-1	8.960778083E1
8.000000000E-1	8.961502056E1
8.400000000E-1	8.960679721E1
8.800000000E-1	8.960565844E1
9.200000000E-1	8.960477431E1
9.600000000E-1	8.960076013E1
1.000000000E0	8.960714820E1
1.040000000E0	8.960213599E1
1.080000000E0	8.947053518E1
1.120000000E0	8.935556311E1
1.160000000E0	8.921597167E1
1.200000000E0	8.919613736E1
1.240000000E0	8.923383931E1
1.280000000E0	8.919718552E1
1.320000000E0	8.906123877E1
1.360000000E0	8.853336709E1
1.400000000E0	8.785142386E1
1.440000000E0	8.708956344E1
1.480000000E0	8.638555617E1
1.520000000E0	8.580018966E1
1.560000000E0	8.538134422E1
1.600000000E0	8.512882110E1
1.640000000E0	8.512965813E1
1.680000000E0	8.520048719E1
1.720000000E0	8.537885544E1
1.760000000E0	8.564659021E1
1.800000000E0	8.593652810E1
1.840000000E0	8.629937609E1
1.880000000E0	8.660453929E1
1.920000000E0	8.696596610E1
1.960000000E0	8.718983791E1
2.000000000E0	8.746456875E1
2.040000000E0	8.801778435E1
2.080000000E0	8.834403697E1
2.120000000E0	8.857371815E1
2.160000000E0	8.865860193E1
2.200000000E0	8.848288008E1
2.240000000E0	8.842051100E1
2.280000000E0	8.828528545E1
2.320000000E0	8.814855714E1
2.360000000E0	8.805272033E1
2.400000000E0	8.805322910E1
2.440000000E0	8.810442897E1
2.480000000E0	8.804081261E1
2.520000000E0	8.798735313E1
2.560000000E0	8.784689683E1
2.600000000E0	8.761740912E1
2.640000000E0	8.763898659E1
2.680000000E0	8.783499112E1
2.720000000E0	8.806432287E1
2.760000000E0	8.834521541E1
2.800000000E0	8.851208589E1
2.840000000E0	8.858342092E1
2.880000000E0	8.863297033E1
2.920000000E0	8.858924816E1
2.960000000E0	8.856601962E1
3.000000000E0	8.856296442E1
3.040000000E0	8.855104351E1
3.080000000E0	8.854786162E1
3.120000000E0	8.855261247E1
3.160000000E0	8.855612970E1
3.200000000E0	8.854864015E1
3.240000000E0	8.854587462E1
3.280000000E0	8.855841530E1
3.320000000E0	8.857091938E1
3.360000000E0	8.852347482E1
3.400000000E0	8.825939280E1
3.440000000E0	8.783714113E1
3.480000000E0	8.729189568E1
3.520000000E0	8.673512071E1
3.560000000E0	8.616248811E1
3.600000000E0	8.543427451E1
3.640000000E0	8.485502399E1
3.680000000E0	8.436667852E1
3.720000000E0	8.397726220E1
3.760000000E0	8.402479527E1
3.800000000E0	8.406048961E1
3.840000000E0	8.428420124E1
3.880000000E0	8.464433922E1
3.920000000E0	8.508053228E1
3.960000000E0	8.557107854E1
4.000000000E0	8.601946795E1
4.040000000E0	8.651396891E1
4.080000000E0	8.731520444E1
4.120000000E0	8.730363324E1
4.160000000E0	8.775760260E1
4.200000000E0	8.803366520E1
4.240000000E0	8.828661087E1
4.280000000E0	8.849264064E1
4.320000000E0	8.842389047E1
4.360000000E0	8.810391930E1
4.400000000E0	8.781395775E1
4.440000000E0	8.771397407E1
4.480000000E0	8.776676653E1
4.520000000E0	8.781693625E1
4.560000000E0	8.799220660E1
4.600000000E0	8.809714251E1
4.640000000E0	8.804173289E1
4.680000000E0	8.800396632E1
4.720000000E0	8.802526673E1
4.760000000E0	8.780242617E1
4.800000000E0	8.758638634E1
4.840000000E0	8.754352750E1
4.880000000E0	8.750568696E1
4.920000000E0	8.761301940E1
4.960000000E0	8.775939663E1
5.000000000E0	8.806875761E1
5.040000000E0	8.827454972E1
5.080000000E0	8.827067807E1
5.120000000E0	8.827492716E1
5.160000000E0	8.820910861E1
5.200000000E0	8.814798147E1
5.240000000E0	8.803794785E1
5.280000000E0	8.802077911E1
5.320000000E0	8.799829702E1
5.360000000E0	8.803442971E1
5.400000000E0	8.803176505E1
5.440000000E0	8.797220824E1
5.480000000E0	8.778113273E1
5.520000000E0	8.745476500E1
5.560000000E0	8.701084837E1
5.600000000E0	8.643108120E1
5.640000000E0	8.579161010E1
5.680000000E0	8.516820588E1
5.720000000E0	8.458415363E1
5.760000000E0	8.406943413E1
5.800000000E0	8.375887219E1
5.840000000E0	8.355822558E1
5.880000000E0	8.359518816E1
5.920000000E0	8.433361430E1
5.960000000E0	8.431127414E1
6.000000000E0	8.481894435E1
6.040000000E0	8.532885325E1
6.080000000E0	8.580847671E1
6.120000000E0	8.625197507E1
6.160000000E0	8.666383620E1
6.200000000E0	8.704295683E1
6.240000000E0	8.723915425E1
6.280000000E0	8.750849033E1
6.320000000E0	8.761016333E1
6.360000000E0	8.767988406E1
6.400000000E0	8.779629855E1
6.440000000E0	8.781840028E1
6.480000000E0	8.779563894E1
6.520000000E0	8.772311700E1
6.560000000E0	8.765559197E1
6.600000000E0	8.755883954E1
6.640000000E0	8.756748049E1
6.680000000E0	8.756117612E1
6.720000000E0	8.755826877E1
6.760000000E0	8.754758693E1
6.800000000E0	8.753673412E1
6.840000000E0	8.753739102E1
6.880000000E0	8.753817366E1
6.920000000E0	8.755041287E1
6.960000000E0	8.755162923E1
7.000000000E0	8.756603051E1
7.040000000E0	8.758477842E1
7.080000000E0	8.760134040E1
7.120000000E0	8.758304333E1
7.160000000E0	8.757470872E1
7.200000000E0	8.749839353E1
7.240000000E0	8.752019186E1
7.280000000E0	8.752061890E1
7.320000000E0	8.752275444E1
7.360000000E0	8.748889931E1
7.400000000E0	8.742751218E1
7.440000000E0	8.739167964E1
7.480000000E0	8.728935186E1
7.520000000E0	8.725593376E1
7.560000000E0	8.722128016E1
7.600000000E0	8.714956991E1
7.640000000E0	8.699943365E1
7.680000000E0	8.685372042E1
7.720000000E0	8.653815757E1
7.760000000E0	8.623593215E1
7.800000000E0	8.580154308E1
7.840000000E0	8.550236825E1
7.880000000E0	8.481579324E1
7.920000000E0	8.480517886E1
7.960000000E0	8.456220002E1
8.000000000E0	8.438472823E1
8.040000000E0	8.430035078E1
8.080000000E0	8.436940293E1
8.120000000E0	8.452819719E1
8.160000000E0	8.478230625E1
8.200000000E0	8.505785311E1
8.240000000E0	8.545061192E1
8.280000000E0	8.591122664E1
8.320000000E0	8.607552929E1
8.360000000E0	8.645278932E1
8.400000000E0	8.681888282E1
8.440000000E0	8.708859612E1
8.480000000E0	8.736550369E1
8.520000000E0	8.757534152E1
8.560000000E0	8.759275684E1
8.600000000E0	8.755561447E1
8.640000000E0	8.752564317E1
8.680000000E0	8.741344899E1
8.720000000E0	8.734292681E1
8.760000000E0	8.733794280E1
8.800000000E0	8.732794324E1
8.840000000E0	8.735313708E1
8.880000000E0	8.732224134E1
8.920000000E0	8.730654151E1
8.960000000E0	8.728685950E1
9.000000000E0	8.708415167E1
9.040000000E0	8.702841522E1
9.080000000E0	8.701050480E1
9.120000000E0	8.703349341E1
9.160000000E0	8.704561056E1
9.200000000E0	8.708258828E1
9.240000000E0	8.709337624E1
9.280000000E0	8.702853283E1
9.320000000E0	8.704643772E1
9.360000000E0	8.718121481E1
9.400000000E0	8.729283432E1
9.440000000E0	8.742139568E1
9.480000000E0	8.750528508E1
9.520000000E0	8.757434166E1
9.560000000E0	8.760750686E1
9.600000000E0	8.756086232E1
9.640000000E0	8.754199478E1
9.680000000E0	8.756306965E1
9.720000000E0	8.758239680E1
9.760000000E0	8.765868694E1
9.800000000E0	8.776196876E1
9.840000000E0	8.775879131E1
9.880000000E0	8.776280412E1
9.920000000E0	8.775945021E1
9.960000000E0	8.775526401E1
1.000000000E1	8.775162198E1
1.004000000E1	8.776513292E1
1.008000000E1	8.777147458E1
1.012000000E1	8.776120359E1
1.016000000E1	8.776099585E1
1.020000000E1	8.776630284E1
1.024000000E1	8.777001240E1
1.028000000E1	8.776840139E1
1.032000000E1	8.776232174E1
1.036000000E1	8.745444915E1
1.040000000E1	8.742090985E1
1.044000000E1	8.726190616E1
1.048000000E1	8.716110913E1
1.052000000E1	8.698673635E1
1.056000000E1	8.689035667E1
1.060000000E1	8.691694237E1
1.064000000E1	8.679940352E1
1.068000000E1	8.668241482E1
1.072000000E1	8.643012738E1
1.076000000E1	8.618222061E1
1.080000000E1	8.572100760E1
1.084000000E1	8.525091560E1
1.088000000E1	8.472436907E1
1.092000000E1	8.419223212E1
1.096000000E1	8.360605825E1
1.100000000E1	8.364721200E1
1.104000000E1	8.356513693E1
1.108000000E1	8.347859218E1
1.112000000E1	8.363529975E1
1.116000000E1	8.392432597E1
1.120000000E1	8.423406465E1
1.124000000E1	8.460780315E1
1.128000000E1	8.497153130E1
1.132000000E1	8.534637569E1
1.136000000E1	8.574788436E1
1.140000000E1	8.613984584E1
1.144000000E1	8.644025812E1
1.148000000E1	8.675884005E1
1.152000000E1	8.715203401E1
1.156000000E1	8.740749744E1
1.160000000E1	8.753938896E1
1.164000000E1	8.747056092E1
1.168000000E1	8.726585267E1
1.172000000E1	8.715107326E1
1.176000000E1	8.705000662E1
1.180000000E1	8.705858191E1
1.184000000E1	8.702684253E1
1.188000000E1	8.701749194E1
1.192000000E1	8.695405500E1
1.196000000E1	8.661322001E1
1.200000000E1	8.664945347E1
1.204000000E1	8.668290831E1
1.208000000E1	8.686749537E1
1.212000000E1	8.696091225E1
1.216000000E1	8.712321330E1
1.220000000E1	8.718301081E1
1.224000000E1	8.712866057E1
1.228000000E1	8.703419410E1
1.232000000E1	8.693932054E1
1.236000000E1	8.696716216E1
1.240000000E1	8.695199259E1
1.244000000E1	8.695632888E1
1.248000000E1	8.696284194E1
1.252000000E1	8.694913503E1
1.256000000E1	8.694185148E1
1.260000000E1	8.693768799E1
1.264000000E1	8.693804533E1
1.268000000E1	8.694433994E1
1.272000000E1	8.694704509E1
1.276000000E1	8.695104006E1
1.280000000E1	8.696191534E1
1.284000000E1	8.695842225E1
1.288000000E1	8.694921206E1
1.292000000E1	8.694733235E1
1.296000000E1	8.696191238E1
1.300000000E1	8.694930994E1
1.304000000E1	8.694251583E1
1.308000000E1	8.693729793E1
1.312000000E1	8.692199875E1
1.316000000E1	8.690891732E1
1.320000000E1	8.682257868E1
1.324000000E1	8.675277693E1
1.328000000E1	8.666208623E1
1.332000000E1	8.649483929E1
1.336000000E1	8.634261255E1
1.340000000E1	8.617488015E1
1.344000000E1	8.595202969E1
1.348000000E1	8.565159434E1
1.352000000E1	8.532773198E1
1.356000000E1	8.488920179E1
1.360000000E1	8.424275942E1
1.364000000E1	8.366787548E1
1.368000000E1	8.311672573E1
1.372000000E1	8.260936578E1
1.376000000E1	8.225078239E1
1.380000000E1	8.202917169E1
1.384000000E1	8.204962908E1
1.388000000E1	8.229369160E1
1.392000000E1	8.277695834E1
1.396000000E1	8.330760479E1
1.400000000E1	8.375825133E1
1.404000000E1	8.421735868E1
1.408000000E1	8.465426484E1
1.412000000E1	8.500398058E1
1.416000000E1	8.536483964E1
1.420000000E1	8.573313014E1
1.424000000E1	8.571942474E1
1.428000000E1	8.588430529E1
1.432000000E1	8.597223879E1
1.436000000E1	8.600306726E1
1.440000000E1	8.608093568E1
1.444000000E1	8.606765303E1
1.448000000E1	8.594373595E1
1.452000000E1	8.593875045E1
1.456000000E1	8.594226213E1
1.460000000E1	8.595274467E1
1.464000000E1	8.598739634E1
1.468000000E1	8.604733685E1
1.472000000E1	8.611137750E1
1.476000000E1	8.620038989E1
1.480000000E1	8.621879978E1
1.484000000E1	8.620937624E1
1.488000000E1	8.620433942E1
1.492000000E1	8.620684225E1
1.496000000E1	8.620832200E1
1.500000000E1	8.619851721E1
1.504000000E1	8.619413973E1
1.508000000E1	8.619059273E1
1.512000000E1	8.619435788E1
1.516000000E1	8.619643064E1
1.520000000E1	8.619595169E1
1.524000000E1	8.619692708E1
1.528000000E1	8.619775711E1
1.532000000E1	8.619794475E1
1.536000000E1	8.620365203E1
1.540000000E1	8.620923400E1
1.544000000E1	8.621565526E1
1.548000000E1	8.622186541E1
1.552000000E1	8.622198394E1
1.556000000E1	8.622263858E1
1.560000000E1	8.622381219E1
1.564000000E1	8.620855568E1
1.568000000E1	8.620958323E1
1.572000000E1	8.620871865E1
1.576000000E1	8.620561154E1
1.580000000E1	8.620052595E1
1.584000000E1	8.619173641E1
1.588000000E1	8.613430744E1
1.592000000E1	8.597132478E1
1.596000000E1	8.578821293E1
1.600000000E1	8.558403140E1
1.604000000E1	8.541373875E1
1.608000000E1	8.524495176E1
1.612000000E1	8.492673806E1
1.616000000E1	8.443151183E1
1.620000000E1	8.387081568E1
1.624000000E1	8.344482623E1
1.628000000E1	8.295807859E1
1.632000000E1	8.249367014E1
1.636000000E1	8.218814886E1
1.640000000E1	8.204085473E1
1.644000000E1	8.209661623E1
1.648000000E1	8.234120364E1
1.652000000E1	8.272646911E1
1.656000000E1	8.310499433E1
1.660000000E1	8.344923697E1
1.664000000E1	8.381005759E1
1.668000000E1	8.408378856E1
1.672000000E1	8.427263141E1
1.676000000E1	8.457570876E1
1.680000000E1	8.489173535E1
1.684000000E1	8.523762563E1
1.688000000E1	8.554689156E1
1.692000000E1	8.581255448E1
1.696000000E1	8.594921046E1
1.700000000E1	8.603974693E1
1.704000000E1	8.599340019E1
1.708000000E1	8.594710179E1
1.712000000E1	8.579840389E1
1.716000000E1	8.562598253E1
1.720000000E1	8.568622805E1
1.724000000E1	8.572264101E1
1.728000000E1	8.582074958E1
1.732000000E1	8.591627430E1
1.736000000E1	8.594020689E1
1.740000000E1	8.593721284E1
1.744000000E1	8.594580099E1
1.748000000E1	8.595257730E1
1.752000000E1	8.596876615E1
1.756000000E1	8.597829831E1
1.760000000E1	8.599583943E1
1.764000000E1	8.598785115E1
1.768000000E1	8.599446079E1
1.772000000E1	8.597860551E1
1.776000000E1	8.598375319E1
1.780000000E1	8.598798590E1
1.784000000E1	8.599449141E1
1.788000000E1	8.598380361E1
1.792000000E1	8.597823856E1
1.796000000E1	8.597589247E1
1.800000000E1	8.597387996E1
1.804000000E1	8.596770819E1
1.808000000E1	8.596331191E1
1.812000000E1	8.591226199E1
1.816000000E1	8.576571204E1
1.820000000E1	8.547288793E1
1.824000000E1	8.536384147E1
1.828000000E1	8.520762723E1
1.832000000E1	8.505077517E1
1.836000000E1	8.473479689E1
1.840000000E1	8.432245074E1
1.844000000E1	8.374574416E1
1.848000000E1	8.326307055E1
1.852000000E1	8.269114561E1
1.856000000E1	8.220183307E1
1.860000000E1	8.183237010E1
1.864000000E1	8.163986560E1
1.868000000E1	8.160246543E1
1.872000000E1	8.180322988E1
1.876000000E1	8.207873574E1
1.880000000E1	8.235729932E1
1.884000000E1	8.257085272E1
1.888000000E1	8.280254541E1
1.892000000E1	8.303442922E1
1.896000000E1	8.328438115E1
1.900000000E1	8.354191267E1
1.904000000E1	8.376175210E1
1.908000000E1	8.401696337E1
1.912000000E1	8.425399717E1
1.916000000E1	8.451073125E1
1.920000000E1	8.476313198E1
1.924000000E1	8.497454754E1
1.928000000E1	8.525752350E1
1.932000000E1	8.550199712E1
1.936000000E1	8.475269145E1
1.940000000E1	8.489464361E1
1.944000000E1	8.484002481E1
1.948000000E1	8.477286107E1
1.952000000E1	8.470150979E1
1.956000000E1	8.466057052E1
1.960000000E1	8.473776552E1
1.964000000E1	8.628409829E1
1.968000000E1	8.630284270E1
1.972000000E1	8.632419915E1
1.976000000E1	8.629816870E1
1.980000000E1	8.628713731E1
1.984000000E1	8.628289674E1
1.988000000E1	8.627517135E1
1.992000000E1	8.627679478E1
1.996000000E1	8.628126407E1
2.000000000E1	8.628679934E1
2.004000000E1	8.628617692E1
2.008000000E1	8.628568763E1
2.012000000E1	8.628482624E1
2.016000000E1	8.628457567E1
2.020000000E1	8.628592208E1
2.024000000E1	8.628672714E1
2.028000000E1	8.628883310E1
2.032000000E1	8.679695676E1
2.036000000E1	8.679877113E1
2.040000000E1	8.680313971E1
2.044000000E1	8.680099487E1
2.048000000E1	8.679933224E1
2.052000000E1	8.680425690E1
2.056000000E1	8.680906249E1
2.060000000E1	8.680598591E1
2.064000000E1	8.680318115E1
2.068000000E1	8.680115740E1
2.072000000E1	8.680245614E1
2.076000000E1	8.680189824E1
2.080000000E1	8.680055351E1
2.084000000E1	8.679976303E1
2.088000000E1	8.679831790E1
2.092000000E1	8.679765067E1
2.096000000E1	8.679767091E1
2.100000000E1	8.679510983E1
2.104000000E1	8.679584497E1
2.108000000E1	8.679613994E1
2.112000000E1	8.680176203E1
2.116000000E1	8.679534743E1
2.120000000E1	8.679686849E1
2.124000000E1	8.679761665E1
2.128000000E1	8.679920405E1
2.132000000E1	8.679779629E1
2.136000000E1	8.679732679E1
2.140000000E1	8.679712971E1
2.144000000E1	8.679726897E1
2.148000000E1	8.679687577E1
2.152000000E1	8.679785365E1
2.156000000E1	8.679779869E1
2.160000000E1	8.680163857E1
2.164000000E1	8.680584156E1
2.168000000E1	8.680038913E1
2.172000000E1	8.679697047E1
2.176000000E1	8.679395724E1
2.180000000E1	8.678189971E1
2.184000000E1	8.677764514E1
2.188000000E1	8.672295439E1
2.192000000E1	8.657383885E1
2.196000000E1	8.642199733E1
2.200000000E1	8.628794954E1
2.204000000E1	8.619894886E1
2.208000000E1	8.608743286E1
2.212000000E1	8.603615191E1
2.216000000E1	8.584512370E1
2.220000000E1	8.543149429E1
2.224000000E1	8.487780466E1
2.228000000E1	8.436542893E1
2.232000000E1	8.402258971E1
2.236000000E1	8.386649515E1
2.240000000E1	8.385900994E1
2.244000000E1	8.403684833E1
2.248000000E1	8.427622171E1
2.252000000E1	8.436470589E1
2.256000000E1	8.441249467E1
2.260000000E1	8.433467709E1
2.264000000E1	8.410197078E1
2.268000000E1	8.383999693E1
2.272000000E1	8.360040164E1
2.276000000E1	8.355260215E1
2.280000000E1	8.370697960E1
2.284000000E1	8.398909516E1
2.288000000E1	8.434659480E1
2.292000000E1	8.463951717E1
2.296000000E1	8.495378653E1
2.300000000E1	8.529071594E1
2.304000000E1	8.558099197E1
2.308000000E1	8.590237894E1
2.312000000E1	8.611729116E1
2.316000000E1	8.629835245E1
2.320000000E1	8.653675175E1
2.324000000E1	8.656099039E1
2.328000000E1	8.654498866E1
2.332000000E1	8.654410652E1
2.336000000E1	8.653927176E1
2.340000000E1	8.652908510E1
2.344000000E1	8.650193218E1
2.348000000E1	8.651117177E1
2.352000000E1	8.652782900E1
2.356000000E1	8.653555363E1
2.360000000E1	8.654357884E1
2.364000000E1	8.654774336E1
2.368000000E1	8.655689376E1
2.372000000E1	8.656263955E1
2.376000000E1	8.655333470E1
2.380000000E1	8.655101855E1
2.384000000E1	8.656583204E1
2.388000000E1	8.655755108E1
2.392000000E1	8.655852137E1
2.396000000E1	8.656039348E1
2.400000000E1	8.654978697E1
2.404000000E1	8.655742808E1
2.408000000E1	8.656660257E1
2.412000000E1	8.655873602E1
2.416000000E1	8.655459034E1
2.420000000E1	8.657231976E1
2.424000000E1	8.657174643E1
2.428000000E1	8.656401577E1
2.432000000E1	8.655340367E1
2.436000000E1	8.656270804E1
2.440000000E1	8.656144221E1
2.444000000E1	8.656498656E1
2.448000000E1	8.656683426E1
2.452000000E1	8.656019649E1
2.456000000E1	8.655713481E1
2.460000000E1	8.650592199E1
2.464000000E1	8.628058265E1
2.468000000E1	8.627505964E1
2.472000000E1	8.627992132E1
2.476000000E1	8.627944372E1
2.480000000E1	8.622474356E1
2.484000000E1	8.603781335E1
2.488000000E1	8.570351038E1
2.492000000E1	8.479669030E1
2.496000000E1	8.480824421E1
2.500000000E1	8.434028530E1
2.504000000E1	8.401806313E1
2.508000000E1	8.364147532E1
2.512000000E1	8.335988031E1
2.516000000E1	8.323062168E1
2.520000000E1	8.333618388E1
2.524000000E1	8.357439566E1
2.528000000E1	8.390262116E1
2.532000000E1	8.431522921E1
2.536000000E1	8.476323918E1
2.540000000E1	8.513093034E1
2.544000000E1	8.554064748E1
2.548000000E1	8.595160043E1
2.552000000E1	8.631941446E1
2.556000000E1	8.656868684E1
2.560000000E1	8.680380151E1
2.564000000E1	8.680655621E1
2.568000000E1	8.676179931E1
2.572000000E1	8.671997929E1
2.576000000E1	8.655461085E1
2.580000000E1	8.652300920E1
2.584000000E1	8.653707509E1
2.588000000E1	8.654468032E1
2.592000000E1	8.654664038E1
2.596000000E1	8.654821493E1
2.600000000E1	8.656095003E1
2.604000000E1	8.655492610E1
2.608000000E1	8.655096587E1
2.612000000E1	8.656035009E1
2.616000000E1	8.655529236E1
2.620000000E1	8.656543091E1
2.624000000E1	8.657462783E1
2.628000000E1	8.659408807E1
2.632000000E1	8.658992622E1
2.636000000E1	8.659144912E1
2.640000000E1	8.656450008E1
2.644000000E1	8.655403819E1
2.648000000E1	8.654576235E1
2.652000000E1	8.654453515E1
2.656000000E1	8.653956211E1
2.660000000E1	8.653954725E1
2.664000000E1	8.653569901E1
2.668000000E1	8.652913002E1
2.672000000E1	8.651916589E1
2.676000000E1	8.649625164E1
2.680000000E1	8.632359341E1
2.684000000E1	8.633761236E1
2.688000000E1	8.631673211E1
2.692000000E1	8.625306418E1
2.696000000E1	8.559361892E1
2.700000000E1	8.557211212E1
2.704000000E1	8.499828778E1
2.708000000E1	8.451607456E1
2.712000000E1	8.399415700E1
2.716000000E1	8.352828758E1
2.720000000E1	8.311892769E1
2.724000000E1	8.286758001E1
2.728000000E1	8.284834192E1
2.732000000E1	8.306590791E1
2.736000000E1	8.338189502E1
2.740000000E1	8.382983820E1
2.744000000E1	8.430311581E1
2.748000000E1	8.478241137E1
2.752000000E1	8.555042856E1
2.756000000E1	8.555700048E1
2.760000000E1	8.597703949E1
2.764000000E1	8.631868304E1
2.768000000E1	8.662202835E1
2.772000000E1	8.684536898E1
2.776000000E1	8.703135169E1
2.780000000E1	8.704510497E1
2.784000000E1	8.682564690E1
2.788000000E1	8.672470245E1
2.792000000E1	8.661933280E1
2.796000000E1	8.655725986E1
2.800000000E1	8.654945190E1
2.804000000E1	8.655159049E1
2.808000000E1	8.653927165E1
2.812000000E1	8.655395300E1
2.816000000E1	8.655253063E1
2.820000000E1	8.655087577E1
2.824000000E1	8.655229974E1
2.828000000E1	8.654266277E1
2.832000000E1	8.654999250E1
2.836000000E1	8.655997608E1
2.840000000E1	8.656839198E1
2.844000000E1	8.657770566E1
2.848000000E1	8.658361064E1
2.852000000E1	8.658540397E1
2.856000000E1	8.658731861E1
2.860000000E1	8.657665153E1
2.864000000E1	8.657132586E1
2.868000000E1	8.657455657E1
2.872000000E1	8.656375807E1
2.876000000E1	8.651533654E1
2.880000000E1	8.635202408E1
2.884000000E1	8.625890970E1
2.888000000E1	8.603038535E1
2.892000000E1	8.599005984E1
2.896000000E1	8.586313190E1
2.900000000E1	8.573592279E1
2.904000000E1	8.532671403E1
2.908000000E1	8.487090667E1
2.912000000E1	8.431544668E1
2.916000000E1	8.380082719E1
2.920000000E1	8.337624479E1
2.924000000E1	8.304536951E1
2.928000000E1	8.286441104E1
2.932000000E1	8.282484783E1
2.936000000E1	8.331733305E1
2.940000000E1	8.334097797E1
2.944000000E1	8.378606456E1
2.948000000E1	8.430796166E1
2.952000000E1	8.483185370E1
2.956000000E1	8.530737837E1
2.960000000E1	8.577961130E1
2.964000000E1	8.618792187E1
2.968000000E1	8.643035478E1
2.972000000E1	8.660664743E1
2.976000000E1	8.680457443E1
2.980000000E1	8.681154965E1
2.984000000E1	8.683835298E1
2.988000000E1	8.679103553E1
2.992000000E1	8.676995003E1
2.996000000E1	8.671990492E1
3.000000000E1	8.661258404E1
3.004000000E1	8.655345641E1
3.008000000E1	8.655487757E1
3.012000000E1	8.655556127E1
3.016000000E1	8.655600498E1
3.020000000E1	8.655677682E1
3.024000000E1	8.655471246E1
3.028000000E1	8.656600882E1
3.032000000E1	8.656147413E1
3.036000000E1	8.656346666E1
3.040000000E1	8.656523129E1
3.044000000E1	8.655569559E1
3.048000000E1	8.654405599E1
3.052000000E1	8.654991910E1
3.056000000E1	8.655430722E1
3.060000000E1	8.656373352E1
3.064000000E1	8.657384423E1
3.068000000E1	8.657170395E1
3.072000000E1	8.659657733E1
3.076000000E1	8.657710295E1
3.080000000E1	8.656724266E1
3.084000000E1	8.655834107E1
3.088000000E1	8.655643041E1
3.092000000E1	8.654914227E1
3.096000000E1	8.654202095E1
3.100000000E1	8.655518893E1
3.104000000E1	8.655417377E1
3.108000000E1	8.654573048E1
3.112000000E1	8.655427233E1
3.116000000E1	8.652030666E1
3.120000000E1	8.632673108E1
3.124000000E1	8.592458495E1
3.128000000E1	8.549914329E1
3.132000000E1	8.494050038E1
3.136000000E1	8.444602042E1
3.140000000E1	8.389814399E1
3.144000000E1	8.339246952E1
3.148000000E1	8.340333361E1
3.152000000E1	8.340566306E1
3.156000000E1	8.359449348E1
3.160000000E1	8.389313716E1
3.164000000E1	8.421140096E1
3.168000000E1	8.457438699E1
3.172000000E1	8.493394299E1
3.176000000E1	8.532131072E1
3.180000000E1	8.568226655E1
3.184000000E1	8.605510410E1
3.188000000E1	8.633893946E1
3.192000000E1	8.664973323E1
3.196000000E1	8.685594555E1
3.200000000E1	8.682397307E1
3.204000000E1	8.682483883E1
3.208000000E1	8.681351562E1
3.212000000E1	8.665285433E1
3.216000000E1	8.656656867E1
3.220000000E1	8.655226265E1
3.224000000E1	8.653381651E1
3.228000000E1	8.654759302E1
3.232000000E1	8.655812821E1
3.236000000E1	8.656426305E1
3.240000000E1	8.656615207E1
3.244000000E1	8.656849719E1
3.248000000E1	8.656198773E1
3.252000000E1	8.656426600E1
3.256000000E1	8.656490428E1
3.260000000E1	8.657215659E1
3.264000000E1	8.657970782E1
3.268000000E1	8.659251729E1
3.272000000E1	8.658649773E1
3.276000000E1	8.658303936E1
3.280000000E1	8.658134135E1
3.284000000E1	8.657483065E1
3.288000000E1	8.657054110E1
3.292000000E1	8.657083203E1
3.296000000E1	8.657155378E1
3.300000000E1	8.657868910E1
3.304000000E1	8.657150543E1
3.308000000E1	8.656823379E1
3.312000000E1	8.656462586E1
3.316000000E1	8.656178320E1
3.320000000E1	8.656294049E1
3.324000000E1	8.655389975E1
3.328000000E1	8.654817083E1
3.332000000E1	8.653910536E1
3.336000000E1	8.654319674E1
3.340000000E1	8.652651897E1
3.344000000E1	8.641079753E1
3.348000000E1	8.627947785E1
3.352000000E1	8.611425111E1
3.356000000E1	8.589022927E1
3.360000000E1	8.559344194E1
3.364000000E1	8.532209291E1
3.368000000E1	8.490962745E1
3.372000000E1	8.437391149E1
3.376000000E1	8.381990033E1
3.380000000E1	8.330564044E1
3.384000000E1	8.294034253E1
3.388000000E1	8.265524895E1
3.392000000E1	8.262003395E1
3.396000000E1	8.282031457E1
3.400000000E1	8.318703597E1
3.404000000E1	8.367445665E1
3.408000000E1	8.417747501E1
3.412000000E1	8.463386065E1
3.416000000E1	8.506123055E1
3.420000000E1	8.540536894E1
3.424000000E1	8.571546098E1
3.428000000E1	8.595674102E1
3.432000000E1	8.613850740E1
3.436000000E1	8.630553927E1
3.440000000E1	8.648422255E1
3.444000000E1	8.656340204E1
3.448000000E1	8.651155792E1
3.452000000E1	8.636457754E1
3.456000000E1	8.627439438E1
3.460000000E1	8.624732627E1
3.464000000E1	8.631887986E1
3.468000000E1	8.634897748E1
3.472000000E1	8.639382892E1
3.476000000E1	8.639856838E1
3.480000000E1	8.637443562E1
3.484000000E1	8.634858440E1
3.488000000E1	8.633825754E1
3.492000000E1	8.633459980E1
3.496000000E1	8.634018359E1
3.500000000E1	8.634198625E1
3.504000000E1	8.634025817E1
3.508000000E1	8.633270047E1
3.512000000E1	8.633061825E1
3.516000000E1	8.632881019E1
3.520000000E1	8.632805238E1
3.524000000E1	8.632735689E1
3.528000000E1	8.632257516E1
3.532000000E1	8.631769244E1
3.536000000E1	8.632522487E1
3.540000000E1	8.632878989E1
3.544000000E1	8.632991844E1
3.548000000E1	8.633265295E1
3.552000000E1	8.630376791E1
3.556000000E1	8.626628947E1
3.560000000E1	8.628636278E1
3.564000000E1	8.627139445E1
3.568000000E1	8.629830217E1
3.572000000E1	8.627345379E1
3.576000000E1	8.618174006E1
3.580000000E1	8.588543793E1
3.584000000E1	8.561548518E1
3.588000000E1	8.533580337E1
3.592000000E1	8.506147633E1
3.596000000E1	8.481798676E1
3.600000000E1	8.461388057E1
3.604000000E1	8.441063357E1
3.608000000E1	8.427051038E1
3.612000000E1	8.417653187E1
3.616000000E1	8.408136549E1
3.620000000E1	8.409799647E1
3.624000000E1	8.412089035E1
3.628000000E1	8.414925113E1
3.632000000E1	8.421825671E1
3.636000000E1	8.419713245E1
3.640000000E1	8.417935271E1
3.644000000E1	8.413996263E1
3.648000000E1	8.412179191E1
3.652000000E1	8.412134031E1
3.656000000E1	8.412684770E1
3.660000000E1	8.415234961E1
3.664000000E1	8.414374990E1
3.668000000E1	8.416120949E1
3.672000000E1	8.413826163E1
3.676000000E1	8.413291852E1
3.680000000E1	8.413991237E1
3.684000000E1	8.424361485E1
3.688000000E1	8.437655675E1
3.692000000E1	8.464035891E1
3.696000000E1	8.492575555E1
3.700000000E1	8.521510184E1
3.704000000E1	8.545904420E1
3.708000000E1	8.558741781E1
3.712000000E1	8.587534931E1
3.716000000E1	8.626082317E1
3.720000000E1	8.658392235E1
3.724000000E1	8.676358987E1
3.728000000E1	8.670110620E1
3.732000000E1	8.657464677E1
3.736000000E1	8.637966193E1
3.740000000E1	8.631195757E1
3.744000000E1	8.633917299E1
3.748000000E1	8.633413304E1
3.752000000E1	8.635469062E1
3.756000000E1	8.638508552E1
3.760000000E1	8.636074241E1
3.764000000E1	8.634502434E1
3.768000000E1	8.632382358E1
3.772000000E1	8.632007287E1
3.776000000E1	8.632424466E1
3.780000000E1	8.632421112E1
3.784000000E1	8.632992569E1
3.788000000E1	8.633488670E1
3.792000000E1	8.633638890E1
3.796000000E1	8.633178696E1
3.800000000E1	8.633719651E1
3.804000000E1	8.633305303E1
3.808000000E1	8.633166822E1
3.812000000E1	8.632982969E1
3.816000000E1	8.632906008E1
3.820000000E1	8.632858123E1
3.824000000E1	8.632773548E1
3.828000000E1	8.632976771E1
3.832000000E1	8.633118089E1
3.836000000E1	8.632981568E1
3.840000000E1	8.632909976E1
3.844000000E1	8.632087251E1
3.848000000E1	8.630606623E1
3.852000000E1	8.629074228E1
3.856000000E1	8.624584818E1
3.860000000E1	8.613604800E1
3.864000000E1	8.600007850E1
3.868000000E1	8.583702621E1
3.872000000E1	8.544499039E1
3.876000000E1	8.513900486E1
3.880000000E1	8.482940527E1
3.884000000E1	8.463658272E1
3.888000000E1	8.442136214E1
3.892000000E1	8.416576594E1
3.896000000E1	8.395220741E1
3.900000000E1	8.387759380E1
3.904000000E1	8.394216942E1
3.908000000E1	8.413483529E1
3.912000000E1	8.438373468E1
3.916000000E1	8.464166806E1
3.920000000E1	8.489040673E1
3.924000000E1	8.513140874E1
3.928000000E1	8.536947742E1
3.932000000E1	8.561024622E1
3.936000000E1	8.583356441E1
3.940000000E1	8.607269519E1
3.944000000E1	8.629973532E1
3.948000000E1	8.654133719E1
3.952000000E1	8.670353882E1
3.956000000E1	8.683950017E1
3.960000000E1	8.685591589E1
3.964000000E1	8.683398681E1
3.968000000E1	8.679656076E1
3.972000000E1	8.666975022E1
3.976000000E1	8.658287419E1
3.980000000E1	8.658390664E1
3.984000000E1	8.659863037E1
3.988000000E1	8.661146604E1
3.992000000E1	8.661652877E1
3.996000000E1	8.660850078E1
4.000000000E1	8.659736937E1
4.004000000E1	8.659344565E1
4.008000000E1	8.659136834E1
4.012000000E1	8.659330521E1
4.016000000E1	8.659429771E1
4.020000000E1	8.660177873E1
4.024000000E1	8.660821177E1
4.028000000E1	8.660395529E1
4.032000000E1	8.660193950E1
4.036000000E1	8.660120319E1
4.040000000E1	8.660085659E1
4.044000000E1	8.660012571E1
4.048000000E1	8.659674109E1
4.052000000E1	8.659584116E1
4.056000000E1	8.659536976E1
4.060000000E1	8.659391223E1
4.064000000E1	8.659355291E1
4.068000000E1	8.656184481E1
4.072000000E1	8.634523246E1
4.076000000E1	8.631604305E1
4.080000000E1	8.627297386E1
4.084000000E1	8.613737568E1
4.088000000E1	8.608325783E1
4.092000000E1	8.579477864E1
4.096000000E1	8.547227914E1
4.100000000E1	8.508899411E1
4.104000000E1	8.482905665E1
4.108000000E1	8.451399217E1
4.112000000E1	8.421419814E1
4.116000000E1	8.396937655E1
4.120000000E1	8.381418361E1
4.124000000E1	8.383222845E1
4.128000000E1	8.411973321E1
4.132000000E1	8.443662263E1
4.136000000E1	8.487395658E1
4.140000000E1	8.522333585E1
4.144000000E1	8.557771413E1
4.148000000E1	8.587300114E1
4.152000000E1	8.610675464E1
4.156000000E1	8.634106948E1
4.160000000E1	8.656420555E1
4.164000000E1	8.678764017E1
4.168000000E1	8.701193957E1
4.172000000E1	8.706178237E1
4.176000000E1	8.710337806E1
4.180000000E1	8.722241631E1
4.184000000E1	8.732923126E1
4.188000000E1	8.729864290E1
4.192000000E1	8.716112863E1
4.196000000E1	8.703146696E1
4.200000000E1	8.688315964E1
4.204000000E1	8.685329274E1
4.208000000E1	8.685154536E1
4.212000000E1	8.686069828E1
4.216000000E1	8.686824037E1
4.220000000E1	8.684817840E1
4.224000000E1	8.683322103E1
4.228000000E1	8.680300507E1
4.232000000E1	8.682345448E1
4.236000000E1	8.682636400E1
4.240000000E1	8.683226895E1
4.244000000E1	8.683508632E1
4.248000000E1	8.683743708E1
4.252000000E1	8.683830601E1
4.256000000E1	8.683900338E1
4.260000000E1	8.684589867E1
4.264000000E1	8.684909358E1
4.268000000E1	8.685490687E1
4.272000000E1	8.685270127E1
4.276000000E1	8.685808834E1
4.280000000E1	8.686304939E1
4.284000000E1	8.686965447E1
4.288000000E1	8.687730746E1
4.292000000E1	8.687447640E1
4.296000000E1	8.687358670E1
4.300000000E1	8.686096718E1
4.304000000E1	8.686443629E1
4.308000000E1	8.688233771E1
4.312000000E1	8.686120487E1
4.316000000E1	8.685339408E1
4.320000000E1	8.684942937E1
4.324000000E1	8.684504453E1
4.328000000E1	8.687143494E1
4.332000000E1	8.703903289E1
4.336000000E1	8.734216954E1
4.340000000E1	8.733808100E1
4.344000000E1	8.751816795E1
4.348000000E1	8.761724271E1
4.352000000E1	8.777990771E1
4.356000000E1	8.802596746E1
4.360000000E1	8.850535464E1
4.364000000E1	8.853112752E1
4.368000000E1	8.879638389E1
4.372000000E1	8.901141254E1
