
t/1	ANGLE/1
0.000000000E0	8.961205320E1
4.000000000E-2	8.961946492E1
8.000000000E-2	8.813953681E1
1.200000000E-1	8.673621786E1
1.600000000E-1	8.551289694E1
2.000000000E-1	8.464054643E1
2.400000000E-1	8.413136305E1
2.800000000E-1	8.402600340E1
3.200000000E-1	8.420180781E1
3.600000000E-1	8.424999531E1
4.000000000E-1	8.431290663E1
4.400000000E-1	8.420601101E1
4.800000000E-1	8.415120444E1
5.200000000E-1	8.407134467E1
5.600000000E-1	8.385224248E1
6.000000000E-1	8.374174072E1
6.400000000E-1	8.367396084E1
6.800000000E-1	8.345058101E1
7.200000000E-1	8.303482490E1
7.600000000E-1	8.178880696E1
8.000000000E-1	8.184985501E1
8.400000000E-1	8.129678619E1
8.800000000E-1	8.078684731E1
9.200000000E-1	8.042336714E1
9.600000000E-1	8.046628679E1
1.000000000E0	8.076562870E1
1.040000000E0	8.106583713E1
1.080000000E0	8.111550694E1
1.120000000E0	8.113176611E1
1.160000000E0	8.107407511E1
1.200000000E0	8.107228631E1
1.240000000E0	8.107121720E1
1.280000000E0	8.104538514E1
1.320000000E0	8.104979871E1
1.360000000E0	8.103913459E1
1.400000000E0	8.104532150E1
1.440000000E0	8.104737572E1
1.480000000E0	8.104726753E1
1.520000000E0	8.104434898E1
1.560000000E0	8.105544289E1
1.600000000E0	8.106130364E1
1.640000000E0	8.106473372E1
1.680000000E0	8.104997237E1
1.720000000E0	8.100372410E1
1.760000000E0	8.102521621E1
1.800000000E0	8.104195246E1
1.840000000E0	8.089896116E1
1.880000000E0	8.074265787E1
1.920000000E0	8.069873498E1
1.960000000E0	8.069315089E1
2.000000000E0	8.065360918E1
2.040000000E0	8.055395681E1
2.080000000E0	8.038401024E1
2.120000000E0	8.013582688E1
2.160000000E0	7.959369050E1
2.200000000E0	7.900387025E1
2.240000000E0	7.781382974E1
2.280000000E0	7.625277287E1
2.320000000E0	7.476275290E1
2.360000000E0	7.319646926E1
2.400000000E0	7.157387213E1
2.440000000E0	7.019562006E1
2.480000000E0	6.908471862E1
2.520000000E0	6.806129920E1
2.560000000E0	6.710618903E1
2.600000000E0	6.634498592E1
2.640000000E0	6.573182075E1
2.680000000E0	6.557586041E1
2.720000000E0	6.591029527E1
2.760000000E0	6.660014953E1
2.800000000E0	6.745374916E1
2.840000000E0	6.835336175E1
2.880000000E0	6.924936658E1
2.920000000E0	7.027688904E1
2.960000000E0	7.145117874E1
3.000000000E0	7.247322705E1
3.040000000E0	7.359356668E1
3.080000000E0	7.456938045E1
3.120000000E0	7.539168902E1
3.160000000E0	7.589976053E1
3.200000000E0	7.588264601E1
3.240000000E0	7.581362491E1
3.280000000E0	7.549407832E1
3.320000000E0	7.517450549E1
3.360000000E0	7.514783773E1
3.400000000E0	7.515217104E1
3.440000000E0	7.541517559E1
3.480000000E0	7.545235176E1
3.520000000E0	7.565056226E1
3.560000000E0	7.568293671E1
3.600000000E0	7.604190352E1
3.640000000E0	7.665152709E1
3.680000000E0	7.750034472E1
3.720000000E0	7.837508030E1
3.760000000E0	7.941042833E1
3.800000000E0	8.055404384E1
3.840000000E0	8.154054283E1
3.880000000E0	8.222726462E1
3.920000000E0	8.240511736E1
3.960000000E0	8.222352855E1
4.000000000E0	8.202212773E1
4.040000000E0	8.172068484E1
4.080000000E0	8.147769343E1
4.120000000E0	8.151269274E1
4.160000000E0	8.158348749E1
4.200000000E0	8.164723916E1
4.240000000E0	8.169834437E1
4.280000000E0	8.162438421E1
4.320000000E0	8.158254586E1
4.360000000E0	8.123857565E1
4.400000000E0	8.051942763E1
4.440000000E0	7.975265446E1
4.480000000E0	7.855038062E1
4.520000000E0	7.710349447E1
4.560000000E0	7.534137223E1
4.600000000E0	7.359404179E1
4.640000000E0	7.194323272E1
4.680000000E0	7.047962159E1
4.720000000E0	6.912752202E1
4.760000000E0	6.797607912E1
4.800000000E0	6.701782297E1
4.840000000E0	6.633860860E1
4.880000000E0	6.605262384E1
4.920000000E0	6.623833589E1
4.960000000E0	6.690730496E1
5.000000000E0	6.779151559E1
5.040000000E0	6.865010362E1
5.080000000E0	6.952597750E1
5.120000000E0	7.051732317E1
5.160000000E0	7.143590352E1
5.200000000E0	7.233490393E1
5.240000000E0	7.322826222E1
5.280000000E0	7.391999172E1
5.320000000E0	7.469166164E1
5.360000000E0	7.512490194E1
5.400000000E0	7.532606886E1
5.440000000E0	7.530457526E1
5.480000000E0	7.511294911E1
5.520000000E0	7.500458354E1
5.560000000E0	7.500413376E1
5.600000000E0	7.519482385E1
5.640000000E0	7.569661497E1
5.680000000E0	7.651768882E1
5.720000000E0	7.739277127E1
5.760000000E0	7.838320840E1
5.800000000E0	7.926927020E1
5.840000000E0	7.978552588E1
5.880000000E0	8.030929205E1
5.920000000E0	8.036443905E1
5.960000000E0	8.017136072E1
6.000000000E0	7.991982206E1
6.040000000E0	7.975464608E1
6.080000000E0	7.956807741E1
6.120000000E0	7.951482567E1
6.160000000E0	7.961704204E1
6.200000000E0	7.968479108E1
6.240000000E0	7.968077778E1
6.280000000E0	7.968908647E1
6.320000000E0	7.968980161E1
6.360000000E0	7.967383768E1
6.400000000E0	7.970018926E1
6.440000000E0	7.967377707E1
6.480000000E0	7.938265226E1
6.520000000E0	7.902386077E1
6.560000000E0	7.836369440E1
6.600000000E0	7.743388538E1
6.640000000E0	7.642084512E1
6.680000000E0	7.524527071E1
6.720000000E0	7.379932795E1
6.760000000E0	7.219218041E1
6.800000000E0	7.078037813E1
6.840000000E0	6.938360267E1
6.880000000E0	6.810437212E1
6.920000000E0	6.695108813E1
6.960000000E0	6.601909431E1
7.000000000E0	6.539322489E1
7.040000000E0	6.510548539E1
7.080000000E0	6.514940882E1
7.120000000E0	6.563560009E1
7.160000000E0	6.727296732E1
7.200000000E0	6.725719818E1
7.240000000E0	6.823615594E1
7.280000000E0	6.922043931E1
7.320000000E0	7.008768801E1
7.360000000E0	7.111378767E1
7.400000000E0	7.212258020E1
7.440000000E0	7.311908410E1
7.480000000E0	7.407133836E1
7.520000000E0	7.467683773E1
7.560000000E0	7.494998200E1
7.600000000E0	7.493106547E1
7.640000000E0	7.468917069E1
7.680000000E0	7.449679845E1
7.720000000E0	7.434332398E1
7.760000000E0	7.452727367E1
7.800000000E0	7.485375154E1
7.840000000E0	7.549914464E1
7.880000000E0	7.636616879E1
7.920000000E0	7.750688781E1
7.960000000E0	7.838969589E1
8.000000000E0	7.912300941E1
8.040000000E0	7.970015655E1
8.080000000E0	7.999720598E1
8.120000000E0	8.000506206E1
8.160000000E0	7.985679779E1
8.200000000E0	7.986717394E1
8.240000000E0	7.982545083E1
8.280000000E0	7.980830516E1
8.320000000E0	7.980751368E1
8.360000000E0	7.979720073E1
8.400000000E0	7.975604627E1
8.440000000E0	7.948360044E1
8.480000000E0	7.912340092E1
8.520000000E0	7.851738953E1
8.560000000E0	7.784078225E1
8.600000000E0	7.689111764E1
8.640000000E0	7.459615744E1
8.680000000E0	7.462557305E1
8.720000000E0	7.321269299E1
8.760000000E0	7.172650630E1
8.800000000E0	7.048803846E1
8.840000000E0	6.944734568E1
8.880000000E0	6.847356596E1
8.920000000E0	6.757040824E1
8.960000000E0	6.672208151E1
9.000000000E0	6.610244120E1
9.040000000E0	6.576697672E1
9.080000000E0	6.569935577E1
9.120000000E0	6.591409225E1
9.160000000E0	6.629547360E1
9.200000000E0	6.688048740E1
9.240000000E0	6.743131943E1
9.280000000E0	6.816136974E1
9.320000000E0	6.899005263E1
9.360000000E0	6.977566191E1
9.400000000E0	7.057528520E1
9.440000000E0	7.134815749E1
9.480000000E0	7.220218248E1
9.520000000E0	7.302472966E1
9.560000000E0	7.369507055E1
9.600000000E0	7.431382733E1
9.640000000E0	7.463204837E1
9.680000000E0	7.493247836E1
9.720000000E0	7.519168933E1
9.760000000E0	7.538856260E1
9.800000000E0	7.538117472E1
9.840000000E0	7.534178052E1
9.880000000E0	7.546581258E1
9.920000000E0	7.566073897E1
9.960000000E0	7.596491539E1
1.000000000E1	7.665738885E1
1.004000000E1	7.751025515E1
1.008000000E1	7.839325006E1
1.012000000E1	7.924797314E1
1.016000000E1	8.000817240E1
1.020000000E1	8.065925843E1
1.024000000E1	8.093946847E1
1.028000000E1	8.097541374E1
1.032000000E1	8.091249301E1
1.036000000E1	8.086323565E1
1.040000000E1	8.088528557E1
1.044000000E1	8.089646182E1
1.048000000E1	8.090078677E1
1.052000000E1	8.090606643E1
1.056000000E1	8.090224914E1
1.060000000E1	8.088136709E1
1.064000000E1	8.057785977E1
1.068000000E1	8.010131226E1
1.072000000E1	7.945437519E1
1.076000000E1	7.859274047E1
1.080000000E1	7.744024500E1
1.084000000E1	7.615567571E1
1.088000000E1	7.475160776E1
1.092000000E1	7.323695824E1
1.096000000E1	7.175338029E1
1.100000000E1	7.042052186E1
1.104000000E1	6.837525751E1
1.108000000E1	6.839969093E1
1.112000000E1	6.755802068E1
1.116000000E1	6.690223151E1
1.120000000E1	6.649295796E1
1.124000000E1	6.628794891E1
1.128000000E1	6.629236637E1
1.132000000E1	6.657112325E1
1.136000000E1	6.708827935E1
1.140000000E1	6.768183537E1
1.144000000E1	6.844411082E1
1.148000000E1	6.927508943E1
1.152000000E1	7.025899858E1
1.156000000E1	7.203545040E1
1.160000000E1	7.201581728E1
1.164000000E1	7.278229308E1
1.168000000E1	7.344863749E1
1.172000000E1	7.407911408E1
1.176000000E1	7.463844491E1
1.180000000E1	7.496900002E1
1.184000000E1	7.505312748E1
1.188000000E1	7.496830954E1
1.192000000E1	7.488597600E1
1.196000000E1	7.488614319E1
1.200000000E1	7.520496677E1
1.204000000E1	7.579574274E1
1.208000000E1	7.750705004E1
1.212000000E1	7.749364948E1
1.216000000E1	7.841072080E1
1.220000000E1	7.935404747E1
1.224000000E1	8.014628680E1
1.228000000E1	8.066254256E1
1.232000000E1	8.097914215E1
1.236000000E1	8.110817802E1
1.240000000E1	8.119902692E1
1.244000000E1	8.120496438E1
1.248000000E1	8.114498065E1
1.252000000E1	8.114052502E1
1.256000000E1	8.111607226E1
1.260000000E1	8.113727138E1
1.264000000E1	8.115353043E1
1.268000000E1	8.110080980E1
1.272000000E1	8.075936205E1
1.276000000E1	8.011008064E1
1.280000000E1	7.938217610E1
1.284000000E1	7.827083605E1
1.288000000E1	7.697408727E1
1.292000000E1	7.563271640E1
1.296000000E1	7.270781974E1
1.300000000E1	7.268318323E1
1.304000000E1	7.121116511E1
1.308000000E1	6.985365225E1
1.312000000E1	6.872046912E1
1.316000000E1	6.768691988E1
1.320000000E1	6.673191202E1
1.324000000E1	6.603394767E1
1.328000000E1	6.555345761E1
1.332000000E1	6.532187255E1
1.336000000E1	6.543465058E1
1.340000000E1	6.587386526E1
1.344000000E1	6.644528973E1
1.348000000E1	6.734853457E1
1.352000000E1	6.807290693E1
1.356000000E1	6.897003545E1
1.360000000E1	7.006474783E1
1.364000000E1	7.100144424E1
1.368000000E1	7.182781542E1
1.372000000E1	7.335387795E1
1.376000000E1	7.328653980E1
1.380000000E1	7.387401954E1
1.384000000E1	7.435090581E1
1.388000000E1	7.462213408E1
1.392000000E1	7.484279331E1
1.396000000E1	7.493436267E1
1.400000000E1	7.498101115E1
1.404000000E1	7.488399105E1
1.408000000E1	7.482808386E1
1.412000000E1	7.497923833E1
1.416000000E1	7.526948191E1
1.420000000E1	7.597996232E1
1.424000000E1	7.687399983E1
1.428000000E1	7.779897393E1
1.432000000E1	7.877097958E1
1.436000000E1	7.942859399E1
1.440000000E1	8.005603228E1
1.444000000E1	8.056346297E1
1.448000000E1	8.092943957E1
1.452000000E1	8.095770636E1
1.456000000E1	8.088838547E1
1.460000000E1	8.088836939E1
1.464000000E1	8.083223885E1
1.468000000E1	8.076205396E1
1.472000000E1	8.048216875E1
1.476000000E1	8.025903813E1
1.480000000E1	7.983553968E1
1.484000000E1	7.927245638E1
1.488000000E1	7.843924745E1
1.492000000E1	7.737140909E1
1.496000000E1	7.622736843E1
1.500000000E1	7.486379048E1
1.504000000E1	7.334920056E1
1.508000000E1	7.047494670E1
1.512000000E1	7.050944481E1
1.516000000E1	6.932252980E1
1.520000000E1	6.818875408E1
1.524000000E1	6.729355790E1
1.528000000E1	6.652090605E1
1.532000000E1	6.594034049E1
1.536000000E1	6.569608002E1
1.540000000E1	6.568216021E1
1.544000000E1	6.586600772E1
1.548000000E1	6.631986306E1
1.552000000E1	6.679487505E1
1.556000000E1	6.755214475E1
1.560000000E1	6.833065357E1
1.564000000E1	6.921050711E1
1.568000000E1	7.001984202E1
1.572000000E1	7.085602649E1
1.576000000E1	7.162212897E1
1.580000000E1	7.235762562E1
1.584000000E1	7.299586761E1
1.588000000E1	7.354502199E1
1.592000000E1	7.386678673E1
1.596000000E1	7.413800701E1
1.600000000E1	7.429873712E1
1.604000000E1	7.434602383E1
1.608000000E1	7.436716134E1
1.612000000E1	7.435988591E1
1.616000000E1	7.454523130E1
1.620000000E1	7.453855443E1
1.624000000E1	7.492985981E1
1.628000000E1	7.552850355E1
1.632000000E1	7.617689837E1
1.636000000E1	7.703533980E1
1.640000000E1	7.792762406E1
1.644000000E1	7.876334546E1
1.648000000E1	7.962484144E1
1.652000000E1	8.009748849E1
1.656000000E1	8.057302163E1
1.660000000E1	8.065887531E1
1.664000000E1	8.044853963E1
1.668000000E1	8.046644857E1
1.672000000E1	8.048262428E1
1.676000000E1	8.029199271E1
1.680000000E1	8.016739336E1
1.684000000E1	8.016115765E1
1.688000000E1	8.021183545E1
1.692000000E1	8.008771633E1
1.696000000E1	7.958375254E1
1.700000000E1	7.885526728E1
1.704000000E1	7.788623311E1
1.708000000E1	7.646163924E1
1.712000000E1	7.477212863E1
1.716000000E1	7.290446135E1
1.720000000E1	7.123012232E1
1.724000000E1	6.970208162E1
1.728000000E1	6.835869892E1
1.732000000E1	6.728056349E1
1.736000000E1	6.640277171E1
1.740000000E1	6.576516025E1
1.744000000E1	6.545348095E1
1.748000000E1	6.551048307E1
1.752000000E1	6.587384156E1
1.756000000E1	6.636112552E1
1.760000000E1	6.713298072E1
1.764000000E1	6.790720862E1
1.768000000E1	6.952021323E1
1.772000000E1	6.949847466E1
1.776000000E1	7.027210495E1
1.780000000E1	7.127677462E1
1.784000000E1	7.212560834E1
1.788000000E1	7.291502016E1
1.792000000E1	7.363756913E1
1.796000000E1	7.406819463E1
1.800000000E1	7.456410416E1
1.804000000E1	7.488066465E1
1.808000000E1	7.489345536E1
1.812000000E1	7.482897618E1
1.816000000E1	7.492294522E1
1.820000000E1	7.500717018E1
1.824000000E1	7.524750089E1
1.828000000E1	7.549437526E1
1.832000000E1	7.599652947E1
1.836000000E1	7.687317207E1
1.840000000E1	7.798229804E1
1.844000000E1	7.901579486E1
1.848000000E1	7.989869281E1
1.852000000E1	8.045993071E1
1.856000000E1	8.093842768E1
1.860000000E1	8.091465042E1
1.864000000E1	8.084981860E1
1.868000000E1	8.080954764E1
1.872000000E1	8.083580982E1
1.876000000E1	8.082387321E1
1.880000000E1	8.080291851E1
1.884000000E1	8.066730822E1
1.888000000E1	8.038990816E1
1.892000000E1	7.987840126E1
1.896000000E1	7.913176424E1
1.900000000E1	7.798693851E1
1.904000000E1	7.662462324E1
1.908000000E1	7.499908006E1
1.912000000E1	7.342052120E1
1.916000000E1	7.177917933E1
1.920000000E1	7.030140402E1
1.924000000E1	6.914610764E1
1.928000000E1	6.804856649E1
1.932000000E1	6.710765733E1
1.936000000E1	6.632515615E1
1.940000000E1	6.570140298E1
1.944000000E1	6.529195054E1
1.948000000E1	6.522380794E1
1.952000000E1	6.546534271E1
1.956000000E1	6.605384903E1
1.960000000E1	6.682207512E1
1.964000000E1	6.760572561E1
1.968000000E1	6.842390966E1
1.972000000E1	6.921932946E1
1.976000000E1	7.076416057E1
1.980000000E1	7.069506560E1
1.984000000E1	7.139825776E1
1.988000000E1	7.211043737E1
1.992000000E1	7.281962314E1
1.996000000E1	7.334254107E1
2.000000000E1	7.375462156E1
2.004000000E1	7.402027249E1
2.008000000E1	7.425206879E1
2.012000000E1	7.430125901E1
2.016000000E1	7.431170253E1
2.020000000E1	7.428189407E1
2.024000000E1	7.439070958E1
2.028000000E1	7.451728512E1
2.032000000E1	7.489509055E1
2.036000000E1	7.616514308E1
2.040000000E1	7.617996129E1
2.044000000E1	7.679026125E1
2.048000000E1	7.729991750E1
2.052000000E1	7.768137749E1
2.056000000E1	7.794395224E1
2.060000000E1	7.802594518E1
2.064000000E1	7.800670316E1
2.068000000E1	7.804169192E1
2.072000000E1	7.810151686E1
2.076000000E1	7.817652526E1
2.080000000E1	7.814203951E1
2.084000000E1	7.791201081E1
2.088000000E1	7.768542275E1
2.092000000E1	7.726792993E1
2.096000000E1	7.669600426E1
2.100000000E1	7.601774901E1
2.104000000E1	7.518602030E1
2.108000000E1	7.416731379E1
2.112000000E1	7.304028543E1
2.116000000E1	7.191196013E1
2.120000000E1	7.059309296E1
2.124000000E1	6.934639218E1
2.128000000E1	6.822708044E1
2.132000000E1	6.716952209E1
2.136000000E1	6.617559408E1
2.140000000E1	6.531578168E1
2.144000000E1	6.458957238E1
2.148000000E1	6.408260786E1
2.152000000E1	6.382601269E1
2.156000000E1	6.369046723E1
2.160000000E1	6.383798261E1
2.164000000E1	6.434027962E1
2.168000000E1	6.492901973E1
2.172000000E1	6.564252046E1
2.176000000E1	6.642731254E1
2.180000000E1	6.723489595E1
2.184000000E1	6.812350484E1
2.188000000E1	6.902714120E1
2.192000000E1	6.982335440E1
2.196000000E1	7.062625210E1
2.200000000E1	7.134232116E1
2.204000000E1	7.191838830E1
2.208000000E1	7.257958472E1
2.212000000E1	7.316803233E1
2.216000000E1	7.350272310E1
2.220000000E1	7.380843604E1
2.224000000E1	7.407924823E1
2.228000000E1	7.421797177E1
2.232000000E1	7.425582249E1
2.236000000E1	7.440878222E1
2.240000000E1	7.453863127E1
2.244000000E1	7.478694613E1
2.248000000E1	7.521215718E1
2.252000000E1	7.573097014E1
2.256000000E1	7.629791675E1
2.260000000E1	7.705680191E1
2.264000000E1	7.773032089E1
2.268000000E1	7.832689245E1
2.272000000E1	7.892777490E1
2.276000000E1	7.942074884E1
2.280000000E1	7.981640624E1
2.284000000E1	8.017387566E1
2.288000000E1	8.007595398E1
2.292000000E1	8.000724515E1
2.296000000E1	7.961195420E1
2.300000000E1	7.897450802E1
2.304000000E1	7.806996039E1
2.308000000E1	7.694531353E1
2.312000000E1	7.570119036E1
2.316000000E1	7.453955468E1
2.320000000E1	7.331158672E1
2.324000000E1	7.210040811E1
2.328000000E1	7.096151220E1
2.332000000E1	6.968761816E1
2.336000000E1	6.846045784E1
2.340000000E1	6.731881493E1
2.344000000E1	6.620881723E1
2.348000000E1	6.537355574E1
2.352000000E1	6.474724545E1
2.356000000E1	6.429351585E1
2.360000000E1	6.406455338E1
2.364000000E1	6.411638680E1
2.368000000E1	6.447404570E1
2.372000000E1	6.495445613E1
2.376000000E1	6.544269914E1
2.380000000E1	6.618009728E1
2.384000000E1	6.686378064E1
2.388000000E1	6.761163107E1
2.392000000E1	6.849639800E1
2.396000000E1	6.930801353E1
2.400000000E1	7.007224915E1
2.404000000E1	7.079390631E1
2.408000000E1	7.137373159E1
2.412000000E1	7.191147959E1
2.416000000E1	7.238344577E1
2.420000000E1	7.275536048E1
2.424000000E1	7.301473759E1
2.428000000E1	7.317461293E1
2.432000000E1	7.336398998E1
2.436000000E1	7.366306111E1
2.440000000E1	7.355362079E1
2.444000000E1	7.379622792E1
2.448000000E1	7.422791712E1
2.452000000E1	7.480097925E1
2.456000000E1	7.542132627E1
2.460000000E1	7.598453063E1
2.464000000E1	7.669669209E1
2.468000000E1	7.716381173E1
2.472000000E1	7.745943642E1
2.476000000E1	7.772283186E1
2.480000000E1	7.792444348E1
2.484000000E1	7.791904840E1
2.488000000E1	7.754278459E1
2.492000000E1	7.753276413E1
2.496000000E1	7.722625248E1
2.500000000E1	7.677979100E1
2.504000000E1	7.627533520E1
2.508000000E1	7.544693495E1
2.512000000E1	7.429920042E1
2.516000000E1	7.298990564E1
2.520000000E1	7.165975155E1
2.524000000E1	7.039937743E1
2.528000000E1	6.924717906E1
2.532000000E1	6.809139092E1
2.536000000E1	6.706644041E1
2.540000000E1	6.608281006E1
2.544000000E1	6.533341496E1
2.548000000E1	6.478062433E1
2.552000000E1	6.448001997E1
2.556000000E1	6.435192909E1
2.560000000E1	6.437145735E1
2.564000000E1	6.461548150E1
2.568000000E1	6.502292849E1
2.572000000E1	6.558788863E1
2.576000000E1	6.629636863E1
2.580000000E1	6.702095469E1
2.584000000E1	6.772901495E1
2.588000000E1	6.842093211E1
2.592000000E1	6.914243208E1
2.596000000E1	6.982121333E1
2.600000000E1	7.049913838E1
2.604000000E1	7.127370607E1
2.608000000E1	7.189579855E1
2.612000000E1	7.236723272E1
2.616000000E1	7.274010896E1
2.620000000E1	7.296986527E1
2.624000000E1	7.313630396E1
2.628000000E1	7.335440363E1
2.632000000E1	7.337375572E1
2.636000000E1	7.346207371E1
2.640000000E1	7.358501901E1
2.644000000E1	7.361709918E1
2.648000000E1	7.374270742E1
2.652000000E1	7.383934823E1
2.656000000E1	7.405432000E1
2.660000000E1	7.435200281E1
2.664000000E1	7.482481880E1
2.668000000E1	7.538265149E1
2.672000000E1	7.596696286E1
2.676000000E1	7.657370846E1
2.680000000E1	7.696198106E1
2.684000000E1	7.714529115E1
2.688000000E1	7.730726871E1
2.692000000E1	7.713721002E1
2.696000000E1	7.704304555E1
2.700000000E1	7.667836220E1
2.704000000E1	7.624292386E1
2.708000000E1	7.561576742E1
2.712000000E1	7.474359992E1
2.716000000E1	7.367603187E1
2.720000000E1	7.248803439E1
2.724000000E1	7.121893669E1
2.728000000E1	6.995941689E1
2.732000000E1	6.876084025E1
2.736000000E1	6.766585639E1
2.740000000E1	6.668218350E1
2.744000000E1	6.575700715E1
2.748000000E1	6.502456581E1
2.752000000E1	6.459070521E1
2.756000000E1	6.436059881E1
2.760000000E1	6.434486559E1
2.764000000E1	6.453226362E1
2.768000000E1	6.498536165E1
2.772000000E1	6.551948200E1
2.776000000E1	6.609859312E1
2.780000000E1	6.677732595E1
2.784000000E1	6.743476589E1
2.788000000E1	6.822492878E1
2.792000000E1	6.974743834E1
2.796000000E1	6.977241217E1
2.800000000E1	7.055141791E1
2.804000000E1	7.133457574E1
2.808000000E1	7.194755262E1
2.812000000E1	7.244184005E1
2.816000000E1	7.277437019E1
2.820000000E1	7.296680551E1
2.824000000E1	7.317511654E1
2.828000000E1	7.337098404E1
2.832000000E1	7.352303565E1
2.836000000E1	7.359995426E1
2.840000000E1	7.360915443E1
2.844000000E1	7.359858554E1
2.848000000E1	7.363823819E1
2.852000000E1	7.380215479E1
2.856000000E1	7.410643650E1
2.860000000E1	7.461349103E1
2.864000000E1	7.499310658E1
2.868000000E1	7.535738566E1
2.872000000E1	7.559011544E1
2.876000000E1	7.581052149E1
2.880000000E1	7.593571458E1
2.884000000E1	7.602468889E1
2.888000000E1	7.591433390E1
2.892000000E1	7.571066415E1
2.896000000E1	7.540563825E1
2.900000000E1	7.487958711E1
2.904000000E1	7.429485685E1
2.908000000E1	7.362375473E1
2.912000000E1	7.201112179E1
2.916000000E1	7.209667323E1
2.920000000E1	7.113257354E1
2.924000000E1	7.015289705E1
2.928000000E1	6.912198133E1
2.932000000E1	6.813055719E1
2.936000000E1	6.719099608E1
2.940000000E1	6.631149423E1
2.944000000E1	6.556531844E1
2.948000000E1	6.495565952E1
2.952000000E1	6.448315662E1
2.956000000E1	6.408295271E1
2.960000000E1	6.393144980E1
2.964000000E1	6.394000014E1
2.968000000E1	6.399752595E1
2.972000000E1	6.430847795E1
2.976000000E1	6.472295608E1
2.980000000E1	6.532048240E1
2.984000000E1	6.597978768E1
2.988000000E1	6.668482361E1
2.992000000E1	6.807393341E1
2.996000000E1	6.809926338E1
3.000000000E1	6.886988641E1
3.004000000E1	6.956999290E1
3.008000000E1	7.023497756E1
3.012000000E1	7.074548623E1
3.016000000E1	7.124325294E1
3.020000000E1	7.151651526E1
3.024000000E1	7.175382784E1
3.028000000E1	7.193313542E1
3.032000000E1	7.202959506E1
3.036000000E1	7.222088644E1
3.040000000E1	7.242185868E1
3.044000000E1	7.256011522E1
3.048000000E1	7.265761652E1
3.052000000E1	7.283658212E1
3.056000000E1	7.290565476E1
3.060000000E1	7.295128202E1
3.064000000E1	7.313329629E1
3.068000000E1	7.382336819E1
3.072000000E1	7.391564374E1
3.076000000E1	7.441060517E1
3.080000000E1	7.497516947E1
3.084000000E1	7.555665352E1
3.088000000E1	7.606932606E1
3.092000000E1	7.644224869E1
3.096000000E1	7.646326636E1
3.100000000E1	7.637630522E1
3.104000000E1	7.605140235E1
3.108000000E1	7.543534368E1
3.112000000E1	7.461031049E1
3.116000000E1	7.361474539E1
3.120000000E1	7.250788898E1
3.124000000E1	7.135908441E1
3.128000000E1	7.024289744E1
3.132000000E1	6.915575767E1
3.136000000E1	6.805465178E1
3.140000000E1	6.703613790E1
3.144000000E1	6.606017445E1
3.148000000E1	6.517066186E1
3.152000000E1	6.443034140E1
3.156000000E1	6.342284262E1
3.160000000E1	6.344926840E1
3.164000000E1	6.322145557E1
3.168000000E1	6.320445891E1
3.172000000E1	6.338569703E1
3.176000000E1	6.377917224E1
3.180000000E1	6.426033458E1
3.184000000E1	6.490534535E1
3.188000000E1	6.553112418E1
3.192000000E1	6.618850972E1
3.196000000E1	6.689251576E1
3.200000000E1	6.757999173E1
3.204000000E1	6.831606997E1
3.208000000E1	6.913953463E1
3.212000000E1	6.977303147E1
3.216000000E1	7.044797375E1
3.220000000E1	7.094803329E1
3.224000000E1	7.148195874E1
3.228000000E1	7.197672758E1
3.232000000E1	7.226465538E1
3.236000000E1	7.258053050E1
3.240000000E1	7.280341649E1
3.244000000E1	7.286062266E1
3.248000000E1	7.288316586E1
3.252000000E1	7.279510474E1
3.256000000E1	7.276885234E1
3.260000000E1	7.275866386E1
3.264000000E1	7.277514633E1
3.268000000E1	7.296177366E1
3.272000000E1	7.318778671E1
3.276000000E1	7.348457154E1
3.280000000E1	7.373399558E1
3.284000000E1	7.407261703E1
3.288000000E1	7.448242771E1
3.292000000E1	7.479442225E1
3.296000000E1	7.505329104E1
3.300000000E1	7.526602790E1
3.304000000E1	7.529512913E1
3.308000000E1	7.509085361E1
3.312000000E1	7.472555479E1
3.316000000E1	7.404480315E1
3.320000000E1	7.323547076E1
3.324000000E1	7.228768493E1
3.328000000E1	7.122869862E1
3.332000000E1	7.019049791E1
3.336000000E1	6.918792176E1
3.340000000E1	6.814713861E1
3.344000000E1	6.720014550E1
3.348000000E1	6.631848463E1
3.352000000E1	6.548851477E1
3.356000000E1	6.475708665E1
3.360000000E1	6.416274392E1
3.364000000E1	6.373897601E1
3.368000000E1	6.358217024E1
3.372000000E1	6.357805783E1
3.376000000E1	6.372606551E1
3.380000000E1	6.413042339E1
3.384000000E1	6.464069120E1
3.388000000E1	6.538561842E1
3.392000000E1	6.605546233E1
3.396000000E1	6.678280145E1
3.400000000E1	6.825679733E1
3.404000000E1	6.829141495E1
3.408000000E1	6.904205937E1
3.412000000E1	6.955280102E1
3.416000000E1	7.024480950E1
3.420000000E1	7.087828016E1
3.424000000E1	7.139747206E1
3.428000000E1	7.188911410E1
3.432000000E1	7.232327227E1
3.436000000E1	7.263254929E1
3.440000000E1	7.291186618E1
3.444000000E1	7.302449831E1
3.448000000E1	7.314656115E1
3.452000000E1	7.320062233E1
3.456000000E1	7.313193684E1
3.460000000E1	7.303473533E1
3.464000000E1	7.293137418E1
3.468000000E1	7.293952806E1
3.472000000E1	7.292952702E1
3.476000000E1	7.313644807E1
3.480000000E1	7.331196329E1
3.484000000E1	7.355234391E1
3.488000000E1	7.371661764E1
3.492000000E1	7.385003836E1
3.496000000E1	7.391210690E1
3.500000000E1	7.383416919E1
3.504000000E1	7.348793414E1
3.508000000E1	7.298799301E1
3.512000000E1	7.242744212E1
3.516000000E1	7.161207055E1
3.520000000E1	7.067075814E1
3.524000000E1	6.967344230E1
3.528000000E1	6.862205064E1
3.532000000E1	6.756695483E1
3.536000000E1	6.655516634E1
3.540000000E1	6.563774610E1
3.544000000E1	6.479677550E1
3.548000000E1	6.410328169E1
3.552000000E1	6.356480030E1
3.556000000E1	6.329241740E1
3.560000000E1	6.312885817E1
3.564000000E1	6.307959186E1
3.568000000E1	6.322825398E1
3.572000000E1	6.359370815E1
3.576000000E1	6.412236052E1
3.580000000E1	6.477620937E1
3.584000000E1	6.546510155E1
3.588000000E1	6.611862434E1
3.592000000E1	6.681975889E1
3.596000000E1	6.754284525E1
3.600000000E1	6.822660344E1
3.604000000E1	6.904288257E1
3.608000000E1	6.978392570E1
3.612000000E1	7.043991421E1
3.616000000E1	7.106789361E1
3.620000000E1	7.160924565E1
3.624000000E1	7.207397756E1
3.628000000E1	7.236073130E1
3.632000000E1	7.244808771E1
3.636000000E1	7.252324938E1
3.640000000E1	7.250204371E1
3.644000000E1	7.244259961E1
3.648000000E1	7.254985166E1
3.652000000E1	7.278481812E1
3.656000000E1	7.292769808E1
3.660000000E1	7.296473537E1
3.664000000E1	7.312732607E1
3.668000000E1	7.386177766E1
3.672000000E1	7.387154903E1
3.676000000E1	7.445970220E1
3.680000000E1	7.517474185E1
3.684000000E1	7.595399784E1
3.688000000E1	7.686994895E1
3.692000000E1	7.809444272E1
3.696000000E1	7.959379807E1
3.700000000E1	8.129189181E1
3.704000000E1	8.322980878E1
3.708000000E1	8.522902645E1
3.712000000E1	8.703004658E1
3.716000000E1	8.861960959E1
3.720000000E1	8.967715992E1
3.724000000E1	9.038494119E1
3.728000000E1	9.110391712E1
3.732000000E1	9.183827245E1
3.736000000E1	9.220813461E1
3.740000000E1	9.225976347E1
3.744000000E1	9.218252111E1
