
t/1	ANGLE/1
0.000000000E0	-7.276389282E1
4.000000000E-2	-7.275839119E1
8.000000000E-2	-7.275743416E1
1.200000000E-1	-7.275899170E1
1.600000000E-1	-7.276174035E1
2.000000000E-1	-7.276033885E1
2.400000000E-1	-7.276179791E1
2.800000000E-1	-7.275954650E1
3.200000000E-1	-7.275965493E1
3.600000000E-1	-7.275924839E1
4.000000000E-1	-7.275738832E1
4.400000000E-1	-7.275886300E1
4.800000000E-1	-7.275979230E1
5.200000000E-1	-7.275440690E1
5.600000000E-1	-7.275921332E1
6.000000000E-1	-7.275529520E1
6.400000000E-1	-7.275273632E1
6.800000000E-1	-7.275357514E1
7.200000000E-1	-7.275409218E1
7.600000000E-1	-7.275202314E1
8.000000000E-1	-7.274916468E1
8.400000000E-1	-7.275304777E1
8.800000000E-1	-7.275483936E1
9.200000000E-1	-7.275736809E1
9.600000000E-1	-7.275780485E1
1.000000000E0	-7.275695974E1
1.040000000E0	-7.275817873E1
1.080000000E0	-7.275877340E1
1.120000000E0	-7.275870608E1
1.160000000E0	-7.276172754E1
1.200000000E0	-7.276512895E1
1.240000000E0	-7.276558255E1
1.280000000E0	-7.276400167E1
1.320000000E0	-7.276442130E1
1.360000000E0	-7.275120069E1
1.400000000E0	-7.275523853E1
1.440000000E0	-7.275647305E1
1.480000000E0	-7.275762682E1
1.520000000E0	-7.275841710E1
1.560000000E0	-7.275919559E1
1.600000000E0	-7.276485850E1
1.640000000E0	-7.277204813E1
1.680000000E0	-7.277402797E1
1.720000000E0	-7.278951634E1
1.760000000E0	-7.278255724E1
1.800000000E0	-7.277954417E1
1.840000000E0	-7.277807956E1
1.880000000E0	-7.277702275E1
1.920000000E0	-7.278054283E1
1.960000000E0	-7.279130297E1
2.000000000E0	-7.278192784E1
2.040000000E0	-7.278715205E1
2.080000000E0	-7.279754726E1
2.120000000E0	-7.281085166E1
2.160000000E0	-7.293994513E1
2.200000000E0	-7.328157898E1
2.240000000E0	-7.366738760E1
2.280000000E0	-7.408706838E1
2.320000000E0	-7.461781121E1
2.360000000E0	-7.636721947E1
2.400000000E0	-7.981303708E1
2.440000000E0	-8.515473187E1
2.480000000E0	-9.180030631E1
2.520000000E0	-9.898112682E1
2.560000000E0	-1.066948698E2
2.600000000E0	-1.146155527E2
2.640000000E0	-1.220408605E2
2.680000000E0	-1.287965347E2
2.720000000E0	-1.361950305E2
2.760000000E0	-1.449513037E2
2.800000000E0	-1.531278128E2
2.840000000E0	-1.578416362E2
2.880000000E0	-1.576875878E2
2.920000000E0	-1.596402865E2
2.960000000E0	-1.596912024E2
3.000000000E0	-1.594307693E2
3.040000000E0	-1.589803379E2
3.080000000E0	-1.586651381E2
3.120000000E0	-1.579445778E2
3.160000000E0	-1.562807514E2
3.200000000E0	-1.534915934E2
3.240000000E0	-1.485820994E2
3.280000000E0	-1.416427465E2
3.320000000E0	-1.330634043E2
3.360000000E0	-1.217142241E2
3.400000000E0	-1.108809392E2
3.440000000E0	-9.994578535E1
3.480000000E0	-9.010347088E1
3.520000000E0	-8.178924434E1
3.560000000E0	-7.648316318E1
3.600000000E0	-7.283576916E1
3.640000000E0	-7.072183972E1
3.680000000E0	-7.000984364E1
3.720000000E0	-6.990806966E1
3.760000000E0	-7.132739516E1
3.800000000E0	-7.142077754E1
3.840000000E0	-7.183901464E1
3.880000000E0	-7.230522172E1
3.920000000E0	-7.241899559E1
3.960000000E0	-7.260954422E1
4.000000000E0	-7.273442278E1
4.040000000E0	-7.292527070E1
4.080000000E0	-7.308931051E1
4.120000000E0	-7.320498697E1
4.160000000E0	-7.328511267E1
4.200000000E0	-7.328165918E1
4.240000000E0	-7.345637469E1
4.280000000E0	-7.366514899E1
4.320000000E0	-7.399784210E1
4.360000000E0	-7.485779212E1
4.400000000E0	-7.755249017E1
4.440000000E0	-8.188688496E1
4.480000000E0	-8.715833611E1
4.520000000E0	-9.303619475E1
4.560000000E0	-9.913735967E1
4.600000000E0	-1.055744352E2
4.640000000E0	-1.120764003E2
4.680000000E0	-1.189473376E2
4.720000000E0	-1.259661068E2
4.760000000E0	-1.333013471E2
4.800000000E0	-1.409325874E2
4.840000000E0	-1.472735449E2
4.880000000E0	-1.538402449E2
4.920000000E0	-1.573896175E2
4.960000000E0	-1.572614073E2
5.000000000E0	-1.571820702E2
5.040000000E0	-1.575491151E2
5.080000000E0	-1.571958702E2
5.120000000E0	-1.561443636E2
5.160000000E0	-1.548681656E2
5.200000000E0	-1.533006557E2
5.240000000E0	-1.503480037E2
5.280000000E0	-1.455987876E2
5.320000000E0	-1.395815124E2
5.360000000E0	-1.316557375E2
5.400000000E0	-1.226174538E2
5.440000000E0	-1.122657428E2
5.480000000E0	-1.018257224E2
5.520000000E0	-9.121132003E1
5.560000000E0	-8.275992117E1
5.600000000E0	-7.683621082E1
5.640000000E0	-7.260210625E1
5.680000000E0	-7.094999548E1
5.720000000E0	-7.066335812E1
5.760000000E0	-7.108377058E1
5.800000000E0	-7.244880021E1
5.840000000E0	-7.314661032E1
5.880000000E0	-7.395628329E1
5.920000000E0	-7.446341011E1
5.960000000E0	-7.453416436E1
6.000000000E0	-7.452537118E1
6.040000000E0	-7.450298746E1
6.080000000E0	-7.449875566E1
6.120000000E0	-7.462312831E1
6.160000000E0	-7.511651920E1
6.200000000E0	-7.547368406E1
6.240000000E0	-7.687299683E1
6.280000000E0	-7.959400804E1
6.320000000E0	-8.374966517E1
6.360000000E0	-8.887622181E1
6.400000000E0	-9.512540405E1
6.440000000E0	-1.019463132E2
6.480000000E0	-1.087097243E2
6.520000000E0	-1.147418551E2
6.560000000E0	-1.203677517E2
6.600000000E0	-1.253470497E2
6.640000000E0	-1.310281429E2
6.680000000E0	-1.393653832E2
6.720000000E0	-1.488277936E2
6.760000000E0	-1.566193572E2
6.800000000E0	-1.581896792E2
6.840000000E0	-1.557246324E2
6.880000000E0	-1.567218411E2
6.920000000E0	-1.568509833E2
6.960000000E0	-1.556630772E2
7.000000000E0	-1.543752253E2
7.040000000E0	-1.522997092E2
7.080000000E0	-1.492425348E2
7.120000000E0	-1.448510325E2
7.160000000E0	-1.383477295E2
7.200000000E0	-1.226282668E2
7.240000000E0	-1.227104464E2
7.280000000E0	-1.137678423E2
7.320000000E0	-1.031367678E2
7.360000000E0	-9.372640465E1
7.400000000E0	-8.581535276E1
7.440000000E0	-7.926552847E1
7.480000000E0	-7.500168071E1
7.520000000E0	-7.083246663E1
7.560000000E0	-7.084453026E1
7.600000000E0	-7.076801285E1
7.640000000E0	-7.090905722E1
7.680000000E0	-7.222727104E1
7.720000000E0	-7.228813629E1
7.760000000E0	-7.294648709E1
7.800000000E0	-7.339075585E1
7.840000000E0	-7.360573444E1
7.880000000E0	-7.361823787E1
7.920000000E0	-7.368328950E1
7.960000000E0	-7.374791687E1
8.000000000E0	-7.375885909E1
8.040000000E0	-7.373469636E1
8.080000000E0	-7.399058419E1
8.120000000E0	-7.431311109E1
8.160000000E0	-7.490114950E1
8.200000000E0	-7.663166487E1
8.240000000E0	-8.025865764E1
8.280000000E0	-8.541973999E1
8.320000000E0	-9.164193534E1
8.360000000E0	-9.856396895E1
8.400000000E0	-1.051856927E2
8.440000000E0	-1.109375347E2
8.480000000E0	-1.156106683E2
8.520000000E0	-1.188961613E2
8.560000000E0	-1.247043672E2
8.600000000E0	-1.246476468E2
8.640000000E0	-1.308023125E2
8.680000000E0	-1.415135397E2
8.720000000E0	-1.531961279E2
8.760000000E0	-1.574207832E2
8.800000000E0	-1.574037370E2
8.840000000E0	-1.547898934E2
8.880000000E0	-1.558637412E2
8.920000000E0	-1.555249532E2
8.960000000E0	-1.508564437E2
9.000000000E0	-1.508250732E2
9.040000000E0	-1.471819384E2
9.080000000E0	-1.346461391E2
9.120000000E0	-1.349708538E2
9.160000000E0	-1.275130869E2
9.200000000E0	-1.200131273E2
9.240000000E0	-1.095206108E2
9.280000000E0	-1.003747714E2
9.320000000E0	-9.240623672E1
9.360000000E0	-8.440647764E1
9.400000000E0	-7.979088219E1
9.440000000E0	-7.702614868E1
9.480000000E0	-7.490535655E1
9.520000000E0	-7.498154830E1
9.560000000E0	-7.511142108E1
9.600000000E0	-7.616295394E1
9.640000000E0	-7.627552958E1
9.680000000E0	-7.682938871E1
9.720000000E0	-7.714583323E1
9.760000000E0	-7.724281450E1
9.800000000E0	-7.734338256E1
9.840000000E0	-7.763622911E1
9.880000000E0	-7.760804818E1
9.920000000E0	-7.779106679E1
9.960000000E0	-7.804030543E1
1.000000000E1	-7.805416777E1
1.004000000E1	-7.823086920E1
1.008000000E1	-7.887336500E1
1.012000000E1	-8.046757796E1
1.016000000E1	-8.372804943E1
1.020000000E1	-8.830539041E1
1.024000000E1	-9.387282732E1
1.028000000E1	-9.990048662E1
1.032000000E1	-1.063019273E2
1.036000000E1	-1.174386853E2
1.040000000E1	-1.185412237E2
1.044000000E1	-1.271141639E2
1.048000000E1	-1.279230539E2
1.052000000E1	-1.355308774E2
1.056000000E1	-1.443769206E2
1.060000000E1	-1.527288906E2
1.064000000E1	-1.596459900E2
1.068000000E1	-1.583843384E2
1.072000000E1	-1.583010400E2
1.076000000E1	-1.582207516E2
1.080000000E1	-1.559351517E2
1.084000000E1	-1.568896858E2
1.088000000E1	-1.549052650E2
1.092000000E1	-1.463390378E2
1.096000000E1	-1.463196045E2
1.100000000E1	-1.322433140E2
1.104000000E1	-1.323896830E2
1.108000000E1	-1.230102483E2
1.112000000E1	-1.136332774E2
1.116000000E1	-1.019714065E2
1.120000000E1	-9.306025488E1
1.124000000E1	-8.009892602E1
1.128000000E1	-7.885975207E1
1.132000000E1	-7.679224017E1
1.136000000E1	-7.491965223E1
1.140000000E1	-7.424703124E1
1.144000000E1	-7.412052527E1
1.148000000E1	-7.433282420E1
1.152000000E1	-7.400140148E1
1.156000000E1	-7.458963022E1
1.160000000E1	-7.451943969E1
1.164000000E1	-7.479482327E1
1.168000000E1	-7.481955740E1
1.172000000E1	-7.481460727E1
1.176000000E1	-7.536335697E1
1.180000000E1	-7.531572193E1
1.184000000E1	-7.594190300E1
1.188000000E1	-7.682390750E1
1.192000000E1	-7.833596640E1
1.196000000E1	-8.132855731E1
1.200000000E1	-8.540485743E1
1.204000000E1	-9.071246222E1
1.208000000E1	-9.555605154E1
1.212000000E1	-1.020673454E2
1.216000000E1	-1.086386144E2
1.220000000E1	-1.146234420E2
1.224000000E1	-1.190963744E2
1.228000000E1	-1.224392117E2
1.232000000E1	-1.249492330E2
1.236000000E1	-1.296983376E2
1.240000000E1	-1.380946169E2
1.244000000E1	-1.473595854E2
1.248000000E1	-1.542083103E2
1.252000000E1	-1.562850400E2
1.256000000E1	-1.554395355E2
1.260000000E1	-1.558105901E2
1.264000000E1	-1.562231449E2
1.268000000E1	-1.559003229E2
1.272000000E1	-1.552076413E2
1.276000000E1	-1.537232438E2
1.280000000E1	-1.466709094E2
1.284000000E1	-1.466616558E2
1.288000000E1	-1.413979788E2
1.292000000E1	-1.330449935E2
1.296000000E1	-1.233106769E2
1.300000000E1	-1.135116438E2
1.304000000E1	-1.035536060E2
1.308000000E1	-9.332189541E1
1.312000000E1	-8.564896145E1
1.316000000E1	-7.582739620E1
1.320000000E1	-7.581348525E1
1.324000000E1	-7.398763298E1
1.328000000E1	-7.329331768E1
1.332000000E1	-7.317188808E1
1.336000000E1	-7.323905079E1
1.340000000E1	-7.319888384E1
1.344000000E1	-7.372648392E1
1.348000000E1	-7.445000563E1
1.352000000E1	-7.464701732E1
1.356000000E1	-7.478173098E1
1.360000000E1	-7.473495983E1
1.364000000E1	-7.512848429E1
1.368000000E1	-7.724872726E1
1.372000000E1	-7.730969473E1
1.376000000E1	-7.977441527E1
1.380000000E1	-8.389229936E1
1.384000000E1	-8.933653434E1
1.388000000E1	-9.509434969E1
1.392000000E1	-1.079178679E2
1.396000000E1	-1.079051543E2
1.400000000E1	-1.191491022E2
1.404000000E1	-1.190830139E2
1.408000000E1	-1.231160694E2
1.412000000E1	-1.258680993E2
1.416000000E1	-1.294187524E2
1.420000000E1	-1.394617117E2
1.424000000E1	-1.409121779E2
1.428000000E1	-1.466106642E2
1.432000000E1	-1.550125487E2
1.436000000E1	-1.580164523E2
1.440000000E1	-1.567003060E2
1.444000000E1	-1.565985865E2
1.448000000E1	-1.569433498E2
1.452000000E1	-1.570109580E2
1.456000000E1	-1.559184330E2
1.460000000E1	-1.501514977E2
1.464000000E1	-1.502332542E2
1.468000000E1	-1.446800778E2
1.472000000E1	-1.282473830E2
1.476000000E1	-1.284569013E2
1.480000000E1	-1.175973834E2
1.484000000E1	-1.073849224E2
1.488000000E1	-9.730531715E1
1.492000000E1	-8.808060760E1
1.496000000E1	-8.091672328E1
1.500000000E1	-7.212375942E1
1.504000000E1	-7.214320802E1
1.508000000E1	-7.073870057E1
1.512000000E1	-7.037809951E1
1.516000000E1	-7.077870531E1
1.520000000E1	-7.143245176E1
1.524000000E1	-7.133112844E1
1.528000000E1	-7.219455557E1
1.532000000E1	-7.270485205E1
1.536000000E1	-7.284293851E1
1.540000000E1	-7.284432957E1
1.544000000E1	-7.295352426E1
1.548000000E1	-7.365393746E1
1.552000000E1	-7.437028569E1
1.556000000E1	-7.621459109E1
1.560000000E1	-8.009441198E1
1.564000000E1	-8.499354312E1
1.568000000E1	-9.698295116E1
1.572000000E1	-9.693971181E1
1.576000000E1	-1.027517843E2
1.580000000E1	-1.085802616E2
1.584000000E1	-1.153921865E2
1.588000000E1	-1.211057486E2
1.592000000E1	-1.284667593E2
1.596000000E1	-1.366242981E2
1.600000000E1	-1.444415308E2
1.604000000E1	-1.514992882E2
1.608000000E1	-1.575638500E2
1.612000000E1	-1.575311184E2
1.616000000E1	-1.572701605E2
1.620000000E1	-1.575181140E2
1.624000000E1	-1.577245237E2
1.628000000E1	-1.565444790E2
1.632000000E1	-1.564944165E2
1.636000000E1	-1.548853890E2
1.640000000E1	-1.520974578E2
1.644000000E1	-1.474787185E2
1.648000000E1	-1.401572586E2
1.652000000E1	-1.313787408E2
1.656000000E1	-1.215846661E2
1.660000000E1	-1.102325583E2
1.664000000E1	-9.912977765E1
1.668000000E1	-8.104751666E1
1.672000000E1	-8.104309806E1
1.676000000E1	-7.546245364E1
1.680000000E1	-7.188903896E1
1.684000000E1	-6.947515260E1
1.688000000E1	-6.951635512E1
1.692000000E1	-6.986276380E1
1.696000000E1	-6.997344219E1
1.700000000E1	-7.047724107E1
1.704000000E1	-7.103958437E1
1.708000000E1	-7.134127540E1
1.712000000E1	-7.135876430E1
1.716000000E1	-7.132349705E1
1.720000000E1	-7.133113296E1
1.724000000E1	-7.180664963E1
1.728000000E1	-7.275114712E1
1.732000000E1	-7.430226005E1
1.736000000E1	-7.710939777E1
1.740000000E1	-8.133718777E1
1.744000000E1	-8.690075989E1
1.748000000E1	-9.324438967E1
1.752000000E1	-9.966772236E1
1.756000000E1	-1.067916654E2
1.760000000E1	-1.127884933E2
1.764000000E1	-1.176337319E2
1.768000000E1	-1.214590937E2
1.772000000E1	-1.242755215E2
1.776000000E1	-1.292501320E2
1.780000000E1	-1.377029919E2
1.784000000E1	-1.468895153E2
1.788000000E1	-1.538361338E2
1.792000000E1	-1.568348813E2
1.796000000E1	-1.573835510E2
1.800000000E1	-1.569792501E2
1.804000000E1	-1.565437790E2
1.808000000E1	-1.558125565E2
1.812000000E1	-1.542153472E2
1.816000000E1	-1.520875366E2
1.820000000E1	-1.490972023E2
1.824000000E1	-1.445643056E2
1.828000000E1	-1.299037203E2
1.832000000E1	-1.299068178E2
1.836000000E1	-1.199778951E2
1.840000000E1	-1.091866395E2
1.844000000E1	-9.909978936E1
1.848000000E1	-8.972655595E1
1.852000000E1	-8.290170559E1
1.856000000E1	-7.739923236E1
1.860000000E1	-7.326030422E1
1.864000000E1	-7.200529923E1
1.868000000E1	-7.158179287E1
1.872000000E1	-7.203208087E1
1.876000000E1	-7.266632943E1
1.880000000E1	-7.211395148E1
1.884000000E1	-7.355160130E1
1.888000000E1	-7.388754134E1
1.892000000E1	-7.396611318E1
1.896000000E1	-7.387221757E1
1.900000000E1	-7.420443203E1
1.904000000E1	-7.415156683E1
1.908000000E1	-7.417240267E1
1.912000000E1	-7.443101239E1
1.916000000E1	-7.482984267E1
1.920000000E1	-7.563527751E1
1.924000000E1	-7.772231533E1
1.928000000E1	-8.119934789E1
1.932000000E1	-8.628255455E1
1.936000000E1	-9.202525607E1
1.940000000E1	-9.837319329E1
1.944000000E1	-1.044613009E2
1.948000000E1	-1.103249644E2
1.952000000E1	-1.158505448E2
1.956000000E1	-1.212051714E2
1.960000000E1	-1.275578939E2
1.964000000E1	-1.350073450E2
1.968000000E1	-1.424834601E2
1.972000000E1	-1.500030723E2
1.976000000E1	-1.554026563E2
1.980000000E1	-1.587300710E2
1.984000000E1	-1.591318584E2
1.988000000E1	-1.590630138E2
1.992000000E1	-1.590231081E2
1.996000000E1	-1.583888228E2
2.000000000E1	-1.569355153E2
2.004000000E1	-1.547273063E2
2.008000000E1	-1.512166062E2
2.012000000E1	-1.405067958E2
2.016000000E1	-1.406004687E2
2.020000000E1	-1.331800836E2
2.024000000E1	-1.248965377E2
2.028000000E1	-1.154564077E2
2.032000000E1	-1.049049971E2
2.036000000E1	-9.505696612E1
2.040000000E1	-8.667312923E1
2.044000000E1	-8.008542276E1
2.048000000E1	-7.578152671E1
2.052000000E1	-7.193724532E1
2.056000000E1	-7.109551578E1
2.060000000E1	-7.114089800E1
2.064000000E1	-7.183097096E1
2.068000000E1	-7.255124646E1
2.072000000E1	-7.249371375E1
2.076000000E1	-7.318655139E1
2.080000000E1	-7.368921545E1
2.084000000E1	-7.411290279E1
2.088000000E1	-7.414880103E1
2.092000000E1	-7.415585399E1
2.096000000E1	-7.418258151E1
2.100000000E1	-7.428261940E1
2.104000000E1	-7.462146833E1
2.108000000E1	-7.559733159E1
2.112000000E1	-7.782518321E1
2.116000000E1	-8.140078530E1
2.120000000E1	-8.607948491E1
2.124000000E1	-9.182322862E1
2.128000000E1	-9.831432358E1
2.132000000E1	-1.054596341E2
2.136000000E1	-1.124766554E2
2.140000000E1	-1.192558324E2
2.144000000E1	-1.254572750E2
2.148000000E1	-1.328595443E2
2.152000000E1	-1.486499344E2
2.156000000E1	-1.484890756E2
2.160000000E1	-1.551998565E2
2.164000000E1	-1.585314720E2
2.168000000E1	-1.585053070E2
2.172000000E1	-1.580437939E2
2.176000000E1	-1.583178634E2
2.180000000E1	-1.578119104E2
2.184000000E1	-1.571448802E2
2.188000000E1	-1.556782825E2
2.192000000E1	-1.530966826E2
2.196000000E1	-1.487784305E2
2.200000000E1	-1.333246510E2
2.204000000E1	-1.339454326E2
2.208000000E1	-1.234988727E2
2.212000000E1	-1.124778103E2
2.216000000E1	-9.919877977E1
2.220000000E1	-8.832629318E1
2.224000000E1	-8.168466087E1
2.228000000E1	-7.635549548E1
2.232000000E1	-7.135468072E1
2.236000000E1	-7.211149854E1
2.240000000E1	-7.129317566E1
2.244000000E1	-7.148156905E1
2.248000000E1	-7.011462415E1
2.252000000E1	-7.137762753E1
2.256000000E1	-7.188726966E1
2.260000000E1	-7.330687004E1
2.264000000E1	-7.286460209E1
2.268000000E1	-7.480191048E1
2.272000000E1	-7.453074049E1
2.276000000E1	-7.460464915E1
2.280000000E1	-7.494723391E1
2.284000000E1	-7.600335684E1
2.288000000E1	-7.771830985E1
2.292000000E1	-8.093869721E1
2.296000000E1	-8.567364649E1
2.300000000E1	-9.137143533E1
2.304000000E1	-9.761713936E1
2.308000000E1	-1.043462280E2
2.312000000E1	-1.114401057E2
2.316000000E1	-1.188398179E2
2.320000000E1	-1.262324878E2
2.324000000E1	-1.410108394E2
2.328000000E1	-1.412138285E2
2.332000000E1	-1.493435405E2
2.336000000E1	-1.556651427E2
2.340000000E1	-1.592412242E2
2.344000000E1	-1.595801942E2
2.348000000E1	-1.592111339E2
2.352000000E1	-1.597281798E2
2.356000000E1	-1.589596970E2
2.360000000E1	-1.572181281E2
2.364000000E1	-1.549993522E2
2.368000000E1	-1.510376505E2
2.372000000E1	-1.448454653E2
2.376000000E1	-1.373208504E2
2.380000000E1	-1.282402800E2
2.384000000E1	-1.184781177E2
2.388000000E1	-1.082616377E2
2.392000000E1	-9.799513351E1
2.396000000E1	-8.937173217E1
2.400000000E1	-8.237008409E1
2.404000000E1	-7.800832019E1
2.408000000E1	-7.510397889E1
2.412000000E1	-7.367915306E1
2.416000000E1	-7.313678567E1
2.420000000E1	-7.320207546E1
2.424000000E1	-7.303655120E1
2.428000000E1	-7.326365811E1
2.432000000E1	-7.391526813E1
2.436000000E1	-7.446380598E1
2.440000000E1	-7.470142615E1
2.444000000E1	-7.478998590E1
2.448000000E1	-7.482968729E1
2.452000000E1	-7.487813080E1
2.456000000E1	-7.522059372E1
2.460000000E1	-7.603111857E1
2.464000000E1	-7.772066856E1
2.468000000E1	-8.054497656E1
2.472000000E1	-8.508246082E1
2.476000000E1	-9.119821158E1
2.480000000E1	-9.790769755E1
2.484000000E1	-1.050999307E2
2.488000000E1	-1.125947851E2
2.492000000E1	-1.275335799E2
2.496000000E1	-1.275045020E2
2.500000000E1	-1.347483086E2
2.504000000E1	-1.429156117E2
2.508000000E1	-1.509106374E2
2.512000000E1	-1.575518142E2
2.516000000E1	-1.608882456E2
2.520000000E1	-1.599010773E2
2.524000000E1	-1.597464652E2
2.528000000E1	-1.603138743E2
2.532000000E1	-1.597519978E2
2.536000000E1	-1.586523550E2
2.540000000E1	-1.573293195E2
2.544000000E1	-1.548498325E2
2.548000000E1	-1.513870271E2
2.552000000E1	-1.460537578E2
2.556000000E1	-1.390303342E2
2.560000000E1	-1.305424700E2
2.564000000E1	-1.208552046E2
2.568000000E1	-1.098009208E2
2.572000000E1	-9.932955704E1
2.576000000E1	-8.969137831E1
2.580000000E1	-8.173209134E1
2.584000000E1	-7.675270325E1
2.588000000E1	-7.348534300E1
2.592000000E1	-7.188288206E1
2.596000000E1	-7.139094552E1
2.600000000E1	-7.065184894E1
2.604000000E1	-7.008674533E1
2.608000000E1	-7.098708022E1
2.612000000E1	-7.169573317E1
2.616000000E1	-7.188339455E1
2.620000000E1	-7.213204188E1
2.624000000E1	-7.283637492E1
2.628000000E1	-7.408914494E1
2.632000000E1	-7.629927339E1
2.636000000E1	-7.978162562E1
2.640000000E1	-8.439274924E1
2.644000000E1	-8.983236375E1
2.648000000E1	-9.582463314E1
2.652000000E1	-1.019863767E2
2.656000000E1	-1.081775112E2
2.660000000E1	-1.147153295E2
2.664000000E1	-1.222312698E2
2.668000000E1	-1.317025005E2
2.672000000E1	-1.409626595E2
2.676000000E1	-1.499230789E2
2.680000000E1	-1.570797507E2
2.684000000E1	-1.599216068E2
2.688000000E1	-1.602247498E2
2.692000000E1	-1.603550853E2
2.696000000E1	-1.605782755E2
2.700000000E1	-1.609151861E2
2.704000000E1	-1.600755232E2
2.708000000E1	-1.592497197E2
2.712000000E1	-1.571243637E2
2.716000000E1	-1.531242003E2
2.720000000E1	-1.474902525E2
2.724000000E1	-1.397652536E2
2.728000000E1	-1.300879625E2
2.732000000E1	-1.195330779E2
2.736000000E1	-1.092757933E2
2.740000000E1	-9.708415676E1
2.744000000E1	-8.803687235E1
2.748000000E1	-8.062417645E1
2.752000000E1	-7.601906436E1
2.756000000E1	-7.227621704E1
2.760000000E1	-7.229952299E1
2.764000000E1	-7.185661661E1
2.768000000E1	-7.115262679E1
2.772000000E1	-7.090148261E1
2.776000000E1	-7.172911335E1
2.780000000E1	-7.241285656E1
2.784000000E1	-7.287372822E1
2.788000000E1	-7.286453511E1
2.792000000E1	-7.283074881E1
2.796000000E1	-7.284188503E1
2.800000000E1	-7.293004796E1
2.804000000E1	-7.346208408E1
2.808000000E1	-7.457173907E1
2.812000000E1	-7.643821343E1
2.816000000E1	-7.966830780E1
2.820000000E1	-8.422782744E1
2.824000000E1	-8.912583988E1
2.828000000E1	-9.480397844E1
2.832000000E1	-1.010655165E2
2.836000000E1	-1.081968831E2
2.840000000E1	-1.160014350E2
2.844000000E1	-1.246935298E2
2.848000000E1	-1.346893943E2
2.852000000E1	-1.454136716E2
2.856000000E1	-1.565416721E2
2.860000000E1	-1.614168999E2
2.864000000E1	-1.608829373E2
2.868000000E1	-1.603716466E2
2.872000000E1	-1.614245570E2
2.876000000E1	-1.610602031E2
2.880000000E1	-1.604351423E2
2.884000000E1	-1.601995675E2
2.888000000E1	-1.545115836E2
2.892000000E1	-1.548104530E2
2.896000000E1	-1.493008700E2
2.900000000E1	-1.414309696E2
2.904000000E1	-1.323195365E2
2.908000000E1	-1.195297101E2
2.912000000E1	-1.083740161E2
2.916000000E1	-9.817805542E1
2.920000000E1	-8.963174522E1
2.924000000E1	-8.273045731E1
2.928000000E1	-7.823406921E1
2.932000000E1	-7.550843537E1
2.936000000E1	-7.322832021E1
2.940000000E1	-7.262651042E1
2.944000000E1	-7.132495137E1
2.948000000E1	-7.120810949E1
2.952000000E1	-7.181344544E1
2.956000000E1	-7.264452243E1
2.960000000E1	-7.312394085E1
2.964000000E1	-7.327519169E1
2.968000000E1	-7.337694683E1
2.972000000E1	-7.340306876E1
2.976000000E1	-7.386533487E1
2.980000000E1	-7.531183773E1
2.984000000E1	-7.778240138E1
2.988000000E1	-8.186299272E1
2.992000000E1	-8.733347853E1
2.996000000E1	-9.343582335E1
3.000000000E1	-1.004554234E2
3.004000000E1	-1.070576437E2
3.008000000E1	-1.141415035E2
3.012000000E1	-1.225888892E2
3.016000000E1	-1.333944407E2
3.020000000E1	-1.445893355E2
3.024000000E1	-1.541547651E2
3.028000000E1	-1.604545290E2
3.032000000E1	-1.607132198E2
3.036000000E1	-1.598863871E2
3.040000000E1	-1.599796985E2
3.044000000E1	-1.596009476E2
3.048000000E1	-1.587139619E2
3.052000000E1	-1.568484484E2
3.056000000E1	-1.540330487E2
3.060000000E1	-1.501984473E2
3.064000000E1	-1.448877252E2
3.068000000E1	-1.385759733E2
3.072000000E1	-1.306639007E2
3.076000000E1	-1.219669499E2
3.080000000E1	-1.129502688E2
3.084000000E1	-1.038593736E2
3.088000000E1	-9.489648794E1
3.092000000E1	-8.835336533E1
3.096000000E1	-8.422603283E1
3.100000000E1	-8.104392364E1
3.104000000E1	-7.982820768E1
3.108000000E1	-7.575878771E1
3.112000000E1	-7.556051769E1
3.116000000E1	-7.570477247E1
3.120000000E1	-7.617281976E1
3.124000000E1	-7.689740336E1
3.128000000E1	-7.703854279E1
3.132000000E1	-7.715643925E1
3.136000000E1	-7.722109481E1
3.140000000E1	-7.744385971E1
3.144000000E1	-7.777977705E1
3.148000000E1	-7.880423348E1
3.152000000E1	-8.083223068E1
3.156000000E1	-8.394464657E1
3.160000000E1	-8.835567410E1
3.164000000E1	-9.390222937E1
3.168000000E1	-1.000056177E2
3.172000000E1	-1.070202084E2
3.176000000E1	-1.147770728E2
3.180000000E1	-1.224673326E2
3.184000000E1	-1.305201685E2
3.188000000E1	-1.387766028E2
3.192000000E1	-1.465234448E2
3.196000000E1	-1.545102038E2
3.200000000E1	-1.590663057E2
3.204000000E1	-1.597626142E2
3.208000000E1	-1.595866970E2
3.212000000E1	-1.599781982E2
3.216000000E1	-1.595342392E2
3.220000000E1	-1.584811967E2
3.224000000E1	-1.564892280E2
3.228000000E1	-1.535990759E2
3.232000000E1	-1.493857198E2
3.236000000E1	-1.444703017E2
3.240000000E1	-1.376867133E2
3.244000000E1	-1.299727730E2
3.248000000E1	-1.214271121E2
3.252000000E1	-1.117680793E2
3.256000000E1	-1.017373789E2
3.260000000E1	-9.316143879E1
3.264000000E1	-8.556148713E1
3.268000000E1	-7.990123989E1
3.272000000E1	-7.518586489E1
3.276000000E1	-7.228499282E1
3.280000000E1	-7.105729788E1
3.284000000E1	-7.065167699E1
3.288000000E1	-7.109563023E1
3.292000000E1	-7.094173499E1
3.296000000E1	-7.201308441E1
3.300000000E1	-7.326887555E1
3.304000000E1	-7.400906428E1
3.308000000E1	-7.456506488E1
3.312000000E1	-7.472644384E1
3.316000000E1	-7.474024695E1
3.320000000E1	-7.451056474E1
3.324000000E1	-7.455853281E1
3.328000000E1	-7.472412298E1
3.332000000E1	-7.483703507E1
3.336000000E1	-7.487258306E1
3.340000000E1	-7.488382600E1
3.344000000E1	-7.490419490E1
3.348000000E1	-7.499602569E1
3.352000000E1	-7.511418423E1
3.356000000E1	-7.512430974E1
3.360000000E1	-7.456801171E1
