
t/1	ANGLE/1
0.000000000E0	-4.123437453E0
4.000000000E-2	-4.123307178E0
8.000000000E-2	-4.123700734E0
1.200000000E-1	-4.122415066E0
1.600000000E-1	-4.122159788E0
2.000000000E-1	-4.122517273E0
2.400000000E-1	-4.123004454E0
2.800000000E-1	-4.123574563E0
3.200000000E-1	-4.124619941E0
3.600000000E-1	-4.124011449E0
4.000000000E-1	-4.123687119E0
4.400000000E-1	-4.124159865E0
4.800000000E-1	-4.124573224E0
5.200000000E-1	-4.127007930E0
5.600000000E-1	-4.125154849E0
6.000000000E-1	-4.127874114E0
6.400000000E-1	-4.129843116E0
6.800000000E-1	-4.129125504E0
7.200000000E-1	-4.128612505E0
7.600000000E-1	-4.130238110E0
8.000000000E-1	-4.132226019E0
8.400000000E-1	-4.130534324E0
8.800000000E-1	-4.129679635E0
9.200000000E-1	-4.129745863E0
9.600000000E-1	-4.128709713E0
1.000000000E0	-4.127488874E0
1.040000000E0	-4.127058384E0
1.080000000E0	-4.126707777E0
1.120000000E0	-4.126249040E0
1.160000000E0	-4.126219108E0
1.200000000E0	-4.126281910E0
1.240000000E0	-4.126867675E0
1.280000000E0	-4.127533930E0
1.320000000E0	-4.126433662E0
1.360000000E0	-4.134006431E0
1.400000000E0	-4.129680980E0
1.440000000E0	-4.128760486E0
1.480000000E0	-4.128089412E0
1.520000000E0	-4.127561176E0
1.560000000E0	-4.127111244E0
1.600000000E0	-4.126927464E0
1.640000000E0	-4.126795117E0
1.680000000E0	-4.125441786E0
1.720000000E0	-4.124442501E0
1.760000000E0	-4.124133182E0
1.800000000E0	-4.124092606E0
1.840000000E0	-4.124012865E0
1.880000000E0	-4.123839279E0
1.920000000E0	-4.123882761E0
1.960000000E0	-4.123943313E0
2.000000000E0	-4.123659037E0
2.040000000E0	-4.122425745E0
2.080000000E0	-4.120775882E0
2.120000000E0	-4.114174034E0
2.160000000E0	-4.146218908E0
2.200000000E0	-4.078097598E0
2.240000000E0	-3.616285756E0
2.280000000E0	-2.758955721E0
2.320000000E0	-1.453321005E0
2.360000000E0	6.117175015E-1
2.400000000E0	3.589986435E0
2.440000000E0	7.363586865E0
2.480000000E0	1.186833267E1
2.520000000E0	1.688141178E1
2.560000000E0	2.224208512E1
2.600000000E0	2.790615723E1
2.640000000E0	3.405431534E1
2.680000000E0	4.095465391E1
2.720000000E0	4.945075190E1
2.760000000E0	5.915626241E1
2.800000000E0	6.820097145E1
2.840000000E0	7.533989304E1
2.880000000E0	7.907592174E1
2.920000000E0	8.425062463E1
2.960000000E0	8.420457305E1
3.000000000E0	8.426405017E1
3.040000000E0	8.314581205E1
3.080000000E0	8.237773930E1
3.120000000E0	8.071320196E1
3.160000000E0	7.781894416E1
3.200000000E0	7.442322487E1
3.240000000E0	6.978916604E1
3.280000000E0	6.422393966E1
3.320000000E0	5.699657080E1
3.360000000E0	4.859839194E1
3.400000000E0	3.930376792E1
3.440000000E0	2.967979625E1
3.480000000E0	2.068610930E1
3.520000000E0	1.274273340E1
3.560000000E0	6.511838877E0
3.600000000E0	1.954736826E0
3.640000000E0	-1.123292996E0
3.680000000E0	-2.925437194E0
3.720000000E0	-3.815586870E0
3.760000000E0	-3.960321110E0
3.800000000E0	-3.946508123E0
3.840000000E0	-3.653008938E0
3.880000000E0	-3.379868347E0
3.920000000E0	-3.379471307E0
3.960000000E0	-3.579691963E0
4.000000000E0	-3.666867937E0
4.040000000E0	-3.859301438E0
4.080000000E0	-3.854006234E0
4.120000000E0	-3.851870580E0
4.160000000E0	-3.890899102E0
4.200000000E0	-3.854917132E0
4.240000000E0	-3.701077418E0
4.280000000E0	-3.216548354E0
4.320000000E0	-2.359384404E0
4.360000000E0	-7.568996872E-1
4.400000000E0	1.823367074E0
4.440000000E0	5.063542584E0
4.480000000E0	8.722001756E0
4.520000000E0	1.276321966E1
4.560000000E0	1.703311806E1
4.600000000E0	2.164693116E1
4.640000000E0	2.670462218E1
4.680000000E0	3.250038826E1
4.720000000E0	3.908697795E1
4.760000000E0	4.655589247E1
4.800000000E0	5.458552845E1
4.840000000E0	6.254916118E1
4.880000000E0	7.065956413E1
4.920000000E0	7.654973763E1
4.960000000E0	7.955452222E1
5.000000000E0	8.180206667E1
5.040000000E0	8.306098506E1
5.080000000E0	8.313172471E1
5.120000000E0	8.256558000E1
5.160000000E0	8.089490961E1
5.200000000E0	7.896779120E1
5.240000000E0	7.567261309E1
5.280000000E0	7.107024663E1
5.320000000E0	6.538946470E1
5.360000000E0	5.883932950E1
5.400000000E0	5.140719053E1
5.440000000E0	4.268881245E1
5.480000000E0	3.352364323E1
5.520000000E0	2.420407657E1
5.560000000E0	1.600128629E1
5.600000000E0	9.335337531E0
5.640000000E0	4.026418727E0
5.680000000E0	6.618277404E-1
5.720000000E0	-1.276429433E0
5.760000000E0	-2.122415657E0
5.800000000E0	-2.122051899E0
5.840000000E0	-1.757883918E0
5.880000000E0	-1.211657886E0
5.920000000E0	-7.022713652E-1
5.960000000E0	-4.933547321E-1
6.000000000E0	-4.948118727E-1
6.040000000E0	-6.559616760E-1
6.080000000E0	-7.352047752E-1
6.120000000E0	-7.968167917E-1
6.160000000E0	-6.392374985E-1
6.200000000E0	8.812293713E-3
6.240000000E0	1.312275778E0
6.280000000E0	3.500752875E0
6.320000000E0	6.493384737E0
6.360000000E0	1.010342504E1
6.400000000E0	1.429224741E1
6.440000000E0	1.884712453E1
6.480000000E0	2.348006831E1
6.520000000E0	2.799902367E1
6.560000000E0	3.279436469E1
6.600000000E0	3.800889419E1
6.640000000E0	4.483453728E1
6.680000000E0	5.401691976E1
6.720000000E0	6.436129310E1
6.760000000E0	7.357621740E1
6.800000000E0	7.855277690E1
6.840000000E0	8.057696820E1
6.880000000E0	8.288996814E1
6.920000000E0	8.337795772E1
6.960000000E0	8.269831340E1
7.000000000E0	8.108899740E1
7.040000000E0	7.877892462E1
7.080000000E0	7.581803412E1
7.120000000E0	7.122995771E1
7.160000000E0	6.607472671E1
7.200000000E0	5.250407047E1
7.240000000E0	5.256991842E1
7.280000000E0	4.450135870E1
7.320000000E0	3.436916524E1
7.360000000E0	2.520772272E1
7.400000000E0	1.685716851E1
7.440000000E0	9.665353203E0
7.480000000E0	4.240106360E0
7.520000000E0	-2.326718048E0
7.560000000E0	-2.333396465E0
7.600000000E0	-4.582149591E0
7.640000000E0	-4.516680860E0
7.680000000E0	-3.880430350E0
7.720000000E0	-3.848591374E0
7.760000000E0	-3.314325637E0
7.800000000E0	-3.031868711E0
7.840000000E0	-2.979945359E0
7.880000000E0	-3.024892636E0
7.920000000E0	-3.079876754E0
7.960000000E0	-3.236896561E0
8.000000000E0	-3.279955500E0
8.040000000E0	-3.292468085E0
8.080000000E0	-3.094660219E0
8.120000000E0	-2.553679204E0
8.160000000E0	-1.427494306E0
8.200000000E0	6.884618103E-1
8.240000000E0	3.693562125E0
8.280000000E0	7.550159454E0
8.320000000E0	1.192122825E1
8.360000000E0	1.664303807E1
8.400000000E0	2.142215525E1
8.440000000E0	2.577149214E1
8.480000000E0	2.952596138E1
8.520000000E0	3.281410083E1
8.560000000E0	4.083549909E1
8.600000000E0	4.080703718E1
8.640000000E0	4.806658973E1
8.680000000E0	5.857989196E1
8.720000000E0	6.922421898E1
8.760000000E0	7.813944371E1
8.800000000E0	7.810246697E1
8.840000000E0	7.920226676E1
8.880000000E0	8.082874894E1
8.920000000E0	8.094372977E1
8.960000000E0	7.689477595E1
9.000000000E0	7.687892549E1
9.040000000E0	7.331232214E1
9.080000000E0	6.208479309E1
9.120000000E0	6.222066008E1
9.160000000E0	5.509233558E1
9.200000000E0	4.788574104E1
9.240000000E0	3.836847004E1
9.280000000E0	3.007002582E1
9.320000000E0	2.197871084E1
9.360000000E0	1.456390373E1
9.400000000E0	9.119444855E0
9.440000000E0	5.892204199E0
9.480000000E0	1.661729841E0
9.520000000E0	1.664643066E0
9.560000000E0	1.208357180E0
9.600000000E0	1.793409060E0
9.640000000E0	1.789067527E0
9.680000000E0	2.290173828E0
9.720000000E0	2.579592975E0
9.760000000E0	2.610478605E0
9.800000000E0	2.525388416E0
9.840000000E0	2.359667442E0
9.880000000E0	2.366255890E0
9.920000000E0	2.310673144E0
9.960000000E0	2.109098082E0
1.000000000E1	2.115019263E0
1.004000000E1	2.364722874E0
1.008000000E1	3.135968646E0
1.012000000E1	4.770142551E0
1.016000000E1	7.318129770E0
1.020000000E1	1.068679347E1
1.024000000E1	1.450604358E1
1.028000000E1	1.857068669E1
1.032000000E1	2.266512817E1
1.036000000E1	3.076036258E1
1.040000000E1	3.176905704E1
1.044000000E1	4.124593189E1
1.048000000E1	4.190871189E1
1.052000000E1	4.967749889E1
1.056000000E1	5.904351304E1
1.060000000E1	6.758534750E1
1.064000000E1	7.518814446E1
1.068000000E1	7.968588805E1
1.072000000E1	7.961882802E1
1.076000000E1	8.051064907E1
1.080000000E1	7.885235013E1
1.084000000E1	7.932339409E1
1.088000000E1	7.770962763E1
1.092000000E1	6.990101230E1
1.096000000E1	6.990667626E1
1.100000000E1	5.848467010E1
1.104000000E1	5.860775729E1
1.108000000E1	5.072613817E1
1.112000000E1	4.271078582E1
1.116000000E1	3.272375126E1
1.120000000E1	2.466960760E1
1.124000000E1	1.140861941E1
1.128000000E1	1.023950212E1
1.132000000E1	6.680745130E0
1.136000000E1	3.769313110E0
1.140000000E1	1.987298174E0
1.144000000E1	8.972006252E-1
1.148000000E1	3.636707422E-1
1.152000000E1	4.560129121E-1
1.156000000E1	1.118271568E0
1.160000000E1	1.068703161E0
1.164000000E1	1.117952699E0
1.168000000E1	9.627060100E-1
1.172000000E1	7.547255094E-1
1.176000000E1	7.895695555E-1
1.180000000E1	7.573186678E-1
1.184000000E1	1.203441504E0
1.188000000E1	2.101313213E0
1.192000000E1	3.736127676E0
1.196000000E1	6.196813757E0
1.200000000E1	9.420360905E0
1.204000000E1	1.325453260E1
1.208000000E1	1.716409572E1
1.212000000E1	2.157376586E1
1.216000000E1	2.599201165E1
1.220000000E1	3.004709695E1
1.224000000E1	3.346938695E1
1.228000000E1	3.682716019E1
1.232000000E1	4.077519281E1
1.236000000E1	4.687864746E1
1.240000000E1	5.564243892E1
1.244000000E1	6.486284907E1
1.248000000E1	7.227620164E1
1.252000000E1	7.649550678E1
1.256000000E1	7.846776146E1
1.260000000E1	7.988893265E1
1.264000000E1	8.062798521E1
1.268000000E1	8.018593080E1
1.272000000E1	7.899288462E1
1.276000000E1	7.702985257E1
1.280000000E1	6.993498961E1
1.284000000E1	6.994657708E1
1.288000000E1	6.514096393E1
1.292000000E1	5.857119797E1
1.296000000E1	5.094302362E1
1.300000000E1	4.255780634E1
1.304000000E1	3.374093825E1
1.308000000E1	2.477876359E1
1.312000000E1	1.704243464E1
1.316000000E1	5.745499643E0
1.320000000E1	5.794053241E0
1.324000000E1	2.565090630E0
1.328000000E1	5.925432391E-1
1.332000000E1	-4.850889314E-1
1.336000000E1	-4.270801956E-1
1.340000000E1	-3.868748344E-1
1.344000000E1	6.282718819E-2
1.348000000E1	4.957666335E-1
1.352000000E1	6.908593906E-1
1.356000000E1	5.155489906E-1
1.360000000E1	4.822345017E-1
1.364000000E1	6.988057275E-1
1.368000000E1	2.995416839E0
1.372000000E1	3.030637088E0
1.376000000E1	5.460586563E0
1.380000000E1	8.650866012E0
1.384000000E1	1.244795094E1
1.388000000E1	1.652847519E1
1.392000000E1	2.469709278E1
1.396000000E1	2.467450221E1
1.400000000E1	3.166751884E1
1.404000000E1	3.166365102E1
1.408000000E1	3.467870646E1
1.412000000E1	3.770915990E1
1.416000000E1	4.182855633E1
1.420000000E1	5.376204626E1
1.424000000E1	5.507389794E1
1.428000000E1	6.108363783E1
1.432000000E1	7.000339576E1
1.436000000E1	7.478226474E1
1.440000000E1	7.815673938E1
1.444000000E1	7.810168952E1
1.448000000E1	7.900554931E1
1.452000000E1	7.905272748E1
1.456000000E1	7.776261286E1
1.460000000E1	7.231380866E1
1.464000000E1	7.236262861E1
1.468000000E1	6.762506815E1
1.472000000E1	5.473204553E1
1.476000000E1	5.490081230E1
1.480000000E1	4.345100161E1
1.484000000E1	3.830113041E1
1.488000000E1	2.973379357E1
1.492000000E1	2.172972225E1
1.496000000E1	1.471967418E1
1.500000000E1	4.406933236E0
1.504000000E1	4.409268760E0
1.508000000E1	1.732922639E0
1.512000000E1	1.118545349E-1
1.516000000E1	-6.086932191E-1
1.520000000E1	-6.962784532E-1
1.524000000E1	-4.783993369E-1
1.528000000E1	-7.335763254E-2
1.532000000E1	1.480127826E-1
1.536000000E1	3.340301567E-2
1.540000000E1	-1.795264107E-1
1.544000000E1	-1.983811169E-1
1.548000000E1	1.948513206E-1
1.552000000E1	1.253000248E0
1.556000000E1	3.098873432E0
1.560000000E1	5.944666518E0
1.564000000E1	9.520411231E0
1.568000000E1	1.815431026E1
1.572000000E1	1.819493552E1
1.576000000E1	2.259635806E1
1.580000000E1	2.709902467E1
1.584000000E1	3.266474399E1
1.588000000E1	3.839655610E1
1.592000000E1	4.555535348E1
1.596000000E1	5.396398877E1
1.600000000E1	6.214867567E1
1.604000000E1	6.927467937E1
1.608000000E1	7.806976075E1
1.612000000E1	7.807603458E1
1.616000000E1	7.966092577E1
1.620000000E1	8.015694815E1
1.624000000E1	8.045200675E1
1.628000000E1	7.874845994E1
1.632000000E1	7.874738571E1
1.636000000E1	7.689419512E1
1.640000000E1	7.408021086E1
1.644000000E1	7.011131824E1
1.648000000E1	6.461902328E1
1.652000000E1	5.805854565E1
1.656000000E1	5.052169542E1
1.660000000E1	4.180825679E1
1.664000000E1	3.284834143E1
1.668000000E1	1.619290434E1
1.672000000E1	1.616467028E1
1.676000000E1	9.572259163E0
1.680000000E1	4.271026103E0
1.684000000E1	-2.429987586E0
1.688000000E1	-2.428154001E0
1.692000000E1	-3.882509420E0
1.696000000E1	-4.319193273E0
1.700000000E1	-4.087099795E0
1.704000000E1	-3.591945213E0
1.708000000E1	-3.141708469E0
1.712000000E1	-2.919977728E0
1.716000000E1	-2.857404493E0
1.720000000E1	-2.796125889E0
1.724000000E1	-2.286472358E0
1.728000000E1	-1.065817339E0
1.732000000E1	8.626217671E-1
1.736000000E1	3.589790458E0
1.740000000E1	7.157288595E0
1.744000000E1	1.136319742E1
1.748000000E1	1.601381993E1
1.752000000E1	2.068403958E1
1.756000000E1	2.534069788E1
1.760000000E1	2.949477892E1
1.764000000E1	3.305659451E1
1.768000000E1	3.624263505E1
1.772000000E1	4.007007203E1
1.776000000E1	4.609379073E1
1.780000000E1	5.475434132E1
1.784000000E1	6.385516865E1
1.788000000E1	7.113442658E1
1.792000000E1	7.614696356E1
1.796000000E1	7.908311081E1
1.800000000E1	8.034593874E1
1.804000000E1	8.067321044E1
1.808000000E1	8.001998811E1
1.812000000E1	7.849572891E1
1.816000000E1	7.642053018E1
1.820000000E1	7.358950183E1
1.824000000E1	6.949709884E1
1.828000000E1	5.769631785E1
1.832000000E1	5.769648710E1
1.836000000E1	4.996543832E1
1.840000000E1	4.132357064E1
1.844000000E1	3.247245021E1
1.848000000E1	2.394140435E1
1.852000000E1	1.626328222E1
1.856000000E1	1.018506916E1
1.860000000E1	5.459139717E0
1.864000000E1	2.229635808E0
1.868000000E1	1.268608277E-1
1.872000000E1	-1.010938128E0
1.876000000E1	-1.416189194E0
1.880000000E1	-1.311312121E0
1.884000000E1	-8.419690972E-1
1.888000000E1	-4.041816753E-1
1.892000000E1	-1.454545823E-1
1.896000000E1	-1.551743642E-1
1.900000000E1	-2.215746939E-1
1.904000000E1	-3.953152229E-1
1.908000000E1	-4.756395680E-1
1.912000000E1	-4.374783336E-1
1.916000000E1	3.747102752E-2
1.920000000E1	1.156782352E0
1.924000000E1	3.266492944E0
1.928000000E1	6.349036943E0
1.932000000E1	1.037003227E1
1.936000000E1	1.498360786E1
1.940000000E1	1.989976271E1
1.944000000E1	2.473096071E1
1.948000000E1	2.952369329E1
1.952000000E1	3.426304824E1
1.956000000E1	3.938552269E1
1.960000000E1	4.574259160E1
1.964000000E1	5.322641764E1
1.968000000E1	6.109176756E1
1.972000000E1	6.851891531E1
1.976000000E1	7.470396363E1
1.980000000E1	7.941538098E1
1.984000000E1	8.166942269E1
1.988000000E1	8.309227664E1
1.992000000E1	8.306660957E1
1.996000000E1	8.268697109E1
2.000000000E1	8.142039364E1
2.004000000E1	7.864328859E1
2.008000000E1	7.567241677E1
2.012000000E1	6.615392280E1
2.016000000E1	6.618227628E1
2.020000000E1	6.010141080E1
2.024000000E1	5.291036082E1
2.028000000E1	4.484096262E1
2.032000000E1	3.597855452E1
2.036000000E1	2.731201108E1
2.040000000E1	1.938792128E1
2.044000000E1	1.263900493E1
2.048000000E1	7.530516673E0
2.052000000E1	1.554562267E0
2.056000000E1	1.500220128E0
2.060000000E1	2.103638973E-1
2.064000000E1	-3.855437443E-1
2.068000000E1	-5.399233778E-1
2.072000000E1	-3.836273455E-1
2.076000000E1	-6.150091072E-3
2.080000000E1	2.736217683E-1
2.084000000E1	3.549210369E-1
2.088000000E1	2.530687482E-1
2.092000000E1	2.847737986E-3
2.096000000E1	1.175792521E-2
2.100000000E1	4.997943171E-2
2.104000000E1	6.291040336E-1
2.108000000E1	2.022813285E0
2.112000000E1	4.324924145E0
2.116000000E1	7.467848328E0
2.120000000E1	1.132767798E1
2.124000000E1	1.570858267E1
2.128000000E1	2.052885042E1
2.132000000E1	2.555731465E1
2.136000000E1	3.066017692E1
2.140000000E1	3.643076746E1
2.144000000E1	4.293729029E1
2.148000000E1	5.048780718E1
2.152000000E1	6.711376958E1
2.156000000E1	6.700989509E1
2.160000000E1	7.454409509E1
2.164000000E1	7.998267218E1
2.168000000E1	8.266027262E1
2.172000000E1	8.378058402E1
2.176000000E1	8.436058844E1
2.180000000E1	8.454183353E1
2.184000000E1	8.306449197E1
2.188000000E1	8.149304507E1
2.192000000E1	7.897508555E1
2.196000000E1	7.467668612E1
2.200000000E1	6.252239430E1
2.204000000E1	6.258855330E1
2.208000000E1	5.421510218E1
2.212000000E1	4.517826369E1
2.216000000E1	3.404282724E1
2.220000000E1	2.411068243E1
2.224000000E1	1.705639021E1
2.228000000E1	1.052556477E1
2.232000000E1	1.843345319E0
2.236000000E1	2.783277005E0
2.240000000E1	6.721984906E-1
2.244000000E1	-9.574028368E-1
2.248000000E1	-1.557332642E0
2.252000000E1	-6.944403444E-1
2.256000000E1	-9.766308817E-1
2.260000000E1	3.244378880E-1
2.264000000E1	-2.015408333E-1
2.268000000E1	-1.945514655E-1
2.272000000E1	1.285121084E-1
2.276000000E1	1.167837310E-1
2.280000000E1	5.490120243E-1
2.284000000E1	1.572554432E0
2.288000000E1	3.446202128E0
2.292000000E1	6.201230954E0
2.296000000E1	9.833928319E0
2.300000000E1	1.398082390E1
2.304000000E1	1.853411795E1
2.308000000E1	2.347211997E1
2.312000000E1	2.901205816E1
2.316000000E1	3.511509428E1
2.320000000E1	4.202541534E1
2.324000000E1	5.737546415E1
2.328000000E1	5.753262341E1
2.332000000E1	6.547519971E1
2.336000000E1	7.279253074E1
2.340000000E1	7.784682769E1
2.344000000E1	8.046681284E1
2.348000000E1	8.218316585E1
2.352000000E1	8.296303482E1
2.356000000E1	8.271021185E1
2.360000000E1	8.141003990E1
2.364000000E1	7.861031493E1
2.368000000E1	7.509657963E1
2.372000000E1	7.011620568E1
2.376000000E1	6.395781157E1
2.380000000E1	5.669059948E1
2.384000000E1	4.855539523E1
2.388000000E1	3.985615696E1
2.392000000E1	3.089029065E1
2.396000000E1	2.267107547E1
2.400000000E1	1.539820511E1
2.404000000E1	9.812187424E0
2.408000000E1	5.661265386E0
2.412000000E1	2.916433821E0
2.416000000E1	1.173052584E0
2.420000000E1	1.932594938E-1
2.424000000E1	-2.204736873E-2
2.428000000E1	3.272172756E-1
2.432000000E1	8.501153073E-1
2.436000000E1	1.172400761E0
2.440000000E1	1.222554137E0
2.444000000E1	1.073115970E0
2.448000000E1	8.496411575E-1
2.452000000E1	6.360739914E-1
2.456000000E1	8.666637113E-1
2.460000000E1	1.726362221E0
2.464000000E1	3.511892759E0
2.468000000E1	6.256955174E0
2.472000000E1	9.958377340E0
2.476000000E1	1.448681149E1
2.480000000E1	1.950734794E1
2.484000000E1	2.493389154E1
2.488000000E1	3.083692899E1
2.492000000E1	4.429711667E1
2.496000000E1	4.423629221E1
2.500000000E1	5.169431735E1
2.504000000E1	5.962480409E1
2.508000000E1	6.759888314E1
2.512000000E1	7.477448652E1
2.516000000E1	7.958301348E1
2.520000000E1	8.177211665E1
2.524000000E1	8.323711776E1
2.528000000E1	8.401649978E1
2.532000000E1	8.404090820E1
2.536000000E1	8.294458201E1
2.540000000E1	8.136303238E1
2.544000000E1	7.866372840E1
2.548000000E1	7.500280323E1
2.552000000E1	7.071012638E1
2.556000000E1	6.475002270E1
2.560000000E1	5.800120651E1
2.564000000E1	5.020550689E1
2.568000000E1	4.132283729E1
2.572000000E1	3.231572732E1
2.576000000E1	2.366057781E1
2.580000000E1	1.582409024E1
2.584000000E1	9.620584774E0
2.588000000E1	4.827457228E0
2.592000000E1	1.387917891E0
2.596000000E1	-8.487332070E-1
2.600000000E1	-2.345361708E0
2.604000000E1	-2.859737698E0
2.608000000E1	-2.604043762E0
2.612000000E1	-2.201386805E0
2.616000000E1	-1.840918929E0
2.620000000E1	-1.425153768E0
2.624000000E1	-6.304709147E-1
2.628000000E1	7.205263388E-1
2.632000000E1	2.826592512E0
2.636000000E1	5.589616216E0
2.640000000E1	8.989127269E0
2.644000000E1	1.288790551E1
2.648000000E1	1.713669585E1
2.652000000E1	2.160998295E1
2.656000000E1	2.617111500E1
2.660000000E1	3.144950123E1
2.664000000E1	3.801245669E1
2.668000000E1	4.607306531E1
2.672000000E1	5.459905273E1
2.676000000E1	6.284507426E1
2.680000000E1	7.013093929E1
2.684000000E1	7.506624407E1
2.688000000E1	7.804085050E1
2.692000000E1	7.995183930E1
2.696000000E1	8.084468922E1
2.700000000E1	8.083624851E1
2.704000000E1	8.086218349E1
2.708000000E1	7.978498043E1
2.712000000E1	7.705431931E1
2.716000000E1	7.394246833E1
2.720000000E1	6.976205494E1
2.724000000E1	6.355833046E1
2.728000000E1	5.655606753E1
2.732000000E1	4.825346262E1
2.736000000E1	3.948139706E1
2.740000000E1	2.991324157E1
2.744000000E1	2.124879494E1
2.748000000E1	1.369701827E1
2.752000000E1	7.715372643E0
2.756000000E1	2.218448843E-1
2.760000000E1	1.310265361E-1
2.764000000E1	-1.764319328E0
2.768000000E1	-2.811864143E0
2.772000000E1	-2.774104030E0
2.776000000E1	-2.166886146E0
2.780000000E1	-1.576463802E0
2.784000000E1	-1.209872352E0
2.788000000E1	-1.236539661E0
2.792000000E1	-1.336156978E0
2.796000000E1	-1.597537457E0
2.800000000E1	-1.639139733E0
2.804000000E1	-1.171902623E0
2.808000000E1	-1.960697555E-1
2.812000000E1	1.688288815E0
2.816000000E1	4.512611940E0
2.820000000E1	8.278818904E0
2.824000000E1	1.254557775E1
2.828000000E1	1.749405035E1
2.832000000E1	2.308989737E1
2.836000000E1	2.936259599E1
2.840000000E1	3.638664439E1
2.844000000E1	4.432131724E1
2.848000000E1	5.306324575E1
2.852000000E1	6.264551982E1
2.856000000E1	7.203442615E1
2.860000000E1	7.837345570E1
2.864000000E1	8.117344497E1
2.868000000E1	8.260815750E1
2.872000000E1	8.430992589E1
2.876000000E1	8.474718861E1
2.880000000E1	8.372647190E1
2.884000000E1	8.289209890E1
2.888000000E1	7.726315876E1
2.892000000E1	7.717504154E1
2.896000000E1	7.115509042E1
2.900000000E1	6.521343200E1
2.904000000E1	5.787255060E1
2.908000000E1	4.894792015E1
2.912000000E1	3.935400184E1
2.916000000E1	3.060460795E1
2.920000000E1	2.216100605E1
2.924000000E1	1.543607293E1
2.928000000E1	1.022457808E1
2.932000000E1	6.133282138E0
2.936000000E1	3.012084725E0
2.940000000E1	8.248241083E-1
2.944000000E1	-4.855185357E-1
2.948000000E1	-8.919913434E-1
2.952000000E1	-5.955340310E-1
2.956000000E1	-7.319854264E-2
2.960000000E1	3.350612100E-1
2.964000000E1	5.324011889E-1
2.968000000E1	5.578784510E-1
2.972000000E1	7.157723234E-1
2.976000000E1	1.232280845E0
2.980000000E1	2.523737254E0
2.984000000E1	4.787667651E0
2.988000000E1	7.964765112E0
2.992000000E1	1.184457610E1
2.996000000E1	1.625199841E1
3.000000000E1	2.100967243E1
3.004000000E1	2.610171713E1
3.008000000E1	3.216364616E1
3.012000000E1	3.978710845E1
3.016000000E1	4.956619698E1
3.020000000E1	6.005456487E1
3.024000000E1	6.940727338E1
3.028000000E1	7.646990820E1
3.032000000E1	7.960547614E1
3.036000000E1	8.124660801E1
3.040000000E1	8.229257039E1
3.044000000E1	8.141005199E1
3.048000000E1	8.023588936E1
3.052000000E1	7.824614664E1
3.056000000E1	7.565719664E1
3.060000000E1	7.236856627E1
3.064000000E1	6.733815186E1
3.068000000E1	6.206438629E1
3.072000000E1	5.530621993E1
3.076000000E1	4.793292378E1
3.080000000E1	3.992032844E1
3.084000000E1	3.171982351E1
3.088000000E1	2.370993451E1
3.092000000E1	1.712399930E1
3.096000000E1	1.196574861E1
3.100000000E1	8.113101567E0
3.104000000E1	5.533322563E0
3.108000000E1	3.218847250E0
3.112000000E1	3.266654853E0
3.116000000E1	3.105664528E0
3.120000000E1	3.365189507E0
3.124000000E1	3.723765810E0
3.128000000E1	3.922165820E0
3.132000000E1	3.970134013E0
3.136000000E1	3.972732945E0
3.140000000E1	4.172069868E0
3.144000000E1	4.677181413E0
3.148000000E1	5.740932803E0
3.152000000E1	7.472446799E0
3.156000000E1	9.930713382E0
3.160000000E1	1.317595976E1
3.164000000E1	1.718329136E1
3.168000000E1	2.190812009E1
3.172000000E1	2.747891839E1
3.176000000E1	3.404676378E1
3.180000000E1	4.133083792E1
3.184000000E1	4.937278561E1
3.188000000E1	5.776099416E1
3.192000000E1	6.589451681E1
3.196000000E1	7.371484877E1
3.200000000E1	7.990640602E1
3.204000000E1	8.339859273E1
3.208000000E1	8.553225753E1
3.212000000E1	8.670852415E1
3.216000000E1	8.653725280E1
3.220000000E1	8.587301927E1
3.224000000E1	8.405912419E1
3.228000000E1	8.143043527E1
3.232000000E1	7.762816014E1
3.236000000E1	7.225932929E1
3.240000000E1	6.635801983E1
3.244000000E1	5.937870636E1
3.248000000E1	5.137787575E1
3.252000000E1	4.273923692E1
3.256000000E1	3.383395105E1
3.260000000E1	2.545928036E1
3.264000000E1	1.823477252E1
3.268000000E1	1.226119545E1
3.272000000E1	7.639969054E0
3.276000000E1	4.324928457E0
3.280000000E1	2.222011696E0
3.284000000E1	8.221017251E-1
3.288000000E1	2.686050334E-2
3.292000000E1	-8.349216897E-2
3.296000000E1	3.842127628E-1
3.300000000E1	8.828543136E-1
3.304000000E1	1.264258383E0
3.308000000E1	1.366387674E0
3.312000000E1	1.298621142E0
3.316000000E1	1.116054892E0
3.320000000E1	8.681649419E-1
3.324000000E1	8.499848812E-1
3.328000000E1	8.855879946E-1
3.332000000E1	9.194568746E-1
3.336000000E1	9.247590231E-1
3.340000000E1	9.148225220E-1
3.344000000E1	8.937100130E-1
3.348000000E1	8.873596973E-1
3.352000000E1	8.834474592E-1
3.356000000E1	8.851234012E-1
3.360000000E1	6.455729780E-2
