
t/1	ANGLE/1
0.000000000E0	-1.060233259E2
4.000000000E-2	-1.060051423E2
8.000000000E-2	-1.060124181E2
1.200000000E-1	-1.060169431E2
1.600000000E-1	-1.060173740E2
2.000000000E-1	-1.060137537E2
2.400000000E-1	-1.059976316E2
2.800000000E-1	-1.059959305E2
3.200000000E-1	-1.060038120E2
3.600000000E-1	-1.060160901E2
4.000000000E-1	-1.060198415E2
4.400000000E-1	-1.060127619E2
4.800000000E-1	-1.060430379E2
5.200000000E-1	-1.060426992E2
5.600000000E-1	-1.060655900E2
6.000000000E-1	-1.059070811E2
6.400000000E-1	-1.057857970E2
6.800000000E-1	-1.056601107E2
7.200000000E-1	-1.053278592E2
7.600000000E-1	-1.043795508E2
8.000000000E-1	-1.022769397E2
8.400000000E-1	-1.005592667E2
8.800000000E-1	-9.966653512E1
9.200000000E-1	-9.941759363E1
9.600000000E-1	-1.002097550E2
1.000000000E0	-1.012457459E2
1.040000000E0	-1.021293043E2
1.080000000E0	-1.024176492E2
1.120000000E0	-1.021373144E2
1.160000000E0	-1.013657735E2
1.200000000E0	-1.005520027E2
1.240000000E0	-9.918343436E1
1.280000000E0	-9.818735694E1
1.320000000E0	-9.750317630E1
1.360000000E0	-9.737957068E1
1.400000000E0	-9.809722530E1
1.440000000E0	-9.914009976E1
1.480000000E0	-9.904867315E1
1.520000000E0	-9.879656717E1
1.560000000E0	-9.875822004E1
1.600000000E0	-9.862502778E1
1.640000000E0	-9.864750546E1
1.680000000E0	-9.858317994E1
1.720000000E0	-9.855478174E1
1.760000000E0	-9.855144772E1
1.800000000E0	-9.871145750E1
1.840000000E0	-9.950434073E1
1.880000000E0	-1.013656353E2
1.920000000E0	-1.050495734E2
1.960000000E0	-1.101823294E2
2.000000000E0	-1.159120168E2
2.040000000E0	-1.215261574E2
2.080000000E0	-1.272410857E2
2.120000000E0	-1.332841641E2
2.160000000E0	-1.393453497E2
2.200000000E0	-1.453251629E2
2.240000000E0	-1.510084031E2
2.280000000E0	-1.560420843E2
2.320000000E0	-1.601336419E2
2.360000000E0	-1.625556243E2
2.400000000E0	-1.630458377E2
2.440000000E0	-1.630630031E2
2.480000000E0	-1.634270268E2
2.520000000E0	-1.632237906E2
2.560000000E0	-1.629563505E2
2.600000000E0	-1.626933789E2
2.640000000E0	-1.625522362E2
2.680000000E0	-1.616187002E2
2.720000000E0	-1.599482817E2
2.760000000E0	-1.581785936E2
2.800000000E0	-1.566941836E2
2.840000000E0	-1.548519309E2
2.880000000E0	-1.525214849E2
2.920000000E0	-1.498902025E2
2.960000000E0	-1.471458305E2
3.000000000E0	-1.447275441E2
3.040000000E0	-1.422972297E2
3.080000000E0	-1.404506827E2
3.120000000E0	-1.391342370E2
3.160000000E0	-1.386391636E2
3.200000000E0	-1.386500475E2
3.240000000E0	-1.387237629E2
3.280000000E0	-1.388068945E2
3.320000000E0	-1.390079009E2
3.360000000E0	-1.387315877E2
3.400000000E0	-1.383307785E2
3.440000000E0	-1.374979431E2
3.480000000E0	-1.365405326E2
3.520000000E0	-1.352791562E2
3.560000000E0	-1.334253690E2
3.600000000E0	-1.309331889E2
3.640000000E0	-1.282578419E2
3.680000000E0	-1.254403328E2
3.720000000E0	-1.227037822E2
3.760000000E0	-1.203770523E2
3.800000000E0	-1.184620546E2
3.840000000E0	-1.169532953E2
3.880000000E0	-1.157684571E2
3.920000000E0	-1.148140897E2
3.960000000E0	-1.143192268E2
4.000000000E0	-1.140049372E2
4.040000000E0	-1.139949018E2
4.080000000E0	-1.144275396E2
4.120000000E0	-1.149543582E2
4.160000000E0	-1.157806088E2
4.200000000E0	-1.168622614E2
4.240000000E0	-1.184434061E2
4.280000000E0	-1.202620806E2
4.320000000E0	-1.225730286E2
4.360000000E0	-1.253474716E2
4.400000000E0	-1.288647332E2
4.440000000E0	-1.324189370E2
4.480000000E0	-1.363169983E2
4.520000000E0	-1.400783221E2
4.560000000E0	-1.437272096E2
4.600000000E0	-1.474077313E2
4.640000000E0	-1.505871072E2
4.680000000E0	-1.535971173E2
4.720000000E0	-1.565900828E2
4.760000000E0	-1.590489828E2
4.800000000E0	-1.613284081E2
4.840000000E0	-1.627809204E2
4.880000000E0	-1.634517725E2
4.920000000E0	-1.637684183E2
4.960000000E0	-1.639507382E2
5.000000000E0	-1.639203480E2
5.040000000E0	-1.635288986E2
5.080000000E0	-1.633236991E2
5.120000000E0	-1.626047391E2
5.160000000E0	-1.615846966E2
5.200000000E0	-1.602586534E2
5.240000000E0	-1.587679301E2
5.280000000E0	-1.571422558E2
5.320000000E0	-1.552098745E2
5.360000000E0	-1.531322913E2
5.400000000E0	-1.514323916E2
5.440000000E0	-1.498199447E2
5.480000000E0	-1.483740845E2
5.520000000E0	-1.465797899E2
5.560000000E0	-1.449445893E2
5.600000000E0	-1.434651746E2
5.640000000E0	-1.426035886E2
5.680000000E0	-1.413218528E2
5.720000000E0	-1.403650838E2
5.760000000E0	-1.393305745E2
5.800000000E0	-1.385988899E2
5.840000000E0	-1.378989547E2
5.880000000E0	-1.374720906E2
5.920000000E0	-1.371940198E2
5.960000000E0	-1.370015102E2
6.000000000E0	-1.366412336E2
6.040000000E0	-1.361204325E2
6.080000000E0	-1.360314846E2
6.120000000E0	-1.355122070E2
6.160000000E0	-1.348431222E2
6.200000000E0	-1.334806891E2
6.240000000E0	-1.317754309E2
6.280000000E0	-1.289848942E2
6.320000000E0	-1.255542454E2
6.360000000E0	-1.213276991E2
6.400000000E0	-1.166126572E2
6.440000000E0	-1.128279173E2
6.480000000E0	-1.097624627E2
6.520000000E0	-1.076779466E2
6.560000000E0	-1.069348154E2
6.600000000E0	-1.070325884E2
6.640000000E0	-1.074497731E2
6.680000000E0	-1.084261615E2
6.720000000E0	-1.096480772E2
6.760000000E0	-1.113712381E2
6.800000000E0	-1.138663080E2
6.840000000E0	-1.169303455E2
6.880000000E0	-1.204250046E2
6.920000000E0	-1.245757738E2
6.960000000E0	-1.297506271E2
7.000000000E0	-1.353707218E2
7.040000000E0	-1.409240588E2
7.080000000E0	-1.467494679E2
7.120000000E0	-1.521736208E2
7.160000000E0	-1.563949011E2
7.200000000E0	-1.598457447E2
7.240000000E0	-1.620336866E2
7.280000000E0	-1.623523852E2
7.320000000E0	-1.626269178E2
7.360000000E0	-1.629424682E2
7.400000000E0	-1.627163834E2
7.440000000E0	-1.623164291E2
7.480000000E0	-1.615085793E2
7.520000000E0	-1.608314584E2
7.560000000E0	-1.598736334E2
7.600000000E0	-1.589680621E2
7.640000000E0	-1.578313146E2
7.680000000E0	-1.561814633E2
7.720000000E0	-1.542233165E2
7.760000000E0	-1.524652507E2
7.800000000E0	-1.505883714E2
7.840000000E0	-1.487365741E2
7.880000000E0	-1.469457443E2
7.920000000E0	-1.451030211E2
7.960000000E0	-1.440814715E2
8.000000000E0	-1.432796212E2
8.040000000E0	-1.423857483E2
8.080000000E0	-1.416216723E2
8.120000000E0	-1.411407790E2
8.160000000E0	-1.411660512E2
8.200000000E0	-1.415629278E2
8.240000000E0	-1.418853241E2
8.280000000E0	-1.420894627E2
8.320000000E0	-1.416747261E2
8.360000000E0	-1.407956475E2
8.400000000E0	-1.388081451E2
8.440000000E0	-1.359750907E2
8.480000000E0	-1.315573905E2
8.520000000E0	-1.260868127E2
8.560000000E0	-1.202948430E2
8.600000000E0	-1.155561916E2
8.640000000E0	-1.113008433E2
8.680000000E0	-1.075830930E2
8.720000000E0	-1.045034757E2
8.760000000E0	-1.021395982E2
8.800000000E0	-1.010999770E2
8.840000000E0	-1.001073355E2
8.880000000E0	-1.005909637E2
8.920000000E0	-1.015063960E2
8.960000000E0	-1.020564412E2
9.000000000E0	-1.022947437E2
9.040000000E0	-1.021412047E2
9.080000000E0	-1.019309511E2
9.120000000E0	-1.018263125E2
9.160000000E0	-1.021194713E2
9.200000000E0	-1.029341857E2
9.240000000E0	-1.041165027E2
9.280000000E0	-1.060170562E2
9.320000000E0	-1.090351066E2
9.360000000E0	-1.127440797E2
9.400000000E0	-1.170563457E2
9.440000000E0	-1.221709343E2
9.480000000E0	-1.277402333E2
9.520000000E0	-1.335406817E2
9.560000000E0	-1.389944153E2
9.600000000E0	-1.440737402E2
9.640000000E0	-1.489472673E2
9.680000000E0	-1.530181227E2
9.720000000E0	-1.564651456E2
9.760000000E0	-1.595395025E2
9.800000000E0	-1.613368636E2
9.840000000E0	-1.618193907E2
9.880000000E0	-1.621377552E2
9.920000000E0	-1.620367829E2
9.960000000E0	-1.607310252E2
1.000000000E1	-1.593920506E2
1.004000000E1	-1.582002314E2
1.008000000E1	-1.567289432E2
1.012000000E1	-1.546152279E2
1.016000000E1	-1.525323409E2
1.020000000E1	-1.503411536E2
1.024000000E1	-1.482963603E2
1.028000000E1	-1.463025321E2
1.032000000E1	-1.448126596E2
1.036000000E1	-1.433475304E2
1.040000000E1	-1.423936282E2
1.044000000E1	-1.412707298E2
1.048000000E1	-1.402751681E2
1.052000000E1	-1.394482341E2
1.056000000E1	-1.387549238E2
1.060000000E1	-1.382179745E2
1.064000000E1	-1.380500885E2
1.068000000E1	-1.380606026E2
1.072000000E1	-1.381952533E2
1.076000000E1	-1.379544730E2
1.080000000E1	-1.367128323E2
1.084000000E1	-1.344373204E2
1.088000000E1	-1.311542022E2
1.092000000E1	-1.261888206E2
1.096000000E1	-1.198879696E2
1.100000000E1	-1.138583348E2
1.104000000E1	-1.092383304E2
1.108000000E1	-1.055303976E2
1.112000000E1	-1.024695007E2
1.116000000E1	-1.006194319E2
1.120000000E1	-1.000277845E2
1.124000000E1	-1.002137415E2
1.128000000E1	-1.006858571E2
1.132000000E1	-1.010826965E2
1.136000000E1	-1.016109221E2
1.140000000E1	-1.017104391E2
1.144000000E1	-1.016357959E2
1.148000000E1	-1.017552931E2
1.152000000E1	-1.016623187E2
1.156000000E1	-1.016472967E2
1.160000000E1	-1.016416457E2
1.164000000E1	-1.016362419E2
1.168000000E1	-1.016807968E2
1.172000000E1	-1.015840676E2
1.176000000E1	-1.018225784E2
1.180000000E1	-1.028441531E2
1.184000000E1	-1.042184399E2
1.188000000E1	-1.062359782E2
1.192000000E1	-1.087880506E2
1.196000000E1	-1.115033322E2
1.200000000E1	-1.148163544E2
1.204000000E1	-1.189448926E2
1.208000000E1	-1.239864015E2
1.212000000E1	-1.292819895E2
1.216000000E1	-1.345023562E2
1.220000000E1	-1.394954343E2
1.224000000E1	-1.446242733E2
1.228000000E1	-1.495579568E2
1.232000000E1	-1.535285502E2
1.236000000E1	-1.563999612E2
1.240000000E1	-1.585131025E2
1.244000000E1	-1.599241018E2
1.248000000E1	-1.603942664E2
1.252000000E1	-1.603637298E2
1.256000000E1	-1.601605141E2
1.260000000E1	-1.594259712E2
1.264000000E1	-1.582615036E2
1.268000000E1	-1.567760144E2
1.272000000E1	-1.553733072E2
1.276000000E1	-1.537401437E2
1.280000000E1	-1.522849343E2
1.284000000E1	-1.508912061E2
1.288000000E1	-1.491997537E2
1.292000000E1	-1.473543381E2
1.296000000E1	-1.456118335E2
1.300000000E1	-1.437458709E2
1.304000000E1	-1.423466591E2
1.308000000E1	-1.411230193E2
1.312000000E1	-1.398129513E2
1.316000000E1	-1.389389778E2
1.320000000E1	-1.381412903E2
1.324000000E1	-1.375482871E2
1.328000000E1	-1.370666914E2
1.332000000E1	-1.372833505E2
1.336000000E1	-1.374785631E2
1.340000000E1	-1.372415163E2
1.344000000E1	-1.361222871E2
1.348000000E1	-1.345987012E2
1.352000000E1	-1.319708503E2
1.356000000E1	-1.287020397E2
1.360000000E1	-1.254121222E2
1.364000000E1	-1.221776550E2
1.368000000E1	-1.191645439E2
1.372000000E1	-1.155571400E2
1.376000000E1	-1.118042967E2
1.380000000E1	-1.087092483E2
1.384000000E1	-1.061141133E2
1.388000000E1	-1.039208302E2
1.392000000E1	-1.023254839E2
1.396000000E1	-1.006112133E2
1.400000000E1	-9.995896561E1
1.404000000E1	-9.982018300E1
1.408000000E1	-1.002456870E2
1.412000000E1	-1.010024123E2
1.416000000E1	-1.013074758E2
1.420000000E1	-1.014039876E2
1.424000000E1	-1.015015138E2
1.428000000E1	-1.014239539E2
1.432000000E1	-1.014846776E2
1.436000000E1	-1.014072190E2
1.440000000E1	-1.014148645E2
1.444000000E1	-1.021697002E2
1.448000000E1	-1.032370758E2
1.452000000E1	-1.053001916E2
1.456000000E1	-1.085287627E2
1.460000000E1	-1.126179337E2
1.464000000E1	-1.171703666E2
1.468000000E1	-1.223479836E2
1.472000000E1	-1.276427405E2
1.476000000E1	-1.330078757E2
1.480000000E1	-1.381543996E2
1.484000000E1	-1.428808159E2
1.488000000E1	-1.477881158E2
1.492000000E1	-1.519647179E2
1.496000000E1	-1.556721755E2
1.500000000E1	-1.585323685E2
1.504000000E1	-1.606555452E2
1.508000000E1	-1.615482093E2
1.512000000E1	-1.618621705E2
1.516000000E1	-1.614358636E2
1.520000000E1	-1.607246419E2
1.524000000E1	-1.592498825E2
1.528000000E1	-1.577253705E2
1.532000000E1	-1.560737604E2
1.536000000E1	-1.542574833E2
1.540000000E1	-1.522733531E2
1.544000000E1	-1.500791806E2
1.548000000E1	-1.486373856E2
1.552000000E1	-1.472734802E2
1.556000000E1	-1.457391081E2
1.560000000E1	-1.445535960E2
1.564000000E1	-1.437840686E2
1.568000000E1	-1.429491552E2
1.572000000E1	-1.418818079E2
1.576000000E1	-1.410189826E2
1.580000000E1	-1.404430348E2
1.584000000E1	-1.402463042E2
1.588000000E1	-1.400768849E2
1.592000000E1	-1.396043050E2
1.596000000E1	-1.397551877E2
1.600000000E1	-1.397465070E2
1.604000000E1	-1.397590838E2
1.608000000E1	-1.391182575E2
1.612000000E1	-1.379502036E2
1.616000000E1	-1.369077208E2
1.620000000E1	-1.355960575E2
1.624000000E1	-1.338675039E2
1.628000000E1	-1.314352414E2
1.632000000E1	-1.280784187E2
1.636000000E1	-1.243637438E2
1.640000000E1	-1.202326991E2
1.644000000E1	-1.163853850E2
1.648000000E1	-1.125877989E2
1.652000000E1	-1.096097396E2
1.656000000E1	-1.078532217E2
1.660000000E1	-1.067419561E2
1.664000000E1	-1.059394445E2
1.668000000E1	-1.064542889E2
1.672000000E1	-1.076191098E2
1.676000000E1	-1.081215675E2
1.680000000E1	-1.082891223E2
1.684000000E1	-1.081592558E2
1.688000000E1	-1.080979941E2
1.692000000E1	-1.079694144E2
1.696000000E1	-1.080263535E2
1.700000000E1	-1.081184289E2
1.704000000E1	-1.078863900E2
1.708000000E1	-1.078230580E2
1.712000000E1	-1.079710419E2
1.716000000E1	-1.083464600E2
1.720000000E1	-1.094152171E2
1.724000000E1	-1.117137425E2
1.728000000E1	-1.148429570E2
1.732000000E1	-1.183490220E2
1.736000000E1	-1.220378579E2
1.740000000E1	-1.260834572E2
1.744000000E1	-1.302089359E2
1.748000000E1	-1.347095312E2
1.752000000E1	-1.390887940E2
1.756000000E1	-1.439369658E2
1.760000000E1	-1.485589467E2
1.764000000E1	-1.524255122E2
1.768000000E1	-1.559179175E2
1.772000000E1	-1.587552948E2
1.776000000E1	-1.610294465E2
1.780000000E1	-1.620649942E2
1.784000000E1	-1.625013670E2
1.788000000E1	-1.627664634E2
1.792000000E1	-1.628777075E2
1.796000000E1	-1.612912988E2
1.800000000E1	-1.604156172E2
1.804000000E1	-1.596472006E2
1.808000000E1	-1.584356650E2
1.812000000E1	-1.568706693E2
1.816000000E1	-1.551726298E2
1.820000000E1	-1.532783283E2
1.824000000E1	-1.510811954E2
1.828000000E1	-1.490405628E2
1.832000000E1	-1.467587139E2
1.836000000E1	-1.449175098E2
1.840000000E1	-1.430649636E2
1.844000000E1	-1.420850644E2
1.848000000E1	-1.410940493E2
1.852000000E1	-1.399481014E2
1.856000000E1	-1.393251832E2
1.860000000E1	-1.388589589E2
1.864000000E1	-1.389416212E2
1.868000000E1	-1.393451824E2
1.872000000E1	-1.400122508E2
1.876000000E1	-1.406924550E2
1.880000000E1	-1.410967124E2
1.884000000E1	-1.408934935E2
1.888000000E1	-1.390591461E2
1.892000000E1	-1.359159310E2
1.896000000E1	-1.310482636E2
1.900000000E1	-1.256383748E2
1.904000000E1	-1.196430365E2
1.908000000E1	-1.142854357E2
1.912000000E1	-1.099531136E2
1.916000000E1	-1.068830356E2
1.920000000E1	-1.052334758E2
1.924000000E1	-1.050523433E2
1.928000000E1	-1.050335466E2
1.932000000E1	-1.057053709E2
1.936000000E1	-1.067887483E2
1.940000000E1	-1.076682136E2
1.944000000E1	-1.081388863E2
1.948000000E1	-1.080301715E2
1.952000000E1	-1.078016856E2
1.956000000E1	-1.076696962E2
1.960000000E1	-1.076111869E2
1.964000000E1	-1.077304091E2
1.968000000E1	-1.077029948E2
1.972000000E1	-1.075289746E2
1.976000000E1	-1.072948026E2
1.980000000E1	-1.069334600E2
1.984000000E1	-1.066530588E2
1.988000000E1	-1.059379773E2
1.992000000E1	-1.057565485E2
1.996000000E1	-1.060280518E2
2.000000000E1	-1.070952198E2
2.004000000E1	-1.089386969E2
2.008000000E1	-1.118145065E2
2.012000000E1	-1.156820163E2
2.016000000E1	-1.205223073E2
2.020000000E1	-1.260144121E2
2.024000000E1	-1.322101398E2
2.028000000E1	-1.386124265E2
2.032000000E1	-1.447781383E2
2.036000000E1	-1.503200305E2
2.040000000E1	-1.549564451E2
2.044000000E1	-1.586882010E2
2.048000000E1	-1.613157426E2
2.052000000E1	-1.629431133E2
2.056000000E1	-1.633022272E2
2.060000000E1	-1.635488026E2
2.064000000E1	-1.634894263E2
2.068000000E1	-1.624609856E2
2.072000000E1	-1.619200869E2
2.076000000E1	-1.614349278E2
2.080000000E1	-1.604071415E2
2.084000000E1	-1.589461590E2
2.088000000E1	-1.570029834E2
2.092000000E1	-1.548702363E2
2.096000000E1	-1.526040800E2
2.100000000E1	-1.501658920E2
2.104000000E1	-1.480654248E2
2.108000000E1	-1.461326104E2
2.112000000E1	-1.444836655E2
2.116000000E1	-1.430299170E2
2.120000000E1	-1.418528741E2
2.124000000E1	-1.406201716E2
2.128000000E1	-1.395214760E2
2.132000000E1	-1.389677608E2
2.136000000E1	-1.385619061E2
2.140000000E1	-1.383868438E2
2.144000000E1	-1.380442120E2
2.148000000E1	-1.379947687E2
2.152000000E1	-1.376001049E2
2.156000000E1	-1.361552345E2
2.160000000E1	-1.337877650E2
2.164000000E1	-1.307508649E2
2.168000000E1	-1.264505292E2
2.172000000E1	-1.227879317E2
2.176000000E1	-1.189462911E2
2.180000000E1	-1.149532102E2
2.184000000E1	-1.107481950E2
2.188000000E1	-1.070230057E2
2.192000000E1	-1.039275275E2
2.196000000E1	-1.013770731E2
2.200000000E1	-1.001621533E2
2.204000000E1	-9.961988186E1
2.208000000E1	-9.939899673E1
2.212000000E1	-1.000809241E2
2.216000000E1	-1.009822291E2
2.220000000E1	-1.017026488E2
2.224000000E1	-1.018774869E2
2.228000000E1	-1.017039974E2
2.232000000E1	-1.031449153E2
2.236000000E1	-1.029342426E2
2.240000000E1	-1.026781077E2
2.244000000E1	-1.025127792E2
2.248000000E1	-1.029280852E2
2.252000000E1	-1.038105323E2
2.256000000E1	-1.054580701E2
2.260000000E1	-1.081532385E2
2.264000000E1	-1.119718882E2
2.268000000E1	-1.168413431E2
2.272000000E1	-1.224050996E2
2.276000000E1	-1.286799921E2
2.280000000E1	-1.345483451E2
2.284000000E1	-1.404457550E2
2.288000000E1	-1.458849142E2
2.292000000E1	-1.511470521E2
2.296000000E1	-1.557064041E2
2.300000000E1	-1.590322458E2
2.304000000E1	-1.611707298E2
2.308000000E1	-1.623962580E2
2.312000000E1	-1.630059659E2
2.316000000E1	-1.622204635E2
2.320000000E1	-1.612841304E2
2.324000000E1	-1.604738799E2
2.328000000E1	-1.595063571E2
2.332000000E1	-1.580469112E2
2.336000000E1	-1.558842342E2
2.340000000E1	-1.536775746E2
2.344000000E1	-1.516107179E2
2.348000000E1	-1.491617382E2
2.352000000E1	-1.473134643E2
2.356000000E1	-1.456676134E2
2.360000000E1	-1.447134240E2
2.364000000E1	-1.439034907E2
2.368000000E1	-1.428818204E2
2.372000000E1	-1.419935436E2
2.376000000E1	-1.408675892E2
2.380000000E1	-1.402457785E2
2.384000000E1	-1.392703810E2
2.388000000E1	-1.383584660E2
2.392000000E1	-1.376769117E2
2.396000000E1	-1.370970989E2
2.400000000E1	-1.369829265E2
2.404000000E1	-1.368365704E2
2.408000000E1	-1.367626237E2
2.412000000E1	-1.363574055E2
2.416000000E1	-1.350373714E2
2.420000000E1	-1.334735944E2
2.424000000E1	-1.313475768E2
2.428000000E1	-1.290569985E2
2.432000000E1	-1.255810472E2
2.436000000E1	-1.216752681E2
2.440000000E1	-1.176861744E2
2.444000000E1	-1.135000048E2
2.448000000E1	-1.098081563E2
2.452000000E1	-1.065150400E2
2.456000000E1	-1.035504284E2
2.460000000E1	-1.013453722E2
2.464000000E1	-1.004007914E2
2.468000000E1	-1.001305312E2
2.472000000E1	-1.011059991E2
2.476000000E1	-1.009881626E2
2.480000000E1	-1.012587146E2
2.484000000E1	-1.014241229E2
2.488000000E1	-1.015402689E2
2.492000000E1	-1.018008481E2
2.496000000E1	-1.018652070E2
2.500000000E1	-1.025796074E2
2.504000000E1	-1.036267629E2
2.508000000E1	-1.055887352E2
2.512000000E1	-1.086136768E2
2.516000000E1	-1.125738386E2
2.520000000E1	-1.170881129E2
2.524000000E1	-1.226622803E2
2.528000000E1	-1.284029163E2
2.532000000E1	-1.342419117E2
2.536000000E1	-1.396324215E2
2.540000000E1	-1.444762534E2
2.544000000E1	-1.493736610E2
2.548000000E1	-1.533358235E2
2.552000000E1	-1.570942865E2
2.556000000E1	-1.602217264E2
2.560000000E1	-1.622517392E2
2.564000000E1	-1.632605678E2
2.568000000E1	-1.638876209E2
2.572000000E1	-1.639574793E2
2.576000000E1	-1.632326995E2
2.580000000E1	-1.618115306E2
2.584000000E1	-1.605020049E2
2.588000000E1	-1.587196308E2
2.592000000E1	-1.566706010E2
2.596000000E1	-1.543454137E2
2.600000000E1	-1.519037287E2
2.604000000E1	-1.493914488E2
2.608000000E1	-1.473352016E2
2.612000000E1	-1.456742174E2
2.616000000E1	-1.440836913E2
2.620000000E1	-1.429452979E2
2.624000000E1	-1.418405862E2
2.628000000E1	-1.409100880E2
2.632000000E1	-1.402474131E2
2.636000000E1	-1.395053412E2
2.640000000E1	-1.391076177E2
2.644000000E1	-1.392806723E2
2.648000000E1	-1.392044695E2
2.652000000E1	-1.392675583E2
2.656000000E1	-1.390507326E2
2.660000000E1	-1.385126314E2
2.664000000E1	-1.375703758E2
2.668000000E1	-1.354334097E2
2.672000000E1	-1.313408459E2
2.676000000E1	-1.261707466E2
2.680000000E1	-1.208456451E2
2.684000000E1	-1.155444990E2
2.688000000E1	-1.112104167E2
2.692000000E1	-1.074920932E2
2.696000000E1	-1.047627778E2
2.700000000E1	-1.035049959E2
2.704000000E1	-1.035813504E2
2.708000000E1	-1.042688762E2
2.712000000E1	-1.049611496E2
2.716000000E1	-1.052903116E2
2.720000000E1	-1.055661520E2
2.724000000E1	-1.063678161E2
2.728000000E1	-1.075039829E2
2.732000000E1	-1.089143154E2
2.736000000E1	-1.109084868E2
2.740000000E1	-1.133523611E2
2.744000000E1	-1.165550554E2
2.748000000E1	-1.201980520E2
2.752000000E1	-1.247760293E2
2.756000000E1	-1.298439076E2
2.760000000E1	-1.349823061E2
2.764000000E1	-1.404172953E2
2.768000000E1	-1.457903804E2
2.772000000E1	-1.513238482E2
2.776000000E1	-1.561272927E2
2.780000000E1	-1.597733499E2
2.784000000E1	-1.625439293E2
2.788000000E1	-1.642503695E2
2.792000000E1	-1.646725031E2
2.796000000E1	-1.646478593E2
2.800000000E1	-1.637141563E2
2.804000000E1	-1.630532113E2
2.808000000E1	-1.617207219E2
2.812000000E1	-1.605053323E2
2.816000000E1	-1.588251742E2
2.820000000E1	-1.569077115E2
2.824000000E1	-1.549133415E2
2.828000000E1	-1.526028580E2
2.832000000E1	-1.504149404E2
2.836000000E1	-1.482217040E2
2.840000000E1	-1.464229565E2
2.844000000E1	-1.450599131E2
2.848000000E1	-1.438262165E2
2.852000000E1	-1.427893204E2
2.856000000E1	-1.419693755E2
2.860000000E1	-1.411116056E2
2.864000000E1	-1.406095526E2
2.868000000E1	-1.402029221E2
2.872000000E1	-1.399562648E2
2.876000000E1	-1.396961416E2
2.880000000E1	-1.395569668E2
2.884000000E1	-1.394441430E2
2.888000000E1	-1.396443248E2
2.892000000E1	-1.398791363E2
2.896000000E1	-1.399013566E2
2.900000000E1	-1.391771853E2
2.904000000E1	-1.378164001E2
2.908000000E1	-1.351900576E2
2.912000000E1	-1.311685287E2
2.916000000E1	-1.265453983E2
2.920000000E1	-1.229003837E2
2.924000000E1	-1.207309073E2
2.928000000E1	-1.188442938E2
2.932000000E1	-1.173472933E2
2.936000000E1	-1.164028835E2
2.940000000E1	-1.162727800E2
2.944000000E1	-1.166018917E2
2.948000000E1	-1.169214968E2
2.952000000E1	-1.170711105E2
2.956000000E1	-1.169420992E2
2.960000000E1	-1.167905063E2
2.964000000E1	-1.171285830E2
2.968000000E1	-1.173375699E2
2.972000000E1	-1.178690332E2
2.976000000E1	-1.189838105E2
2.980000000E1	-1.208545466E2
2.984000000E1	-1.235380805E2
2.988000000E1	-1.268059660E2
2.992000000E1	-1.304566470E2
2.996000000E1	-1.347756457E2
3.000000000E1	-1.396829412E2
3.004000000E1	-1.445661768E2
3.008000000E1	-1.493173568E2
3.012000000E1	-1.531273301E2
3.016000000E1	-1.565424929E2
3.020000000E1	-1.598094315E2
3.024000000E1	-1.621484579E2
3.028000000E1	-1.634655943E2
3.032000000E1	-1.638079931E2
3.036000000E1	-1.630370981E2
3.040000000E1	-1.619238208E2
3.044000000E1	-1.606443026E2
3.048000000E1	-1.590147421E2
3.052000000E1	-1.575350490E2
3.056000000E1	-1.556508998E2
3.060000000E1	-1.536692729E2
3.064000000E1	-1.516048881E2
3.068000000E1	-1.494731971E2
3.072000000E1	-1.475517408E2
3.076000000E1	-1.459831875E2
3.080000000E1	-1.449450627E2
3.084000000E1	-1.439593003E2
3.088000000E1	-1.429602083E2
3.092000000E1	-1.420863668E2
3.096000000E1	-1.413531937E2
3.100000000E1	-1.409176466E2
3.104000000E1	-1.404322593E2
3.108000000E1	-1.399973557E2
3.112000000E1	-1.395692942E2
3.116000000E1	-1.393342116E2
3.120000000E1	-1.388837935E2
3.124000000E1	-1.383697166E2
3.128000000E1	-1.378093218E2
3.132000000E1	-1.371731084E2
3.136000000E1	-1.365089937E2
3.140000000E1	-1.355879517E2
3.144000000E1	-1.349507981E2
3.148000000E1	-1.344292187E2
3.152000000E1	-1.342623295E2
3.156000000E1	-1.340282218E2
3.160000000E1	-1.338604557E2
3.164000000E1	-1.334707489E2
3.168000000E1	-1.324660920E2
3.172000000E1	-1.316169879E2
3.176000000E1	-1.308485295E2
3.180000000E1	-1.299967259E2
3.184000000E1	-1.294667617E2
3.188000000E1	-1.293067583E2
3.192000000E1	-1.295455649E2
3.196000000E1	-1.299557742E2
3.200000000E1	-1.300598970E2
3.204000000E1	-1.299637274E2
3.208000000E1	-1.301039030E2
3.212000000E1	-1.304322417E2
3.216000000E1	-1.311466876E2
3.220000000E1	-1.318763394E2
3.224000000E1	-1.331713536E2
3.228000000E1	-1.349362855E2
3.232000000E1	-1.367502908E2
3.236000000E1	-1.390508774E2
3.240000000E1	-1.417744680E2
3.244000000E1	-1.446955622E2
3.248000000E1	-1.473991376E2
3.252000000E1	-1.500162945E2
3.256000000E1	-1.529058807E2
3.260000000E1	-1.554927812E2
3.264000000E1	-1.581015929E2
3.268000000E1	-1.603003860E2
3.272000000E1	-1.620058232E2
3.276000000E1	-1.628732434E2
3.280000000E1	-1.628112511E2
3.284000000E1	-1.623458836E2
3.288000000E1	-1.611911139E2
3.292000000E1	-1.602397334E2
3.296000000E1	-1.591640339E2
3.300000000E1	-1.582218647E2
3.304000000E1	-1.568863140E2
3.308000000E1	-1.553353259E2
3.312000000E1	-1.538940256E2
3.316000000E1	-1.522745018E2
3.320000000E1	-1.505882124E2
3.324000000E1	-1.490633743E2
3.328000000E1	-1.479436915E2
3.332000000E1	-1.468137654E2
3.336000000E1	-1.456923567E2
3.340000000E1	-1.446405397E2
3.344000000E1	-1.440134635E2
3.348000000E1	-1.432976277E2
3.352000000E1	-1.429593778E2
3.356000000E1	-1.426820262E2
3.360000000E1	-1.426792396E2
3.364000000E1	-1.425197969E2
3.368000000E1	-1.423776538E2
3.372000000E1	-1.422390670E2
3.376000000E1	-1.419783404E2
3.380000000E1	-1.417156344E2
3.384000000E1	-1.411800874E2
3.388000000E1	-1.401717562E2
3.392000000E1	-1.386661797E2
3.396000000E1	-1.369819155E2
3.400000000E1	-1.347560846E2
3.404000000E1	-1.320966587E2
3.408000000E1	-1.289793339E2
3.412000000E1	-1.256010982E2
3.416000000E1	-1.227752977E2
3.420000000E1	-1.206814991E2
3.424000000E1	-1.191564855E2
3.428000000E1	-1.182904943E2
3.432000000E1	-1.179660215E2
3.436000000E1	-1.178880500E2
3.440000000E1	-1.179404923E2
3.444000000E1	-1.182211656E2
3.448000000E1	-1.186740959E2
3.452000000E1	-1.195753628E2
3.456000000E1	-1.203753288E2
3.460000000E1	-1.218961369E2
3.464000000E1	-1.236992515E2
3.468000000E1	-1.260018438E2
3.472000000E1	-1.287604132E2
3.476000000E1	-1.319312701E2
3.480000000E1	-1.353960444E2
3.484000000E1	-1.387801209E2
3.488000000E1	-1.424013577E2
3.492000000E1	-1.459716016E2
3.496000000E1	-1.498180964E2
3.500000000E1	-1.536562747E2
3.504000000E1	-1.573297187E2
3.508000000E1	-1.605261187E2
3.512000000E1	-1.632177847E2
3.516000000E1	-1.644114040E2
3.520000000E1	-1.643014171E2
3.524000000E1	-1.636431939E2
3.528000000E1	-1.630075455E2
3.532000000E1	-1.620894718E2
3.536000000E1	-1.611984725E2
3.540000000E1	-1.600084938E2
3.544000000E1	-1.584053500E2
3.548000000E1	-1.566296889E2
3.552000000E1	-1.547548617E2
3.556000000E1	-1.528125082E2
3.560000000E1	-1.505470218E2
3.564000000E1	-1.485298772E2
3.568000000E1	-1.469555744E2
3.572000000E1	-1.455624268E2
3.576000000E1	-1.445095898E2
3.580000000E1	-1.432981375E2
3.584000000E1	-1.424226501E2
3.588000000E1	-1.415572409E2
3.592000000E1	-1.407119873E2
3.596000000E1	-1.401639328E2
3.600000000E1	-1.397472933E2
3.604000000E1	-1.395751772E2
3.608000000E1	-1.394212607E2
3.612000000E1	-1.395380304E2
3.616000000E1	-1.396611477E2
3.620000000E1	-1.400694781E2
3.624000000E1	-1.401940257E2
3.628000000E1	-1.397140890E2
3.632000000E1	-1.388302773E2
3.636000000E1	-1.365833235E2
3.640000000E1	-1.336434023E2
3.644000000E1	-1.296859475E2
3.648000000E1	-1.258504248E2
3.652000000E1	-1.217826493E2
3.656000000E1	-1.184875195E2
3.660000000E1	-1.157785493E2
3.664000000E1	-1.136389869E2
3.668000000E1	-1.121293396E2
3.672000000E1	-1.111034017E2
3.676000000E1	-1.107038572E2
3.680000000E1	-1.107504211E2
3.684000000E1	-1.111476941E2
3.688000000E1	-1.118884349E2
3.692000000E1	-1.126226335E2
3.696000000E1	-1.140205166E2
3.700000000E1	-1.163268380E2
3.704000000E1	-1.199252632E2
3.708000000E1	-1.244158088E2
3.712000000E1	-1.300667077E2
3.716000000E1	-1.358300972E2
3.720000000E1	-1.415623771E2
3.724000000E1	-1.472564190E2
3.728000000E1	-1.523301142E2
3.732000000E1	-1.565416395E2
3.736000000E1	-1.595399694E2
3.740000000E1	-1.620271660E2
3.744000000E1	-1.633967140E2
3.748000000E1	-1.636854034E2
3.752000000E1	-1.632545119E2
3.756000000E1	-1.622188818E2
3.760000000E1	-1.607578640E2
3.764000000E1	-1.593435153E2
3.768000000E1	-1.579062126E2
3.772000000E1	-1.559981097E2
3.776000000E1	-1.540098106E2
3.780000000E1	-1.516890188E2
3.784000000E1	-1.497626356E2
3.788000000E1	-1.480229751E2
3.792000000E1	-1.463032970E2
3.796000000E1	-1.449158843E2
3.800000000E1	-1.440043426E2
3.804000000E1	-1.427462186E2
3.808000000E1	-1.418725076E2
3.812000000E1	-1.408167022E2
3.816000000E1	-1.397229924E2
3.820000000E1	-1.388074840E2
3.824000000E1	-1.381402356E2
3.828000000E1	-1.378909119E2
3.832000000E1	-1.378247377E2
3.836000000E1	-1.377129769E2
3.840000000E1	-1.376889627E2
3.844000000E1	-1.378382977E2
3.848000000E1	-1.381410939E2
3.852000000E1	-1.382022208E2
3.856000000E1	-1.376715579E2
3.860000000E1	-1.367126124E2
3.864000000E1	-1.350999277E2
3.868000000E1	-1.330069683E2
3.872000000E1	-1.297302878E2
3.876000000E1	-1.266926844E2
3.880000000E1	-1.242265090E2
3.884000000E1	-1.228457556E2
3.888000000E1	-1.220855649E2
3.892000000E1	-1.214155736E2
3.896000000E1	-1.213519154E2
3.900000000E1	-1.216662964E2
3.904000000E1	-1.222013108E2
3.908000000E1	-1.225676448E2
3.912000000E1	-1.229369819E2
3.916000000E1	-1.235291459E2
3.920000000E1	-1.240462282E2
3.924000000E1	-1.253679900E2
3.928000000E1	-1.273122611E2
3.932000000E1	-1.299631001E2
3.936000000E1	-1.329658477E2
3.940000000E1	-1.361021613E2
3.944000000E1	-1.395390214E2
3.948000000E1	-1.434903183E2
3.952000000E1	-1.473772386E2
3.956000000E1	-1.510912783E2
3.960000000E1	-1.543670292E2
3.964000000E1	-1.572552141E2
3.968000000E1	-1.597213464E2
3.972000000E1	-1.617289860E2
3.976000000E1	-1.626863457E2
3.980000000E1	-1.628673127E2
3.984000000E1	-1.627329551E2
3.988000000E1	-1.624871212E2
3.992000000E1	-1.615682797E2
3.996000000E1	-1.610329217E2
4.000000000E1	-1.603308348E2
4.004000000E1	-1.595905456E2
4.008000000E1	-1.582160018E2
4.012000000E1	-1.566204881E2
4.016000000E1	-1.552380611E2
4.020000000E1	-1.534821264E2
4.024000000E1	-1.517492553E2
4.028000000E1	-1.497872945E2
4.032000000E1	-1.479062313E2
4.036000000E1	-1.463634003E2
4.040000000E1	-1.449855921E2
4.044000000E1	-1.438439608E2
4.048000000E1	-1.429755622E2
4.052000000E1	-1.418958978E2
4.056000000E1	-1.407401831E2
4.060000000E1	-1.394766816E2
4.064000000E1	-1.385367939E2
4.068000000E1	-1.382825998E2
4.072000000E1	-1.384045037E2
4.076000000E1	-1.388256776E2
4.080000000E1	-1.392369374E2
4.084000000E1	-1.394578278E2
4.088000000E1	-1.391176067E2
4.092000000E1	-1.378975588E2
4.096000000E1	-1.355512541E2
4.100000000E1	-1.318089180E2
4.104000000E1	-1.278944302E2
4.108000000E1	-1.244649371E2
4.112000000E1	-1.221644924E2
4.116000000E1	-1.209591845E2
4.120000000E1	-1.203755318E2
4.124000000E1	-1.199039668E2
4.128000000E1	-1.197451554E2
4.132000000E1	-1.196444830E2
4.136000000E1	-1.199013770E2
4.140000000E1	-1.200915873E2
4.144000000E1	-1.203799783E2
4.148000000E1	-1.206549750E2
4.152000000E1	-1.212932054E2
4.156000000E1	-1.220383748E2
4.160000000E1	-1.230005843E2
4.164000000E1	-1.241975411E2
4.168000000E1	-1.257933334E2
4.172000000E1	-1.278791953E2
4.176000000E1	-1.306782846E2
4.180000000E1	-1.336829333E2
4.184000000E1	-1.370939816E2
4.188000000E1	-1.409868039E2
4.192000000E1	-1.449053617E2
4.196000000E1	-1.489975744E2
4.200000000E1	-1.527365112E2
4.204000000E1	-1.558479914E2
4.208000000E1	-1.586348299E2
4.212000000E1	-1.613692861E2
4.216000000E1	-1.630851095E2
4.220000000E1	-1.637894690E2
4.224000000E1	-1.641149159E2
4.228000000E1	-1.632594897E2
4.232000000E1	-1.627815233E2
4.236000000E1	-1.622233363E2
4.240000000E1	-1.614203414E2
4.244000000E1	-1.603373441E2
4.248000000E1	-1.585104610E2
4.252000000E1	-1.561729889E2
4.256000000E1	-1.537560658E2
4.260000000E1	-1.513466674E2
4.264000000E1	-1.492656288E2
4.268000000E1	-1.471743102E2
4.272000000E1	-1.451708294E2
4.276000000E1	-1.433412377E2
4.280000000E1	-1.421034852E2
4.284000000E1	-1.405041811E2
4.288000000E1	-1.391402820E2
4.292000000E1	-1.377925225E2
4.296000000E1	-1.362761670E2
4.300000000E1	-1.349683138E2
4.304000000E1	-1.337726300E2
4.308000000E1	-1.331479875E2
4.312000000E1	-1.331610783E2
4.316000000E1	-1.336149931E2
4.320000000E1	-1.339839236E2
4.324000000E1	-1.342662174E2
4.328000000E1	-1.341860157E2
4.332000000E1	-1.340668135E2
4.336000000E1	-1.339552807E2
4.340000000E1	-1.340207491E2
4.344000000E1	-1.339504343E2
4.348000000E1	-1.335773311E2
4.352000000E1	-1.328275263E2
4.356000000E1	-1.313644906E2
4.360000000E1	-1.295502521E2
4.364000000E1	-1.274427446E2
4.368000000E1	-1.253026443E2
4.372000000E1	-1.235657628E2
4.376000000E1	-1.223846906E2
4.380000000E1	-1.207688455E2
4.384000000E1	-1.189716925E2
4.388000000E1	-1.164556190E2
4.392000000E1	-1.138846380E2
4.396000000E1	-1.117659321E2
4.400000000E1	-1.096163649E2
4.404000000E1	-1.082343509E2
4.408000000E1	-1.065645634E2
4.412000000E1	-1.039405740E2
4.416000000E1	-1.013323203E2
4.420000000E1	-9.911837566E1
4.424000000E1	-9.804349181E1
4.428000000E1	-9.745554581E1
4.432000000E1	-9.765003770E1
4.436000000E1	-9.768636803E1
4.440000000E1	-9.728788972E1
4.444000000E1	-9.688432815E1
4.448000000E1	-9.622757710E1
4.452000000E1	-9.534419619E1
4.456000000E1	-9.469251431E1
4.460000000E1	-9.429776633E1
4.464000000E1	-9.464831837E1
4.468000000E1	-9.541820143E1
4.472000000E1	-9.596474328E1
4.476000000E1	-9.620923474E1
4.480000000E1	-9.662269986E1
4.484000000E1	-9.694834161E1
4.488000000E1	-9.700335660E1
4.492000000E1	-9.714313082E1
4.496000000E1	-9.723062385E1
4.500000000E1	-9.728798676E1
4.504000000E1	-9.744699869E1
4.508000000E1	-9.758800308E1
4.512000000E1	-9.764798549E1
4.516000000E1	-9.768102053E1
4.520000000E1	-9.767618284E1
4.524000000E1	-9.769072373E1
4.528000000E1	-9.768225234E1
4.532000000E1	-9.766179324E1
4.536000000E1	-9.769450723E1
4.540000000E1	-9.776310011E1
4.544000000E1	-9.778307457E1
4.548000000E1	-9.780500172E1
4.552000000E1	-9.791825323E1
4.556000000E1	-9.801745907E1
4.560000000E1	-9.798479254E1
4.564000000E1	-9.794569019E1
4.568000000E1	-9.795134119E1
4.572000000E1	-9.795531814E1
4.576000000E1	-9.795416825E1
4.580000000E1	-9.793659853E1
4.584000000E1	-9.796074909E1
4.588000000E1	-9.797998302E1
4.592000000E1	-9.799810448E1
4.596000000E1	-9.803975643E1
4.600000000E1	-9.809262076E1
4.604000000E1	-9.818848995E1
4.608000000E1	-9.827304964E1
4.612000000E1	-9.830837930E1
4.616000000E1	-9.832654605E1
4.620000000E1	-9.833550619E1
4.624000000E1	-9.834535707E1
4.628000000E1	-9.836465982E1
4.632000000E1	-9.837890028E1
4.636000000E1	-9.837645528E1
4.640000000E1	-9.837409857E1
4.644000000E1	-9.838881948E1
4.648000000E1	-9.840666094E1
4.652000000E1	-9.847882879E1
4.656000000E1	-9.856547938E1
4.660000000E1	-9.863731439E1
