
t/1	ANGLE/1
0.000000000E0	8.804748259E0
4.000000000E-2	8.801825627E0
8.000000000E-2	8.802932303E0
1.200000000E-1	8.797773586E0
1.600000000E-1	8.788918457E0
2.000000000E-1	8.788741043E0
2.400000000E-1	8.786393588E0
2.800000000E-1	8.768397659E0
3.200000000E-1	8.749067064E0
3.600000000E-1	8.728273103E0
4.000000000E-1	8.696430700E0
4.400000000E-1	8.632115267E0
4.800000000E-1	8.578059713E0
5.200000000E-1	8.564481727E0
5.600000000E-1	8.557420619E0
6.000000000E-1	8.510131800E0
6.400000000E-1	8.470354575E0
6.800000000E-1	8.373708303E0
7.200000000E-1	8.178566365E0
7.600000000E-1	7.834080057E0
8.000000000E-1	7.152977153E0
8.400000000E-1	6.521072925E0
8.800000000E-1	6.146338314E0
9.200000000E-1	5.861417890E0
9.600000000E-1	5.891753663E0
1.000000000E0	5.965965511E0
1.040000000E0	6.171074019E0
1.080000000E0	6.210898244E0
1.120000000E0	6.225941610E0
1.160000000E0	6.296073687E0
1.200000000E0	6.610631081E0
1.240000000E0	7.081703013E0
1.280000000E0	7.801994860E0
1.320000000E0	8.577473167E0
1.360000000E0	9.310465134E0
1.400000000E0	1.016087906E1
1.440000000E0	1.079100092E1
1.480000000E0	1.092382285E1
1.520000000E0	1.079953441E1
1.560000000E0	1.072283484E1
1.600000000E0	1.053162682E1
1.640000000E0	1.049359547E1
1.680000000E0	1.050526576E1
1.720000000E0	1.083000529E1
1.760000000E0	1.191562976E1
1.800000000E0	1.424593205E1
1.840000000E0	1.802999856E1
1.880000000E0	2.321908567E1
1.920000000E0	2.976144180E1
1.960000000E0	3.729491481E1
2.000000000E0	4.495945052E1
2.040000000E0	5.218271454E1
2.080000000E0	5.884851537E1
2.120000000E0	6.481715523E1
2.160000000E0	6.988709119E1
2.200000000E0	7.394759633E1
2.240000000E0	7.712834321E1
2.280000000E0	7.956434401E1
2.320000000E0	8.120950317E1
2.360000000E0	8.201263508E1
2.400000000E0	8.202733791E1
2.440000000E0	8.206200568E1
2.480000000E0	8.214757922E1
2.520000000E0	8.187982021E1
2.560000000E0	8.159301455E1
2.600000000E0	8.111438363E1
2.640000000E0	8.068649202E1
2.680000000E0	7.989003858E1
2.720000000E0	7.855822001E1
2.760000000E0	7.684080659E1
2.800000000E0	7.504736367E1
2.840000000E0	7.300241248E1
2.880000000E0	7.056742127E1
2.920000000E0	6.786225713E1
2.960000000E0	6.512262028E1
3.000000000E0	6.267455580E1
3.040000000E0	6.042055026E1
3.080000000E0	5.871727996E1
3.120000000E0	5.740291365E1
3.160000000E0	5.665051781E1
3.200000000E0	5.637863097E1
3.240000000E0	5.641108063E1
3.280000000E0	5.662943133E1
3.320000000E0	5.692681260E1
3.360000000E0	5.701903288E1
3.400000000E0	5.712342496E1
3.440000000E0	5.687630377E1
3.480000000E0	5.640095271E1
3.520000000E0	5.583214855E1
3.560000000E0	5.473757906E1
3.600000000E0	5.315424232E1
3.640000000E0	5.117392496E1
3.680000000E0	4.884710670E1
3.720000000E0	4.637464953E1
3.760000000E0	4.407973414E1
3.800000000E0	4.203540230E1
3.840000000E0	4.022845424E1
3.880000000E0	3.868765336E1
3.920000000E0	3.753665265E1
3.960000000E0	3.684094456E1
4.000000000E0	3.652707003E1
4.040000000E0	3.662133316E1
4.080000000E0	3.716843474E1
4.120000000E0	3.793793457E1
4.160000000E0	3.897560178E1
4.200000000E0	4.041519333E1
4.240000000E0	4.244428732E1
4.280000000E0	4.491344086E1
4.320000000E0	4.786734257E1
4.360000000E0	5.142111113E1
4.400000000E0	5.554089490E1
4.440000000E0	5.978695573E1
4.480000000E0	6.405100569E1
4.520000000E0	6.786014514E1
4.560000000E0	7.118977490E1
4.600000000E0	7.414201155E1
4.640000000E0	7.658178756E1
4.680000000E0	7.869491100E1
4.720000000E0	8.043412346E1
4.760000000E0	8.162491035E1
4.800000000E0	8.238546437E1
4.840000000E0	8.265476980E1
4.880000000E0	8.252341087E1
4.920000000E0	8.226824824E1
4.960000000E0	8.197466184E1
5.000000000E0	8.151285499E1
5.040000000E0	8.093347476E1
5.080000000E0	8.053292392E1
5.120000000E0	7.991233230E1
5.160000000E0	7.909514097E1
5.200000000E0	7.804119835E1
5.240000000E0	7.693675657E1
5.280000000E0	7.547732462E1
5.320000000E0	7.382262577E1
5.360000000E0	7.187790954E1
5.400000000E0	7.005062534E1
5.440000000E0	6.808820542E1
5.480000000E0	6.626369434E1
5.520000000E0	6.427241203E1
5.560000000E0	6.247765073E1
5.600000000E0	6.073915318E1
5.640000000E0	5.918274742E1
5.680000000E0	5.752664244E1
5.720000000E0	5.616573505E1
5.760000000E0	5.502969947E1
5.800000000E0	5.410765185E1
5.840000000E0	5.338477232E1
5.880000000E0	5.284736376E1
5.920000000E0	5.261118466E1
5.960000000E0	5.251046587E1
6.000000000E0	5.221960839E1
6.040000000E0	5.203214769E1
6.080000000E0	5.187236736E1
6.120000000E0	5.160495146E1
6.160000000E0	5.121540548E1
6.200000000E0	5.051956235E1
6.240000000E0	4.952318603E1
6.280000000E0	4.807966435E1
6.320000000E0	4.616198815E1
6.360000000E0	4.368223308E1
6.400000000E0	4.085999261E1
6.440000000E0	3.805647560E1
6.480000000E0	3.564283977E1
6.520000000E0	3.359369068E1
6.560000000E0	3.241164747E1
6.600000000E0	3.211848585E1
6.640000000E0	3.230845749E1
6.680000000E0	3.322678427E1
6.720000000E0	3.475292884E1
6.760000000E0	3.714078932E1
6.800000000E0	4.036310556E1
6.840000000E0	4.443635040E1
6.880000000E0	4.908364480E1
6.920000000E0	5.423400834E1
6.960000000E0	5.980984129E1
7.000000000E0	6.540883094E1
7.040000000E0	7.040400129E1
7.080000000E0	7.476962707E1
7.120000000E0	7.809534844E1
7.160000000E0	8.033064507E1
7.200000000E0	8.201264311E1
7.240000000E0	8.281928900E1
7.280000000E0	8.266545206E1
7.320000000E0	8.268556787E1
7.360000000E0	8.252968354E1
7.400000000E0	8.192433902E1
7.440000000E0	8.127012141E1
7.480000000E0	8.065785594E1
7.520000000E0	7.998240650E1
7.560000000E0	7.902047178E1
7.600000000E0	7.798007297E1
7.640000000E0	7.676413107E1
7.680000000E0	7.516135826E1
7.720000000E0	7.340193964E1
7.760000000E0	7.153284997E1
7.800000000E0	6.953874001E1
7.840000000E0	6.743288397E1
7.880000000E0	6.530652860E1
7.920000000E0	6.312084184E1
7.960000000E0	6.155018687E1
8.000000000E0	6.021216893E1
8.040000000E0	5.882920691E1
8.080000000E0	5.762380321E1
8.120000000E0	5.672805809E1
8.160000000E0	5.640519542E1
8.200000000E0	5.647754951E1
8.240000000E0	5.657775987E1
8.280000000E0	5.673996602E1
8.320000000E0	5.647548024E1
8.360000000E0	5.598273319E1
8.400000000E0	5.486177601E1
8.440000000E0	5.325502151E1
8.480000000E0	5.067698436E1
8.520000000E0	4.723477547E1
8.560000000E0	4.328726556E1
8.600000000E0	3.927384199E1
8.640000000E0	3.523336242E1
8.680000000E0	3.118995046E1
8.720000000E0	2.742161432E1
8.760000000E0	2.414053593E1
8.800000000E0	2.173922711E1
8.840000000E0	2.047035866E1
8.880000000E0	2.032946005E1
8.920000000E0	2.074322511E1
8.960000000E0	2.135860759E1
9.000000000E0	2.174364479E1
9.040000000E0	2.186446813E1
9.080000000E0	2.196620390E1
9.120000000E0	2.217017405E1
9.160000000E0	2.284769892E1
9.200000000E0	2.417363951E1
9.240000000E0	2.639307106E1
9.280000000E0	2.978337309E1
9.320000000E0	3.428054010E1
9.360000000E0	3.970704887E1
9.400000000E0	4.565810426E1
9.440000000E0	5.192846030E1
9.480000000E0	5.818037909E1
9.520000000E0	6.391520287E1
9.560000000E0	6.876217233E1
9.600000000E0	7.273737995E1
9.640000000E0	7.583457259E1
9.680000000E0	7.811840976E1
9.720000000E0	7.968002151E1
9.760000000E0	8.080829150E1
9.800000000E0	8.117346338E1
9.840000000E0	8.092388739E1
9.880000000E0	8.065315356E1
9.920000000E0	8.002959378E1
9.960000000E0	7.906261049E1
1.000000000E1	7.800960469E1
1.004000000E1	7.681614664E1
1.008000000E1	7.534270288E1
1.012000000E1	7.346326650E1
1.016000000E1	7.149979726E1
1.020000000E1	6.944112012E1
1.024000000E1	6.736732497E1
1.028000000E1	6.533880247E1
1.032000000E1	6.349025428E1
1.036000000E1	6.176059905E1
1.040000000E1	6.042116044E1
1.044000000E1	5.896400001E1
1.048000000E1	5.763972229E1
1.052000000E1	5.654778763E1
1.056000000E1	5.548819488E1
1.060000000E1	5.470130920E1
1.064000000E1	5.415289207E1
1.068000000E1	5.377728797E1
1.072000000E1	5.357448909E1
1.076000000E1	5.333261038E1
1.080000000E1	5.249431796E1
1.084000000E1	5.092792399E1
1.088000000E1	4.885643875E1
1.092000000E1	4.573603951E1
1.096000000E1	4.194186685E1
1.100000000E1	3.764801813E1
1.104000000E1	3.351683713E1
1.108000000E1	2.954896324E1
1.112000000E1	2.578908557E1
1.116000000E1	2.289374855E1
1.120000000E1	2.111305154E1
1.124000000E1	2.017376241E1
1.128000000E1	1.991711341E1
1.132000000E1	2.007831481E1
1.136000000E1	2.049719761E1
1.140000000E1	2.079110982E1
1.144000000E1	2.091513714E1
1.148000000E1	2.105903836E1
1.152000000E1	2.105561695E1
1.156000000E1	2.103983525E1
1.160000000E1	2.108701419E1
1.164000000E1	2.110076566E1
1.168000000E1	2.115734288E1
1.172000000E1	2.130181179E1
1.176000000E1	2.178242410E1
1.180000000E1	2.311240143E1
1.184000000E1	2.546383669E1
1.188000000E1	2.886817424E1
1.192000000E1	3.324097446E1
1.196000000E1	3.819257344E1
1.200000000E1	4.362764074E1
1.204000000E1	4.930972433E1
1.208000000E1	5.510148155E1
1.212000000E1	6.063047313E1
1.216000000E1	6.544509194E1
1.220000000E1	6.949340921E1
1.224000000E1	7.307862280E1
1.228000000E1	7.598611713E1
1.232000000E1	7.801965503E1
1.236000000E1	7.914135865E1
1.240000000E1	7.971612444E1
1.244000000E1	7.987820121E1
1.248000000E1	7.961038835E1
1.252000000E1	7.915855694E1
1.256000000E1	7.858976021E1
1.260000000E1	7.786907973E1
1.264000000E1	7.692521748E1
1.268000000E1	7.569624280E1
1.272000000E1	7.444717335E1
1.276000000E1	7.293847585E1
1.280000000E1	7.143989967E1
1.284000000E1	6.998941675E1
1.288000000E1	6.817922415E1
1.292000000E1	6.630721164E1
1.296000000E1	6.442063643E1
1.300000000E1	6.260719221E1
1.304000000E1	6.103798698E1
1.308000000E1	5.951665944E1
1.312000000E1	5.796790532E1
1.316000000E1	5.669807510E1
1.320000000E1	5.557812667E1
1.324000000E1	5.464275723E1
1.328000000E1	5.385324021E1
1.332000000E1	5.357031720E1
1.336000000E1	5.349511250E1
1.340000000E1	5.310578617E1
1.344000000E1	5.217862859E1
1.348000000E1	5.086564104E1
1.352000000E1	4.888251436E1
1.356000000E1	4.626668855E1
1.360000000E1	4.356803247E1
1.364000000E1	4.063611930E1
1.368000000E1	3.761460216E1
1.372000000E1	3.400282208E1
1.376000000E1	3.023502331E1
1.380000000E1	2.682709713E1
1.384000000E1	2.382290985E1
1.388000000E1	2.130915933E1
1.392000000E1	1.927963678E1
1.396000000E1	1.773503981E1
1.400000000E1	1.690428299E1
1.404000000E1	1.663768203E1
1.408000000E1	1.695396559E1
1.412000000E1	1.758063498E1
1.416000000E1	1.794384597E1
1.420000000E1	1.822872124E1
1.424000000E1	1.848166797E1
1.428000000E1	1.856524079E1
1.432000000E1	1.874808531E1
1.436000000E1	1.902155158E1
1.440000000E1	1.965867873E1
1.444000000E1	2.109736050E1
1.448000000E1	2.375408219E1
1.452000000E1	2.762752003E1
1.456000000E1	3.247445006E1
1.460000000E1	3.816813619E1
1.464000000E1	4.427459702E1
1.468000000E1	5.058015918E1
1.472000000E1	5.666119942E1
1.476000000E1	6.228904078E1
1.480000000E1	6.716608412E1
1.484000000E1	7.119890817E1
1.488000000E1	7.456793256E1
1.492000000E1	7.702771236E1
1.496000000E1	7.883813593E1
1.500000000E1	7.998317420E1
1.504000000E1	8.051250094E1
1.508000000E1	8.039050449E1
1.512000000E1	8.000943498E1
1.516000000E1	7.930370809E1
1.520000000E1	7.856243608E1
1.524000000E1	7.737044554E1
1.528000000E1	7.596405040E1
1.532000000E1	7.433960339E1
1.536000000E1	7.262710741E1
1.540000000E1	7.070354734E1
1.544000000E1	6.855504458E1
1.548000000E1	6.683457982E1
1.552000000E1	6.516023739E1
1.556000000E1	6.336290892E1
1.560000000E1	6.186886299E1
1.564000000E1	6.065170030E1
1.568000000E1	5.944525012E1
1.572000000E1	5.819721341E1
1.576000000E1	5.715183625E1
1.580000000E1	5.635085073E1
1.584000000E1	5.587203315E1
1.588000000E1	5.547964376E1
1.592000000E1	5.497661851E1
1.596000000E1	5.488686090E1
1.600000000E1	5.476247779E1
1.604000000E1	5.475512655E1
1.608000000E1	5.437628765E1
1.612000000E1	5.389276055E1
1.616000000E1	5.333110660E1
1.620000000E1	5.255748453E1
1.624000000E1	5.147077486E1
1.628000000E1	4.976727367E1
1.632000000E1	4.731929881E1
1.636000000E1	4.444241754E1
1.640000000E1	4.103114923E1
1.644000000E1	3.747028842E1
1.648000000E1	3.371532734E1
1.652000000E1	3.019222869E1
1.656000000E1	2.737845760E1
1.660000000E1	2.520924752E1
1.664000000E1	2.427961481E1
1.668000000E1	2.416603996E1
1.672000000E1	2.474244567E1
1.676000000E1	2.530357121E1
1.680000000E1	2.559199200E1
1.684000000E1	2.563580384E1
1.688000000E1	2.559165128E1
1.692000000E1	2.544071566E1
1.696000000E1	2.547106639E1
1.700000000E1	2.559301120E1
1.704000000E1	2.563135668E1
1.708000000E1	2.589614099E1
1.712000000E1	2.656334944E1
1.716000000E1	2.790837862E1
1.720000000E1	3.041253580E1
1.724000000E1	3.416410893E1
1.728000000E1	3.871294617E1
1.732000000E1	4.388154695E1
1.736000000E1	4.925390654E1
1.740000000E1	5.475791009E1
1.744000000E1	5.979169635E1
1.748000000E1	6.456293220E1
1.752000000E1	6.873736506E1
1.756000000E1	7.247740349E1
1.760000000E1	7.546766913E1
1.764000000E1	7.760060412E1
1.768000000E1	7.919951052E1
1.772000000E1	8.031416415E1
1.776000000E1	8.100028391E1
1.780000000E1	8.097485274E1
1.784000000E1	8.071854300E1
1.788000000E1	8.023377269E1
1.792000000E1	7.972130821E1
1.796000000E1	7.856334498E1
1.800000000E1	7.789260955E1
1.804000000E1	7.688198683E1
1.808000000E1	7.556025448E1
1.812000000E1	7.399590174E1
1.816000000E1	7.240572617E1
1.820000000E1	7.061113233E1
1.824000000E1	6.853838895E1
1.828000000E1	6.655992849E1
1.832000000E1	6.431825776E1
1.836000000E1	6.243018258E1
1.840000000E1	6.062560013E1
1.844000000E1	5.926919951E1
1.848000000E1	5.784328725E1
1.852000000E1	5.633879104E1
1.856000000E1	5.511863641E1
1.860000000E1	5.421130030E1
1.864000000E1	5.376010804E1
1.868000000E1	5.360715029E1
1.872000000E1	5.371432900E1
1.876000000E1	5.389464574E1
1.880000000E1	5.393325087E1
1.884000000E1	5.371986815E1
1.888000000E1	5.269436783E1
1.892000000E1	5.088514126E1
1.896000000E1	4.798525768E1
1.900000000E1	4.430177752E1
1.904000000E1	3.988851021E1
1.908000000E1	3.533752426E1
1.912000000E1	3.075360196E1
1.916000000E1	2.662373401E1
1.920000000E1	2.324158207E1
1.924000000E1	2.109813987E1
1.928000000E1	1.994691033E1
1.932000000E1	1.988443129E1
1.936000000E1	2.044076366E1
1.940000000E1	2.111210946E1
1.944000000E1	2.151574105E1
1.948000000E1	2.165327995E1
1.952000000E1	2.165900681E1
1.956000000E1	2.156652716E1
1.960000000E1	2.146931915E1
1.964000000E1	2.147218575E1
1.968000000E1	2.146315246E1
1.972000000E1	2.143635496E1
1.976000000E1	2.138564624E1
1.980000000E1	2.134004751E1
1.984000000E1	2.146152150E1
1.988000000E1	2.167308690E1
1.992000000E1	2.262714645E1
1.996000000E1	2.459754884E1
2.000000000E1	2.770459916E1
2.004000000E1	3.160376406E1
2.008000000E1	3.642463502E1
2.012000000E1	4.200419719E1
2.016000000E1	4.801464466E1
2.020000000E1	5.397349089E1
2.024000000E1	5.991511128E1
2.028000000E1	6.517609350E1
2.032000000E1	6.968814707E1
2.036000000E1	7.320820232E1
2.040000000E1	7.594223710E1
2.044000000E1	7.770677133E1
2.048000000E1	7.859776720E1
2.052000000E1	7.884593336E1
2.056000000E1	7.846932677E1
2.060000000E1	7.815467870E1
2.064000000E1	7.768503216E1
2.068000000E1	7.710461689E1
2.072000000E1	7.662137947E1
2.076000000E1	7.592483202E1
2.080000000E1	7.482985999E1
2.084000000E1	7.355847582E1
2.088000000E1	7.204869068E1
2.092000000E1	7.030555585E1
2.096000000E1	6.839658715E1
2.100000000E1	6.632045587E1
2.104000000E1	6.432869931E1
2.108000000E1	6.250798305E1
2.112000000E1	6.083044275E1
2.116000000E1	5.929295338E1
2.120000000E1	5.805940568E1
2.124000000E1	5.680090573E1
2.128000000E1	5.571842665E1
2.132000000E1	5.509358286E1
2.136000000E1	5.466109480E1
2.140000000E1	5.435558813E1
2.144000000E1	5.403251524E1
2.148000000E1	5.389724702E1
2.152000000E1	5.353049600E1
2.156000000E1	5.255399503E1
2.160000000E1	5.095992821E1
2.164000000E1	4.901030939E1
2.168000000E1	4.595934048E1
2.172000000E1	4.296077922E1
2.176000000E1	3.959125147E1
2.180000000E1	3.586517953E1
2.184000000E1	3.180509020E1
2.188000000E1	2.784630741E1
2.192000000E1	2.431880591E1
2.196000000E1	2.131239608E1
2.200000000E1	1.929071301E1
2.204000000E1	1.786844434E1
2.208000000E1	1.718235330E1
2.212000000E1	1.729810481E1
2.216000000E1	1.780999008E1
2.220000000E1	1.844226484E1
2.224000000E1	1.864295746E1
2.228000000E1	1.870190008E1
2.232000000E1	2.115055567E1
2.236000000E1	2.121311508E1
2.240000000E1	2.167502356E1
2.244000000E1	2.243163666E1
2.248000000E1	2.403463700E1
2.252000000E1	2.682716629E1
2.256000000E1	3.070081310E1
2.260000000E1	3.546879886E1
2.264000000E1	4.106229029E1
2.268000000E1	4.729814706E1
2.272000000E1	5.367890259E1
2.276000000E1	5.977530206E1
2.280000000E1	6.502017890E1
2.284000000E1	6.945007765E1
2.288000000E1	7.301029578E1
2.292000000E1	7.588738638E1
2.296000000E1	7.802392757E1
2.300000000E1	7.942293459E1
2.304000000E1	8.007733411E1
2.308000000E1	8.024862245E1
2.312000000E1	8.007415393E1
2.316000000E1	7.947146487E1
2.320000000E1	7.897167340E1
2.324000000E1	7.823664243E1
2.328000000E1	7.723867796E1
2.332000000E1	7.571466722E1
2.336000000E1	7.382817238E1
2.340000000E1	7.181787518E1
2.344000000E1	6.975352544E1
2.348000000E1	6.733221497E1
2.352000000E1	6.525482492E1
2.356000000E1	6.324238465E1
2.360000000E1	6.174137224E1
2.364000000E1	6.035958471E1
2.368000000E1	5.896156229E1
2.372000000E1	5.780819795E1
2.376000000E1	5.656790410E1
2.380000000E1	5.563169308E1
2.384000000E1	5.445645227E1
2.388000000E1	5.330899974E1
2.392000000E1	5.235084843E1
2.396000000E1	5.149722614E1
2.400000000E1	5.114506294E1
2.404000000E1	5.087580346E1
2.408000000E1	5.078746754E1
2.412000000E1	5.056647337E1
2.416000000E1	4.995714301E1
2.420000000E1	4.902906965E1
2.424000000E1	4.775018246E1
2.428000000E1	4.602948477E1
2.432000000E1	4.364093321E1
2.436000000E1	4.063443460E1
2.440000000E1	3.744265513E1
2.444000000E1	3.391043498E1
2.448000000E1	3.037307440E1
2.452000000E1	2.713872566E1
2.456000000E1	2.415111667E1
2.460000000E1	2.165178158E1
2.464000000E1	1.982637095E1
2.468000000E1	1.850241390E1
2.472000000E1	1.798550179E1
2.476000000E1	1.795283971E1
2.480000000E1	1.810415242E1
2.484000000E1	1.850058085E1
2.488000000E1	1.897958036E1
2.492000000E1	1.967899716E1
2.496000000E1	2.083154550E1
2.500000000E1	2.262831615E1
2.504000000E1	2.552147760E1
2.508000000E1	2.959418422E1
2.512000000E1	3.475012597E1
2.516000000E1	4.079759956E1
2.520000000E1	4.718187718E1
2.524000000E1	5.377757761E1
2.528000000E1	6.013607213E1
2.532000000E1	6.560712390E1
2.536000000E1	7.011474442E1
2.540000000E1	7.381545614E1
2.544000000E1	7.686625052E1
2.548000000E1	7.901085641E1
2.552000000E1	8.064934239E1
2.556000000E1	8.172284850E1
2.560000000E1	8.215398123E1
2.564000000E1	8.208149940E1
2.568000000E1	8.181398226E1
2.572000000E1	8.121268320E1
2.576000000E1	8.039622535E1
2.580000000E1	7.936212774E1
2.584000000E1	7.812014692E1
2.588000000E1	7.646054026E1
2.592000000E1	7.457363308E1
2.596000000E1	7.247025564E1
2.600000000E1	7.020814994E1
2.604000000E1	6.776088816E1
2.608000000E1	6.560713561E1
2.612000000E1	6.364818255E1
2.616000000E1	6.184771922E1
2.620000000E1	6.025103646E1
2.624000000E1	5.875160644E1
2.628000000E1	5.750018952E1
2.632000000E1	5.653384403E1
2.636000000E1	5.557687815E1
2.640000000E1	5.492459655E1
2.644000000E1	5.472047208E1
2.648000000E1	5.437831381E1
2.652000000E1	5.412066818E1
2.656000000E1	5.380291729E1
2.660000000E1	5.337545414E1
2.664000000E1	5.275767904E1
2.668000000E1	5.158863894E1
2.672000000E1	4.941421817E1
2.676000000E1	4.658075198E1
2.680000000E1	4.300038178E1
2.684000000E1	3.896754474E1
2.688000000E1	3.499955343E1
2.692000000E1	3.126494629E1
2.696000000E1	2.807678856E1
2.700000000E1	2.600251981E1
2.704000000E1	2.515113197E1
2.708000000E1	2.501841355E1
2.712000000E1	2.529467497E1
2.716000000E1	2.573090831E1
2.720000000E1	2.641727674E1
2.724000000E1	2.749436895E1
2.728000000E1	2.896606344E1
2.732000000E1	3.087917239E1
2.736000000E1	3.352841034E1
2.740000000E1	3.703819804E1
2.744000000E1	4.141349841E1
2.748000000E1	4.647306311E1
2.752000000E1	5.211446620E1
2.756000000E1	5.787925279E1
2.760000000E1	6.333521288E1
2.764000000E1	6.823551065E1
2.768000000E1	7.240075617E1
2.772000000E1	7.591186323E1
2.776000000E1	7.836770971E1
2.780000000E1	7.991545829E1
2.784000000E1	8.080396764E1
2.788000000E1	8.108218229E1
2.792000000E1	8.067658608E1
2.796000000E1	8.020936167E1
2.800000000E1	7.944733307E1
2.804000000E1	7.874118048E1
2.808000000E1	7.755967619E1
2.812000000E1	7.623525711E1
2.816000000E1	7.469116881E1
2.820000000E1	7.300172282E1
2.824000000E1	7.113788988E1
2.828000000E1	6.908707895E1
2.832000000E1	6.694824839E1
2.836000000E1	6.481958440E1
2.840000000E1	6.293842045E1
2.844000000E1	6.143482671E1
2.848000000E1	5.997963979E1
2.852000000E1	5.862805329E1
2.856000000E1	5.753505457E1
2.860000000E1	5.657945543E1
2.864000000E1	5.590089946E1
2.868000000E1	5.533510058E1
2.872000000E1	5.485483771E1
2.876000000E1	5.440708128E1
2.880000000E1	5.404166655E1
2.884000000E1	5.373919294E1
2.888000000E1	5.368672647E1
2.892000000E1	5.372488101E1
2.896000000E1	5.369166149E1
2.900000000E1	5.341386613E1
2.904000000E1	5.276399788E1
2.908000000E1	5.169425222E1
2.912000000E1	4.991192590E1
2.916000000E1	4.761040551E1
2.920000000E1	4.538368123E1
2.924000000E1	4.360074279E1
2.928000000E1	4.190192961E1
2.932000000E1	4.032221191E1
2.936000000E1	3.897400060E1
2.940000000E1	3.819625987E1
2.944000000E1	3.790355970E1
2.948000000E1	3.789379152E1
2.952000000E1	3.803900645E1
2.956000000E1	3.815508260E1
2.960000000E1	3.837889466E1
2.964000000E1	3.870801336E1
2.968000000E1	3.916564901E1
2.972000000E1	4.008190813E1
2.976000000E1	4.177680507E1
2.980000000E1	4.441176669E1
2.984000000E1	4.792515080E1
2.988000000E1	5.207431031E1
2.992000000E1	5.667992513E1
2.996000000E1	6.143542674E1
3.000000000E1	6.613217701E1
3.004000000E1	7.024976020E1
3.008000000E1	7.364862636E1
3.012000000E1	7.605700842E1
3.016000000E1	7.785047265E1
3.020000000E1	7.925739054E1
3.024000000E1	7.999025658E1
3.028000000E1	8.018207466E1
3.032000000E1	7.983948584E1
3.036000000E1	7.921966423E1
3.040000000E1	7.842204979E1
3.044000000E1	7.731914566E1
3.048000000E1	7.588909761E1
3.052000000E1	7.434310768E1
3.056000000E1	7.247478469E1
3.060000000E1	7.062224624E1
3.064000000E1	6.859971393E1
3.068000000E1	6.656311610E1
3.072000000E1	6.454258631E1
3.076000000E1	6.280979951E1
3.080000000E1	6.139202760E1
3.084000000E1	6.004111058E1
3.088000000E1	5.875745545E1
3.092000000E1	5.766943082E1
3.096000000E1	5.673869291E1
3.100000000E1	5.612518507E1
3.104000000E1	5.546093396E1
3.108000000E1	5.484673663E1
3.112000000E1	5.424725533E1
3.116000000E1	5.381692415E1
3.120000000E1	5.332115333E1
3.124000000E1	5.276081394E1
3.128000000E1	5.215535966E1
3.132000000E1	5.149061647E1
3.136000000E1	5.080373881E1
3.140000000E1	4.990069882E1
3.144000000E1	4.926450072E1
3.148000000E1	4.867487568E1
3.152000000E1	4.836630005E1
3.156000000E1	4.815051772E1
3.160000000E1	4.813962679E1
3.164000000E1	4.810467541E1
3.168000000E1	4.786978098E1
3.172000000E1	4.770213570E1
3.176000000E1	4.755454499E1
3.180000000E1	4.739770874E1
3.184000000E1	4.727331571E1
3.188000000E1	4.724173044E1
3.192000000E1	4.730767178E1
3.196000000E1	4.750451379E1
3.200000000E1	4.756671586E1
3.204000000E1	4.774849441E1
3.208000000E1	4.810572506E1
3.212000000E1	4.872840332E1
3.216000000E1	4.982438321E1
3.220000000E1	5.126059781E1
3.224000000E1	5.332002392E1
3.228000000E1	5.590687828E1
3.232000000E1	5.883044538E1
3.236000000E1	6.201226572E1
3.240000000E1	6.527070227E1
3.244000000E1	6.841429374E1
3.248000000E1	7.123204816E1
3.252000000E1	7.365012463E1
3.256000000E1	7.585097631E1
3.260000000E1	7.752285233E1
3.264000000E1	7.896797800E1
3.268000000E1	7.998497190E1
3.272000000E1	8.053080579E1
3.276000000E1	8.053340141E1
3.280000000E1	8.002378824E1
3.284000000E1	7.935957208E1
3.288000000E1	7.850156880E1
3.292000000E1	7.757191081E1
3.296000000E1	7.645941142E1
3.300000000E1	7.522951467E1
3.304000000E1	7.378701844E1
3.308000000E1	7.215135098E1
3.312000000E1	7.058752225E1
3.316000000E1	6.883208718E1
3.320000000E1	6.703590179E1
3.324000000E1	6.532368554E1
3.328000000E1	6.385468727E1
3.332000000E1	6.245670619E1
3.336000000E1	6.102139961E1
3.340000000E1	5.960817382E1
3.344000000E1	5.861337090E1
3.348000000E1	5.757856194E1
3.352000000E1	5.680585478E1
3.356000000E1	5.612876069E1
3.360000000E1	5.569604556E1
3.364000000E1	5.531500091E1
3.368000000E1	5.502676711E1
3.372000000E1	5.479514362E1
3.376000000E1	5.448509467E1
3.380000000E1	5.424857359E1
3.384000000E1	5.381119990E1
3.388000000E1	5.316598352E1
3.392000000E1	5.215823384E1
3.396000000E1	5.111471301E1
3.400000000E1	4.962557855E1
3.404000000E1	4.792424123E1
3.408000000E1	4.598424608E1
3.412000000E1	4.386666253E1
3.416000000E1	4.179191873E1
3.420000000E1	4.004691740E1
3.424000000E1	3.847955715E1
3.428000000E1	3.739713159E1
3.432000000E1	3.669357014E1
3.436000000E1	3.630950739E1
3.440000000E1	3.624874072E1
3.444000000E1	3.657502796E1
3.448000000E1	3.731346142E1
3.452000000E1	3.858478331E1
3.456000000E1	4.002875923E1
3.460000000E1	4.200745806E1
3.464000000E1	4.444501769E1
3.468000000E1	4.745096938E1
3.472000000E1	5.098367254E1
3.476000000E1	5.493979636E1
3.480000000E1	5.916951457E1
3.484000000E1	6.321920869E1
3.488000000E1	6.705348141E1
3.492000000E1	7.049903179E1
3.496000000E1	7.365135191E1
3.500000000E1	7.632339862E1
3.504000000E1	7.843201042E1
3.508000000E1	7.992225587E1
3.512000000E1	8.083190964E1
3.516000000E1	8.084674710E1
3.520000000E1	8.034612215E1
3.524000000E1	7.982187415E1
3.528000000E1	7.923859110E1
3.532000000E1	7.828424820E1
3.536000000E1	7.716247792E1
3.540000000E1	7.586971737E1
3.544000000E1	7.427171171E1
3.548000000E1	7.259097355E1
3.552000000E1	7.077414488E1
3.556000000E1	6.879321295E1
3.560000000E1	6.656642000E1
3.564000000E1	6.449165710E1
3.568000000E1	6.267981263E1
3.572000000E1	6.096424431E1
3.576000000E1	5.951837396E1
3.580000000E1	5.806008281E1
3.584000000E1	5.676714122E1
3.588000000E1	5.563952562E1
3.592000000E1	5.461473779E1
3.596000000E1	5.382255249E1
3.600000000E1	5.307833204E1
3.604000000E1	5.261461109E1
3.608000000E1	5.235536982E1
3.612000000E1	5.229156788E1
3.616000000E1	5.236803321E1
3.620000000E1	5.281944599E1
3.624000000E1	5.286131844E1
3.628000000E1	5.258866303E1
3.632000000E1	5.218410062E1
3.636000000E1	5.131009090E1
3.640000000E1	4.996234114E1
3.644000000E1	4.790886102E1
3.648000000E1	4.542776365E1
3.652000000E1	4.251383295E1
3.656000000E1	3.978725045E1
3.660000000E1	3.725834167E1
3.664000000E1	3.514251201E1
3.668000000E1	3.365724618E1
3.672000000E1	3.269344175E1
3.676000000E1	3.241093636E1
3.680000000E1	3.285289177E1
3.684000000E1	3.397056318E1
3.688000000E1	3.563527640E1
3.692000000E1	3.775319769E1
3.696000000E1	4.054701844E1
3.700000000E1	4.418017278E1
3.704000000E1	4.880707535E1
3.708000000E1	5.409468289E1
3.712000000E1	5.966760975E1
3.716000000E1	6.499790412E1
3.720000000E1	6.971525160E1
3.724000000E1	7.363709414E1
3.728000000E1	7.673295970E1
3.732000000E1	7.879584203E1
3.736000000E1	7.997147482E1
3.740000000E1	8.063715116E1
3.744000000E1	8.077413353E1
3.748000000E1	8.044597950E1
3.752000000E1	7.976296242E1
3.756000000E1	7.892360164E1
3.760000000E1	7.785108389E1
3.764000000E1	7.653944698E1
3.768000000E1	7.509700144E1
3.772000000E1	7.327444741E1
3.776000000E1	7.130367884E1
3.780000000E1	6.919163804E1
3.784000000E1	6.709641068E1
3.788000000E1	6.512214080E1
3.792000000E1	6.310273318E1
3.796000000E1	6.135484124E1
3.800000000E1	5.985211641E1
3.804000000E1	5.832959647E1
3.808000000E1	5.706301061E1
3.812000000E1	5.590534220E1
3.816000000E1	5.476408679E1
3.820000000E1	5.379495052E1
3.824000000E1	5.295631796E1
3.828000000E1	5.247439837E1
3.832000000E1	5.215852361E1
3.836000000E1	5.186413892E1
3.840000000E1	5.169349403E1
3.844000000E1	5.173400519E1
3.848000000E1	5.194244127E1
3.852000000E1	5.199850098E1
3.856000000E1	5.188898554E1
3.860000000E1	5.152522243E1
3.864000000E1	5.075055438E1
3.868000000E1	4.966888645E1
3.872000000E1	4.797153156E1
3.876000000E1	4.614188659E1
3.880000000E1	4.448739057E1
3.884000000E1	4.325993992E1
3.888000000E1	4.244402354E1
3.892000000E1	4.180612057E1
3.896000000E1	4.145375309E1
3.900000000E1	4.145605409E1
3.904000000E1	4.159331962E1
3.908000000E1	4.185878437E1
3.912000000E1	4.216934771E1
3.916000000E1	4.272864090E1
3.920000000E1	4.338499058E1
3.924000000E1	4.476734917E1
3.928000000E1	4.700751878E1
3.932000000E1	5.008986801E1
3.936000000E1	5.376977406E1
3.940000000E1	5.772186853E1
3.944000000E1	6.184041411E1
3.948000000E1	6.601560089E1
3.952000000E1	6.984721163E1
3.956000000E1	7.319407913E1
3.960000000E1	7.581429026E1
3.964000000E1	7.787839927E1
3.968000000E1	7.925741913E1
3.972000000E1	8.020682863E1
3.976000000E1	8.035807025E1
3.980000000E1	8.016360370E1
3.984000000E1	7.973780975E1
3.988000000E1	7.928172847E1
3.992000000E1	7.854897543E1
3.996000000E1	7.790346708E1
4.000000000E1	7.710180445E1
4.004000000E1	7.618752268E1
4.008000000E1	7.487666824E1
4.012000000E1	7.331899138E1
4.016000000E1	7.193241464E1
4.020000000E1	7.019935542E1
4.024000000E1	6.836855857E1
4.028000000E1	6.629545134E1
4.032000000E1	6.424426553E1
4.036000000E1	6.250372271E1
4.040000000E1	6.073693774E1
4.044000000E1	5.915890361E1
4.048000000E1	5.773089190E1
4.052000000E1	5.626162261E1
4.056000000E1	5.484513302E1
4.060000000E1	5.345640276E1
4.064000000E1	5.230423040E1
4.068000000E1	5.165880762E1
4.072000000E1	5.139250423E1
4.076000000E1	5.151090030E1
4.080000000E1	5.173713508E1
4.084000000E1	5.191867536E1
4.088000000E1	5.178143921E1
4.092000000E1	5.136030621E1
4.096000000E1	5.059575665E1
4.100000000E1	4.930195239E1
4.104000000E1	4.761485461E1
4.108000000E1	4.586457942E1
4.112000000E1	4.427003070E1
4.116000000E1	4.301806966E1
4.120000000E1	4.212595385E1
4.124000000E1	4.123051355E1
4.128000000E1	4.062460709E1
4.132000000E1	4.021951899E1
4.136000000E1	4.017212188E1
4.140000000E1	4.035105359E1
4.144000000E1	4.070760146E1
4.148000000E1	4.113560923E1
4.152000000E1	4.174068514E1
4.156000000E1	4.238639984E1
4.160000000E1	4.338804755E1
4.164000000E1	4.473750950E1
4.168000000E1	4.672512006E1
4.172000000E1	4.942477008E1
4.176000000E1	5.281993648E1
4.180000000E1	5.667107406E1
4.184000000E1	6.070308097E1
4.188000000E1	6.488895077E1
4.192000000E1	6.876297938E1
4.196000000E1	7.232616103E1
4.200000000E1	7.531532797E1
4.204000000E1	7.759644343E1
4.208000000E1	7.940934288E1
4.212000000E1	8.089576163E1
4.216000000E1	8.152133631E1
4.220000000E1	8.136287964E1
4.224000000E1	8.093540467E1
4.228000000E1	8.034405349E1
4.232000000E1	7.985436138E1
4.236000000E1	7.910699106E1
4.240000000E1	7.790273094E1
4.244000000E1	7.652569717E1
4.248000000E1	7.476791827E1
4.252000000E1	7.269864160E1
4.256000000E1	7.048543381E1
4.260000000E1	6.808073473E1
4.264000000E1	6.584772476E1
4.268000000E1	6.351513137E1
4.272000000E1	6.127728855E1
4.276000000E1	5.918694762E1
4.280000000E1	5.749233946E1
4.284000000E1	5.570084640E1
4.288000000E1	5.417279819E1
4.292000000E1	5.266118423E1
4.296000000E1	5.111751053E1
4.300000000E1	4.974174591E1
4.304000000E1	4.845593102E1
4.308000000E1	4.762848298E1
4.312000000E1	4.736873303E1
4.316000000E1	4.753702435E1
4.320000000E1	4.775793061E1
4.324000000E1	4.796847497E1
4.328000000E1	4.795629636E1
4.332000000E1	4.790730178E1
4.336000000E1	4.782319663E1
4.340000000E1	4.783529369E1
4.344000000E1	4.772071881E1
4.348000000E1	4.750302361E1
4.352000000E1	4.720625832E1
4.356000000E1	4.665982107E1
4.360000000E1	4.591400616E1
4.364000000E1	4.486918906E1
4.368000000E1	4.351874953E1
4.372000000E1	4.205784312E1
4.376000000E1	4.055500005E1
4.380000000E1	3.888635078E1
4.384000000E1	3.718033668E1
4.388000000E1	3.516657084E1
4.392000000E1	3.303766001E1
4.396000000E1	3.092220233E1
4.400000000E1	2.904292229E1
4.404000000E1	2.760976282E1
4.408000000E1	2.628920273E1
4.412000000E1	2.462121740E1
4.416000000E1	2.236680835E1
4.420000000E1	2.011921859E1
4.424000000E1	1.838465335E1
4.428000000E1	1.707434121E1
4.432000000E1	1.624548230E1
4.436000000E1	1.536586121E1
4.440000000E1	1.448083306E1
4.444000000E1	1.370910016E1
4.448000000E1	1.299493626E1
4.452000000E1	1.220097710E1
4.456000000E1	1.150755261E1
4.460000000E1	1.115972100E1
4.464000000E1	1.122472671E1
4.468000000E1	1.166882294E1
4.472000000E1	1.221529995E1
4.476000000E1	1.274963316E1
4.480000000E1	1.336266669E1
4.484000000E1	1.368870155E1
4.488000000E1	1.366976451E1
4.492000000E1	1.363137515E1
4.496000000E1	1.354198360E1
4.500000000E1	1.351249678E1
4.504000000E1	1.361551182E1
4.508000000E1	1.371178468E1
4.512000000E1	1.375238090E1
4.516000000E1	1.377728123E1
4.520000000E1	1.377478821E1
4.524000000E1	1.377734746E1
4.528000000E1	1.380573699E1
4.532000000E1	1.381866829E1
4.536000000E1	1.381607042E1
4.540000000E1	1.381651857E1
4.544000000E1	1.380882529E1
4.548000000E1	1.379628962E1
4.552000000E1	1.383297825E1
4.556000000E1	1.390226563E1
4.560000000E1	1.397434544E1
4.564000000E1	1.399787698E1
4.568000000E1	1.401240702E1
4.572000000E1	1.402347995E1
4.576000000E1	1.402157553E1
4.580000000E1	1.401806762E1
4.584000000E1	1.402525148E1
4.588000000E1	1.403008241E1
4.592000000E1	1.403026667E1
4.596000000E1	1.403679915E1
4.600000000E1	1.404784797E1
4.604000000E1	1.406742675E1
4.608000000E1	1.408071036E1
4.612000000E1	1.408562253E1
4.616000000E1	1.408854119E1
4.620000000E1	1.409050108E1
4.624000000E1	1.408950673E1
4.628000000E1	1.408983379E1
4.632000000E1	1.409128085E1
4.636000000E1	1.409009561E1
4.640000000E1	1.408891372E1
4.644000000E1	1.409060092E1
4.648000000E1	1.409251000E1
4.652000000E1	1.409581333E1
4.656000000E1	1.410855965E1
4.660000000E1	1.412519734E1
