
t/1	ANGLE/1
0.000000000E0	-1.052712839E2
4.000000000E-2	-1.052630421E2
8.000000000E-2	-1.052596792E2
1.200000000E-1	-1.052525095E2
1.600000000E-1	-1.052060987E2
2.000000000E-1	-1.049226459E2
2.400000000E-1	-1.043298762E2
2.800000000E-1	-1.036355099E2
3.200000000E-1	-1.031794316E2
3.600000000E-1	-1.022111333E2
4.000000000E-1	-1.009723638E2
4.400000000E-1	-1.000745776E2
4.800000000E-1	-9.999020444E1
5.200000000E-1	-1.015833398E2
5.600000000E-1	-1.051726868E2
6.000000000E-1	-1.096908973E2
6.400000000E-1	-1.149077328E2
6.800000000E-1	-1.206005282E2
7.200000000E-1	-1.261258564E2
7.600000000E-1	-1.305648836E2
8.000000000E-1	-1.337522371E2
8.400000000E-1	-1.348757084E2
8.800000000E-1	-1.332378205E2
9.200000000E-1	-1.294774737E2
9.600000000E-1	-1.254030958E2
1.000000000E0	-1.223249478E2
1.040000000E0	-1.202658679E2
1.080000000E0	-1.195324242E2
1.120000000E0	-1.195629398E2
1.160000000E0	-1.197453098E2
1.200000000E0	-1.204268172E2
1.240000000E0	-1.214168492E2
1.280000000E0	-1.222995333E2
1.320000000E0	-1.225099143E2
1.360000000E0	-1.225243188E2
1.400000000E0	-1.224189594E2
1.440000000E0	-1.226457307E2
1.480000000E0	-1.228759055E2
1.520000000E0	-1.231297813E2
1.560000000E0	-1.235291227E2
1.600000000E0	-1.243001203E2
1.640000000E0	-1.251744860E2
1.680000000E0	-1.268083572E2
1.720000000E0	-1.294076637E2
1.760000000E0	-1.328230863E2
1.800000000E0	-1.368788945E2
1.840000000E0	-1.413030939E2
1.880000000E0	-1.464420943E2
1.920000000E0	-1.523876801E2
1.960000000E0	-1.594346826E2
2.000000000E0	-1.649130954E2
2.040000000E0	-1.668156691E2
2.080000000E0	-1.632301089E2
2.120000000E0	-1.612713161E2
2.160000000E0	-1.618945855E2
2.200000000E0	-1.615650839E2
2.240000000E0	-1.614579488E2
2.280000000E0	-1.614339784E2
2.320000000E0	-1.613854155E2
2.360000000E0	-1.607965678E2
2.400000000E0	-1.601137462E2
2.440000000E0	-1.590339436E2
2.480000000E0	-1.577500353E2
2.520000000E0	-1.556714440E2
2.560000000E0	-1.537477056E2
2.600000000E0	-1.517551912E2
2.640000000E0	-1.490692988E2
2.680000000E0	-1.457351412E2
2.720000000E0	-1.430066334E2
2.760000000E0	-1.396276148E2
2.800000000E0	-1.361702646E2
2.840000000E0	-1.325342553E2
2.880000000E0	-1.288369331E2
2.920000000E0	-1.249027681E2
2.960000000E0	-1.207894111E2
3.000000000E0	-1.174715147E2
3.040000000E0	-1.158887604E2
3.080000000E0	-1.163331145E2
3.120000000E0	-1.181210925E2
3.160000000E0	-1.183127518E2
3.200000000E0	-1.175130063E2
3.240000000E0	-1.174367014E2
3.280000000E0	-1.170568611E2
3.320000000E0	-1.169386130E2
3.360000000E0	-1.168565379E2
3.400000000E0	-1.168422548E2
3.440000000E0	-1.169182208E2
3.480000000E0	-1.169721419E2
3.520000000E0	-1.169249540E2
3.560000000E0	-1.168298387E2
3.600000000E0	-1.167884910E2
3.640000000E0	-1.166978496E2
3.680000000E0	-1.167310466E2
3.720000000E0	-1.168059783E2
3.760000000E0	-1.169310235E2
3.800000000E0	-1.173712720E2
3.840000000E0	-1.184778545E2
3.880000000E0	-1.199399190E2
3.920000000E0	-1.219827579E2
3.960000000E0	-1.244694020E2
4.000000000E0	-1.271591081E2
4.040000000E0	-1.302254273E2
4.080000000E0	-1.332912556E2
4.120000000E0	-1.364545609E2
4.160000000E0	-1.395010272E2
4.200000000E0	-1.427096292E2
4.240000000E0	-1.467464628E2
4.280000000E0	-1.519208065E2
4.320000000E0	-1.589655167E2
4.360000000E0	-1.654268264E2
4.400000000E0	-1.660383046E2
4.440000000E0	-1.614512081E2
4.480000000E0	-1.606641193E2
4.520000000E0	-1.611412143E2
4.560000000E0	-1.605562907E2
4.600000000E0	-1.601832004E2
4.640000000E0	-1.599248363E2
4.680000000E0	-1.599673340E2
4.720000000E0	-1.592277258E2
4.760000000E0	-1.580626797E2
4.800000000E0	-1.564436919E2
4.840000000E0	-1.545325052E2
4.880000000E0	-1.522391721E2
4.920000000E0	-1.498555026E2
4.960000000E0	-1.473824078E2
5.000000000E0	-1.446893207E2
5.040000000E0	-1.421422434E2
5.080000000E0	-1.394578096E2
5.120000000E0	-1.373101080E2
5.160000000E0	-1.351485951E2
5.200000000E0	-1.337254600E2
5.240000000E0	-1.321379041E2
5.280000000E0	-1.306084348E2
5.320000000E0	-1.289255299E2
5.360000000E0	-1.268263437E2
5.400000000E0	-1.242475361E2
5.440000000E0	-1.220429926E2
5.480000000E0	-1.209990856E2
5.520000000E0	-1.206197374E2
5.560000000E0	-1.214526835E2
5.600000000E0	-1.224062061E2
5.640000000E0	-1.238711689E2
5.680000000E0	-1.252041136E2
5.720000000E0	-1.261845822E2
5.760000000E0	-1.264922985E2
5.800000000E0	-1.263227791E2
5.840000000E0	-1.260060277E2
5.880000000E0	-1.255574297E2
5.920000000E0	-1.254311187E2
5.960000000E0	-1.253602145E2
6.000000000E0	-1.254106488E2
6.040000000E0	-1.253763744E2
6.080000000E0	-1.252385731E2
6.120000000E0	-1.252606489E2
6.160000000E0	-1.250419585E2
6.200000000E0	-1.252439949E2
6.240000000E0	-1.259501987E2
6.280000000E0	-1.269392189E2
6.320000000E0	-1.291266334E2
6.360000000E0	-1.318508196E2
6.400000000E0	-1.351063568E2
6.440000000E0	-1.388843656E2
6.480000000E0	-1.436657440E2
6.520000000E0	-1.507271778E2
6.560000000E0	-1.593349478E2
6.600000000E0	-1.656569294E2
6.640000000E0	-1.658457626E2
6.680000000E0	-1.616619804E2
6.720000000E0	-1.619374131E2
6.760000000E0	-1.617813848E2
6.800000000E0	-1.611396722E2
6.840000000E0	-1.610013627E2
6.880000000E0	-1.612041104E2
6.920000000E0	-1.608907194E2
6.960000000E0	-1.602016862E2
7.000000000E0	-1.592376859E2
7.040000000E0	-1.573427022E2
7.080000000E0	-1.549787318E2
7.120000000E0	-1.524714450E2
7.160000000E0	-1.499599503E2
7.200000000E0	-1.474134227E2
7.240000000E0	-1.449363762E2
7.280000000E0	-1.424040771E2
7.320000000E0	-1.400554743E2
7.360000000E0	-1.375336302E2
7.400000000E0	-1.347516378E2
7.440000000E0	-1.318789859E2
7.480000000E0	-1.290994451E2
7.520000000E0	-1.261271456E2
7.560000000E0	-1.239553597E2
7.600000000E0	-1.219060502E2
7.640000000E0	-1.204646126E2
7.680000000E0	-1.196895168E2
7.720000000E0	-1.197829038E2
7.760000000E0	-1.198377544E2
7.800000000E0	-1.213424554E2
7.840000000E0	-1.228133496E2
7.880000000E0	-1.237001293E2
7.920000000E0	-1.238045807E2
7.960000000E0	-1.235551676E2
8.000000000E0	-1.236336120E2
8.040000000E0	-1.238085002E2
8.080000000E0	-1.239300459E2
8.120000000E0	-1.240996786E2
8.160000000E0	-1.247515913E2
8.200000000E0	-1.259617352E2
8.240000000E0	-1.276560578E2
8.280000000E0	-1.298169640E2
8.320000000E0	-1.325397772E2
8.360000000E0	-1.352886887E2
8.400000000E0	-1.379097402E2
8.440000000E0	-1.407035846E2
8.480000000E0	-1.432832682E2
8.520000000E0	-1.465191127E2
8.560000000E0	-1.512690522E2
8.600000000E0	-1.586206711E2
8.640000000E0	-1.648381991E2
8.680000000E0	-1.656430770E2
8.720000000E0	-1.621638554E2
8.760000000E0	-1.622756507E2
8.800000000E0	-1.627691552E2
8.840000000E0	-1.620457641E2
8.880000000E0	-1.618776113E2
8.920000000E0	-1.620039436E2
8.960000000E0	-1.618327233E2
9.000000000E0	-1.615602683E2
9.040000000E0	-1.611035272E2
9.080000000E0	-1.603821817E2
9.120000000E0	-1.592966363E2
9.160000000E0	-1.579820663E2
9.200000000E0	-1.559524149E2
9.240000000E0	-1.531878678E2
9.280000000E0	-1.507500612E2
9.320000000E0	-1.483781871E2
9.360000000E0	-1.458048526E2
9.400000000E0	-1.433464384E2
9.440000000E0	-1.408742499E2
9.480000000E0	-1.378663546E2
9.520000000E0	-1.350540146E2
9.560000000E0	-1.318223038E2
9.600000000E0	-1.287061968E2
9.640000000E0	-1.269047559E2
9.680000000E0	-1.266837127E2
9.720000000E0	-1.275528159E2
9.760000000E0	-1.276153050E2
9.800000000E0	-1.283026826E2
9.840000000E0	-1.292828431E2
9.880000000E0	-1.299676288E2
9.920000000E0	-1.303494813E2
9.960000000E0	-1.302567374E2
1.000000000E1	-1.299997803E2
1.004000000E1	-1.300473237E2
1.008000000E1	-1.300203229E2
1.012000000E1	-1.301957655E2
1.016000000E1	-1.303877739E2
1.020000000E1	-1.303243918E2
1.024000000E1	-1.305493983E2
1.028000000E1	-1.308296412E2
1.032000000E1	-1.314985388E2
1.036000000E1	-1.326480286E2
1.040000000E1	-1.346823878E2
1.044000000E1	-1.375522175E2
1.048000000E1	-1.407929476E2
1.052000000E1	-1.438773536E2
1.056000000E1	-1.465348809E2
1.060000000E1	-1.507135941E2
1.064000000E1	-1.570011458E2
1.068000000E1	-1.631878825E2
1.072000000E1	-1.655134493E2
1.076000000E1	-1.626857309E2
1.080000000E1	-1.609969751E2
1.084000000E1	-1.619466017E2
1.088000000E1	-1.617367725E2
1.092000000E1	-1.612967378E2
1.096000000E1	-1.613387362E2
1.100000000E1	-1.611753473E2
1.104000000E1	-1.607694497E2
1.108000000E1	-1.602610562E2
1.112000000E1	-1.593802001E2
1.116000000E1	-1.579448798E2
1.120000000E1	-1.558813218E2
1.124000000E1	-1.536412811E2
1.128000000E1	-1.510522550E2
1.132000000E1	-1.482112086E2
1.136000000E1	-1.454838669E2
1.140000000E1	-1.432960736E2
1.144000000E1	-1.412492557E2
1.148000000E1	-1.383049779E2
1.152000000E1	-1.354796637E2
1.156000000E1	-1.319612041E2
1.160000000E1	-1.291961781E2
1.164000000E1	-1.262479785E2
1.168000000E1	-1.235201412E2
1.172000000E1	-1.212507503E2
1.176000000E1	-1.194061367E2
1.180000000E1	-1.187966029E2
1.184000000E1	-1.193785428E2
1.188000000E1	-1.190966933E2
1.192000000E1	-1.195720968E2
1.196000000E1	-1.201207285E2
1.200000000E1	-1.204456289E2
1.204000000E1	-1.205073406E2
1.208000000E1	-1.203678475E2
1.212000000E1	-1.201761224E2
1.216000000E1	-1.200839100E2
1.220000000E1	-1.201110700E2
1.224000000E1	-1.202013416E2
1.228000000E1	-1.201245422E2
1.232000000E1	-1.202578283E2
1.236000000E1	-1.210243785E2
1.240000000E1	-1.226570807E2
1.244000000E1	-1.253731375E2
1.248000000E1	-1.287087868E2
1.252000000E1	-1.331689331E2
1.256000000E1	-1.384063418E2
1.260000000E1	-1.444760017E2
1.264000000E1	-1.515053655E2
1.268000000E1	-1.593293160E2
1.272000000E1	-1.639865993E2
1.276000000E1	-1.645870984E2
1.280000000E1	-1.612308764E2
1.284000000E1	-1.606351128E2
1.288000000E1	-1.616307046E2
1.292000000E1	-1.614246976E2
1.296000000E1	-1.609531896E2
1.300000000E1	-1.612860800E2
1.304000000E1	-1.609565432E2
1.308000000E1	-1.605380673E2
1.312000000E1	-1.601525976E2
1.316000000E1	-1.592933253E2
1.320000000E1	-1.579409197E2
1.324000000E1	-1.564600446E2
1.328000000E1	-1.547037940E2
1.332000000E1	-1.521328679E2
1.336000000E1	-1.494990106E2
1.340000000E1	-1.466920701E2
1.344000000E1	-1.440376819E2
1.348000000E1	-1.412631774E2
1.352000000E1	-1.379891915E2
1.356000000E1	-1.342109853E2
1.360000000E1	-1.301505930E2
1.364000000E1	-1.266315536E2
1.368000000E1	-1.237909870E2
1.372000000E1	-1.212067091E2
1.376000000E1	-1.186979734E2
1.380000000E1	-1.163882149E2
1.384000000E1	-1.146163528E2
1.388000000E1	-1.131493558E2
1.392000000E1	-1.119928322E2
1.396000000E1	-1.115765151E2
1.400000000E1	-1.125883671E2
1.404000000E1	-1.146608106E2
1.408000000E1	-1.149129289E2
1.412000000E1	-1.156858310E2
1.416000000E1	-1.165148327E2
1.420000000E1	-1.167354820E2
1.424000000E1	-1.168180182E2
1.428000000E1	-1.169434069E2
1.432000000E1	-1.171409952E2
1.436000000E1	-1.176611574E2
1.440000000E1	-1.186281358E2
1.444000000E1	-1.200465028E2
1.448000000E1	-1.217545473E2
1.452000000E1	-1.237781744E2
1.456000000E1	-1.262062020E2
1.460000000E1	-1.291988234E2
1.464000000E1	-1.328951083E2
1.468000000E1	-1.369554320E2
1.472000000E1	-1.425487511E2
1.476000000E1	-1.496778771E2
1.480000000E1	-1.580594463E2
1.484000000E1	-1.641634021E2
1.488000000E1	-1.656690255E2
1.492000000E1	-1.624528387E2
1.496000000E1	-1.613223146E2
1.500000000E1	-1.620989033E2
1.504000000E1	-1.617503927E2
1.508000000E1	-1.613539709E2
1.512000000E1	-1.611561737E2
1.516000000E1	-1.610357197E2
1.520000000E1	-1.606946438E2
1.524000000E1	-1.600536538E2
1.528000000E1	-1.592102875E2
1.532000000E1	-1.578973997E2
1.536000000E1	-1.561128384E2
1.540000000E1	-1.537539004E2
1.544000000E1	-1.508825810E2
1.548000000E1	-1.480232657E2
1.552000000E1	-1.448491616E2
1.556000000E1	-1.414936351E2
1.560000000E1	-1.383203708E2
1.564000000E1	-1.353529704E2
1.568000000E1	-1.326895855E2
1.572000000E1	-1.302038396E2
1.576000000E1	-1.281470370E2
1.580000000E1	-1.264726442E2
1.584000000E1	-1.248989983E2
1.588000000E1	-1.232146837E2
1.592000000E1	-1.216754606E2
1.596000000E1	-1.204722624E2
1.600000000E1	-1.195399577E2
1.604000000E1	-1.194916318E2
1.608000000E1	-1.191665907E2
1.612000000E1	-1.191761443E2
1.616000000E1	-1.200016225E2
1.620000000E1	-1.208446118E2
1.624000000E1	-1.217723639E2
1.628000000E1	-1.223659504E2
1.632000000E1	-1.227013167E2
1.636000000E1	-1.229434107E2
1.640000000E1	-1.230987200E2
1.644000000E1	-1.232827243E2
1.648000000E1	-1.237319299E2
1.652000000E1	-1.242202073E2
1.656000000E1	-1.253787343E2
1.660000000E1	-1.270217730E2
1.664000000E1	-1.288316615E2
1.668000000E1	-1.310397652E2
1.672000000E1	-1.341446081E2
1.676000000E1	-1.380655844E2
1.680000000E1	-1.428542417E2
1.684000000E1	-1.486858763E2
1.688000000E1	-1.553392752E2
1.692000000E1	-1.607995918E2
1.696000000E1	-1.634132402E2
1.700000000E1	-1.627386029E2
1.704000000E1	-1.606386292E2
1.708000000E1	-1.609934099E2
1.712000000E1	-1.609687081E2
1.716000000E1	-1.604845665E2
1.720000000E1	-1.602453377E2
1.724000000E1	-1.602907522E2
1.728000000E1	-1.598866987E2
1.732000000E1	-1.590905654E2
1.736000000E1	-1.580322197E2
1.740000000E1	-1.568347803E2
1.744000000E1	-1.555389624E2
1.748000000E1	-1.535180384E2
1.752000000E1	-1.514739942E2
1.756000000E1	-1.490077807E2
1.760000000E1	-1.466772260E2
1.764000000E1	-1.439474567E2
1.768000000E1	-1.411781061E2
1.772000000E1	-1.380433426E2
1.776000000E1	-1.349572909E2
1.780000000E1	-1.321018872E2
1.784000000E1	-1.291401976E2
1.788000000E1	-1.264742208E2
1.792000000E1	-1.240753797E2
1.796000000E1	-1.220506848E2
1.800000000E1	-1.198272757E2
1.804000000E1	-1.177625697E2
1.808000000E1	-1.156264826E2
1.812000000E1	-1.137235375E2
1.816000000E1	-1.124503605E2
1.820000000E1	-1.113995091E2
1.824000000E1	-1.105488313E2
1.828000000E1	-1.102985976E2
1.832000000E1	-1.112186292E2
1.836000000E1	-1.129969074E2
1.840000000E1	-1.137685819E2
1.844000000E1	-1.136283715E2
1.848000000E1	-1.142288531E2
1.852000000E1	-1.145808974E2
1.856000000E1	-1.150875810E2
1.860000000E1	-1.159044418E2
1.864000000E1	-1.167116933E2
1.868000000E1	-1.178993577E2
1.872000000E1	-1.196091491E2
1.876000000E1	-1.223471643E2
1.880000000E1	-1.261275850E2
1.884000000E1	-1.308207684E2
1.888000000E1	-1.359459733E2
1.892000000E1	-1.415406706E2
1.896000000E1	-1.473551302E2
1.900000000E1	-1.535455354E2
1.904000000E1	-1.598798621E2
1.908000000E1	-1.642924786E2
1.912000000E1	-1.643922164E2
1.916000000E1	-1.603844198E2
1.920000000E1	-1.601104627E2
1.924000000E1	-1.605565365E2
1.928000000E1	-1.600686449E2
1.932000000E1	-1.596383589E2
1.936000000E1	-1.597055578E2
1.940000000E1	-1.593102672E2
1.944000000E1	-1.580143547E2
1.948000000E1	-1.569373775E2
1.952000000E1	-1.550844745E2
1.956000000E1	-1.526807532E2
1.960000000E1	-1.499124857E2
1.964000000E1	-1.468142427E2
1.968000000E1	-1.437809254E2
1.972000000E1	-1.410202026E2
1.976000000E1	-1.383683439E2
1.980000000E1	-1.352359960E2
1.984000000E1	-1.323466227E2
1.988000000E1	-1.294232071E2
1.992000000E1	-1.267467893E2
1.996000000E1	-1.242716140E2
2.000000000E1	-1.217794215E2
2.004000000E1	-1.193456430E2
2.008000000E1	-1.175105469E2
2.012000000E1	-1.155730432E2
2.016000000E1	-1.134785150E2
2.020000000E1	-1.115726074E2
2.024000000E1	-1.099993941E2
2.028000000E1	-1.088347942E2
2.032000000E1	-1.083567842E2
2.036000000E1	-1.087373145E2
2.040000000E1	-1.095326104E2
2.044000000E1	-1.098348453E2
2.048000000E1	-1.094944375E2
2.052000000E1	-1.097962009E2
2.056000000E1	-1.100199023E2
2.060000000E1	-1.104135683E2
2.064000000E1	-1.107048996E2
2.068000000E1	-1.113396170E2
2.072000000E1	-1.121115002E2
2.076000000E1	-1.134489997E2
2.080000000E1	-1.154446859E2
2.084000000E1	-1.181961344E2
2.088000000E1	-1.218062225E2
2.092000000E1	-1.263972544E2
2.096000000E1	-1.315562571E2
2.100000000E1	-1.371570682E2
2.104000000E1	-1.429797327E2
2.108000000E1	-1.487471176E2
2.112000000E1	-1.541678659E2
2.116000000E1	-1.595401877E2
2.120000000E1	-1.630833291E2
2.124000000E1	-1.622330682E2
2.128000000E1	-1.591692851E2
2.132000000E1	-1.590388659E2
2.136000000E1	-1.587657384E2
2.140000000E1	-1.578854675E2
2.144000000E1	-1.572172131E2
2.148000000E1	-1.566274213E2
2.152000000E1	-1.555742461E2
2.156000000E1	-1.542256877E2
2.160000000E1	-1.526212131E2
2.164000000E1	-1.507701020E2
2.168000000E1	-1.486717653E2
2.172000000E1	-1.463127724E2
2.176000000E1	-1.439624207E2
2.180000000E1	-1.413789702E2
2.184000000E1	-1.387123277E2
2.188000000E1	-1.358062305E2
2.192000000E1	-1.324599357E2
2.196000000E1	-1.289745586E2
2.200000000E1	-1.254992853E2
2.204000000E1	-1.226651987E2
2.208000000E1	-1.199251103E2
2.212000000E1	-1.176122598E2
2.216000000E1	-1.152247620E2
2.220000000E1	-1.132056202E2
2.224000000E1	-1.114151329E2
2.228000000E1	-1.100618527E2
2.232000000E1	-1.090359563E2
2.236000000E1	-1.088307505E2
2.240000000E1	-1.093326901E2
2.244000000E1	-1.104317499E2
2.248000000E1	-1.103851163E2
2.252000000E1	-1.108173911E2
2.256000000E1	-1.115884612E2
2.260000000E1	-1.120366938E2
2.264000000E1	-1.124890706E2
2.268000000E1	-1.129811727E2
2.272000000E1	-1.131863869E2
2.276000000E1	-1.137150811E2
2.280000000E1	-1.140020267E2
2.284000000E1	-1.143987132E2
2.288000000E1	-1.149663308E2
2.292000000E1	-1.160659473E2
2.296000000E1	-1.175215593E2
2.300000000E1	-1.197379056E2
2.304000000E1	-1.229064437E2
2.308000000E1	-1.268896542E2
2.312000000E1	-1.312109128E2
2.316000000E1	-1.363762057E2
2.320000000E1	-1.422956234E2
2.324000000E1	-1.493342297E2
2.328000000E1	-1.556417864E2
2.332000000E1	-1.601455335E2
2.336000000E1	-1.610452779E2
2.340000000E1	-1.585155849E2
2.344000000E1	-1.562917133E2
2.348000000E1	-1.560712949E2
2.352000000E1	-1.553037166E2
2.356000000E1	-1.540275127E2
2.360000000E1	-1.529217262E2
2.364000000E1	-1.514338074E2
2.368000000E1	-1.490818739E2
2.372000000E1	-1.463825374E2
2.376000000E1	-1.433007073E2
2.380000000E1	-1.405295661E2
2.384000000E1	-1.374366566E2
2.388000000E1	-1.344935914E2
2.392000000E1	-1.316185841E2
2.396000000E1	-1.283398973E2
2.400000000E1	-1.253080429E2
2.404000000E1	-1.224316757E2
2.408000000E1	-1.197449560E2
2.412000000E1	-1.173978258E2
2.416000000E1	-1.154040150E2
2.420000000E1	-1.137080299E2
2.424000000E1	-1.124384667E2
2.428000000E1	-1.112966357E2
2.432000000E1	-1.102462113E2
2.436000000E1	-1.095487884E2
2.440000000E1	-1.090615664E2
2.444000000E1	-1.090123294E2
2.448000000E1	-1.097508716E2
2.452000000E1	-1.106094979E2
2.456000000E1	-1.105742132E2
2.460000000E1	-1.106495522E2
2.464000000E1	-1.109703827E2
2.468000000E1	-1.114466763E2
2.472000000E1	-1.121250132E2
2.476000000E1	-1.125092583E2
2.480000000E1	-1.135838199E2
2.484000000E1	-1.145623505E2
2.488000000E1	-1.163001149E2
2.492000000E1	-1.187747858E2
2.496000000E1	-1.223411976E2
2.500000000E1	-1.268157712E2
2.504000000E1	-1.318278357E2
2.508000000E1	-1.368143889E2
2.512000000E1	-1.423446803E2
2.516000000E1	-1.486528891E2
2.520000000E1	-1.554079821E2
2.524000000E1	-1.608019434E2
2.528000000E1	-1.635347716E2
2.532000000E1	-1.615337839E2
2.536000000E1	-1.588614764E2
2.540000000E1	-1.592085193E2
2.544000000E1	-1.591732754E2
2.548000000E1	-1.583090790E2
2.552000000E1	-1.579111642E2
2.556000000E1	-1.573159754E2
2.560000000E1	-1.560011333E2
2.564000000E1	-1.543042240E2
2.568000000E1	-1.521425942E2
2.572000000E1	-1.493050537E2
2.576000000E1	-1.466356462E2
2.580000000E1	-1.443205075E2
2.584000000E1	-1.417863121E2
2.588000000E1	-1.387870636E2
2.592000000E1	-1.359744691E2
2.596000000E1	-1.331494988E2
2.600000000E1	-1.304796033E2
2.604000000E1	-1.277685361E2
2.608000000E1	-1.251660774E2
2.612000000E1	-1.223346071E2
2.616000000E1	-1.190873903E2
2.620000000E1	-1.162505906E2
2.624000000E1	-1.141005388E2
2.628000000E1	-1.127348134E2
2.632000000E1	-1.120930716E2
2.636000000E1	-1.118319313E2
2.640000000E1	-1.131082477E2
2.644000000E1	-1.143485597E2
2.648000000E1	-1.150898210E2
2.652000000E1	-1.150817615E2
2.656000000E1	-1.145611490E2
2.660000000E1	-1.140561774E2
2.664000000E1	-1.141268781E2
2.668000000E1	-1.141558663E2
2.672000000E1	-1.143710795E2
2.676000000E1	-1.144916775E2
2.680000000E1	-1.149503718E2
2.684000000E1	-1.159523897E2
2.688000000E1	-1.170292835E2
2.692000000E1	-1.184831223E2
2.696000000E1	-1.203891146E2
2.700000000E1	-1.236891402E2
2.704000000E1	-1.284336506E2
2.708000000E1	-1.341439776E2
2.712000000E1	-1.408972659E2
2.716000000E1	-1.497396887E2
2.720000000E1	-1.591148672E2
2.724000000E1	-1.639937343E2
2.728000000E1	-1.623381707E2
2.732000000E1	-1.582098608E2
2.736000000E1	-1.592611682E2
2.740000000E1	-1.588992860E2
2.744000000E1	-1.576802683E2
2.748000000E1	-1.574195242E2
2.752000000E1	-1.569938906E2
2.756000000E1	-1.557206715E2
2.760000000E1	-1.538489454E2
2.764000000E1	-1.513725776E2
2.768000000E1	-1.481935476E2
2.772000000E1	-1.450723572E2
2.776000000E1	-1.422346712E2
2.780000000E1	-1.397526951E2
2.784000000E1	-1.375291393E2
2.788000000E1	-1.352396198E2
2.792000000E1	-1.328937509E2
2.796000000E1	-1.301776794E2
2.800000000E1	-1.266328595E2
2.804000000E1	-1.232604545E2
2.808000000E1	-1.199615425E2
2.812000000E1	-1.165953354E2
2.816000000E1	-1.132278082E2
2.820000000E1	-1.104977972E2
2.824000000E1	-1.082086096E2
2.828000000E1	-1.066854238E2
2.832000000E1	-1.056389839E2
2.836000000E1	-1.051488707E2
2.840000000E1	-1.054663902E2
2.844000000E1	-1.056723853E2
2.848000000E1	-1.057624856E2
2.852000000E1	-1.053581629E2
2.856000000E1	-1.053312507E2
2.860000000E1	-1.054723765E2
2.864000000E1	-1.057855756E2
2.868000000E1	-1.061641498E2
2.872000000E1	-1.065566735E2
2.876000000E1	-1.072464989E2
2.880000000E1	-1.082902352E2
2.884000000E1	-1.102093961E2
2.888000000E1	-1.130747090E2
2.892000000E1	-1.173919250E2
2.896000000E1	-1.225290324E2
2.900000000E1	-1.273429126E2
2.904000000E1	-1.316543390E2
2.908000000E1	-1.367745162E2
2.912000000E1	-1.427205271E2
2.916000000E1	-1.501425369E2
2.920000000E1	-1.586613658E2
2.924000000E1	-1.630755041E2
2.928000000E1	-1.610197982E2
2.932000000E1	-1.565646702E2
2.936000000E1	-1.564732194E2
2.940000000E1	-1.561532556E2
2.944000000E1	-1.552632821E2
2.948000000E1	-1.544965942E2
2.952000000E1	-1.533442980E2
2.956000000E1	-1.515602348E2
2.960000000E1	-1.489122834E2
2.964000000E1	-1.455814279E2
2.968000000E1	-1.420206835E2
2.972000000E1	-1.385944908E2
2.976000000E1	-1.355002369E2
2.980000000E1	-1.320415620E2
2.984000000E1	-1.283095251E2
2.988000000E1	-1.246559359E2
2.992000000E1	-1.212275502E2
2.996000000E1	-1.178431089E2
3.000000000E1	-1.144632027E2
3.004000000E1	-1.117128182E2
3.008000000E1	-1.093331419E2
3.012000000E1	-1.076304214E2
3.016000000E1	-1.062247870E2
3.020000000E1	-1.055191257E2
3.024000000E1	-1.055233223E2
3.028000000E1	-1.066571819E2
3.032000000E1	-1.088788557E2
3.036000000E1	-1.109781536E2
3.040000000E1	-1.103317396E2
3.044000000E1	-1.108790069E2
3.048000000E1	-1.115037086E2
3.052000000E1	-1.120598591E2
3.056000000E1	-1.124533266E2
3.060000000E1	-1.123147004E2
3.064000000E1	-1.122556940E2
3.068000000E1	-1.122205473E2
3.072000000E1	-1.123063774E2
3.076000000E1	-1.125706331E2
3.080000000E1	-1.133065926E2
3.084000000E1	-1.142708191E2
3.088000000E1	-1.154918831E2
3.092000000E1	-1.174372064E2
3.096000000E1	-1.202336823E2
3.100000000E1	-1.234408847E2
3.104000000E1	-1.275872923E2
3.108000000E1	-1.322852345E2
3.112000000E1	-1.376694479E2
3.116000000E1	-1.437304585E2
3.120000000E1	-1.510252067E2
3.124000000E1	-1.581984203E2
3.128000000E1	-1.614088712E2
3.132000000E1	-1.591600817E2
3.136000000E1	-1.560457192E2
3.140000000E1	-1.561636713E2
3.144000000E1	-1.554355389E2
3.148000000E1	-1.535102919E2
3.152000000E1	-1.519121866E2
3.156000000E1	-1.500752252E2
3.160000000E1	-1.477396652E2
3.164000000E1	-1.448474219E2
3.168000000E1	-1.416365649E2
3.172000000E1	-1.383740765E2
3.176000000E1	-1.346124141E2
3.180000000E1	-1.308366203E2
3.184000000E1	-1.275654501E2
3.188000000E1	-1.244813376E2
3.192000000E1	-1.218232941E2
3.196000000E1	-1.192588238E2
3.200000000E1	-1.171011020E2
3.204000000E1	-1.153922997E2
3.208000000E1	-1.135442876E2
3.212000000E1	-1.125485157E2
3.216000000E1	-1.130109094E2
3.220000000E1	-1.126236014E2
3.224000000E1	-1.147134024E2
3.228000000E1	-1.167410376E2
3.232000000E1	-1.181800559E2
3.236000000E1	-1.184314335E2
3.240000000E1	-1.178338738E2
3.244000000E1	-1.173415574E2
3.248000000E1	-1.170997296E2
3.252000000E1	-1.172693319E2
3.256000000E1	-1.174357612E2
3.260000000E1	-1.175146571E2
3.264000000E1	-1.175150749E2
3.268000000E1	-1.172564730E2
3.272000000E1	-1.173455217E2
3.276000000E1	-1.173931454E2
3.280000000E1	-1.180780526E2
3.284000000E1	-1.194771171E2
3.288000000E1	-1.224939364E2
3.292000000E1	-1.265535210E2
3.296000000E1	-1.314314841E2
3.300000000E1	-1.365273788E2
3.304000000E1	-1.421885692E2
3.308000000E1	-1.505786003E2
3.312000000E1	-1.592313773E2
3.316000000E1	-1.629150031E2
3.320000000E1	-1.592628312E2
3.324000000E1	-1.558989367E2
3.328000000E1	-1.571674230E2
3.332000000E1	-1.567197961E2
3.336000000E1	-1.559230086E2
3.340000000E1	-1.560643753E2
3.344000000E1	-1.557748529E2
3.348000000E1	-1.548999843E2
3.352000000E1	-1.536527430E2
3.356000000E1	-1.523225706E2
3.360000000E1	-1.501017957E2
3.364000000E1	-1.477492664E2
3.368000000E1	-1.445788193E2
3.372000000E1	-1.417941116E2
3.376000000E1	-1.392006909E2
3.380000000E1	-1.360471728E2
3.384000000E1	-1.327861992E2
3.388000000E1	-1.298163238E2
3.392000000E1	-1.271254632E2
3.396000000E1	-1.245779216E2
3.400000000E1	-1.216853523E2
3.404000000E1	-1.189757943E2
3.408000000E1	-1.164892095E2
3.412000000E1	-1.146432083E2
3.416000000E1	-1.133853573E2
3.420000000E1	-1.132792975E2
3.424000000E1	-1.135091516E2
3.428000000E1	-1.140717579E2
3.432000000E1	-1.155542725E2
3.436000000E1	-1.166207966E2
3.440000000E1	-1.167476990E2
3.444000000E1	-1.162008572E2
3.448000000E1	-1.157249747E2
3.452000000E1	-1.155007102E2
3.456000000E1	-1.151610817E2
3.460000000E1	-1.149594601E2
3.464000000E1	-1.149322680E2
3.468000000E1	-1.147885512E2
3.472000000E1	-1.149167651E2
3.476000000E1	-1.146920175E2
3.480000000E1	-1.140866821E2
3.484000000E1	-1.142466717E2
3.488000000E1	-1.148415100E2
3.492000000E1	-1.164753622E2
3.496000000E1	-1.192808519E2
3.500000000E1	-1.234851183E2
3.504000000E1	-1.299256542E2
3.508000000E1	-1.386383905E2
3.512000000E1	-1.489864699E2
3.516000000E1	-1.588419411E2
3.520000000E1	-1.627974095E2
3.524000000E1	-1.598393110E2
3.528000000E1	-1.564732645E2
3.532000000E1	-1.573493222E2
3.536000000E1	-1.573183657E2
3.540000000E1	-1.563877422E2
3.544000000E1	-1.557749768E2
3.548000000E1	-1.553831235E2
3.552000000E1	-1.545360822E2
3.556000000E1	-1.530089108E2
3.560000000E1	-1.515549428E2
3.564000000E1	-1.500230343E2
3.568000000E1	-1.482988454E2
3.572000000E1	-1.463147664E2
3.576000000E1	-1.445955739E2
3.580000000E1	-1.423927950E2
3.584000000E1	-1.402886643E2
3.588000000E1	-1.384414055E2
3.592000000E1	-1.363928311E2
3.596000000E1	-1.346352685E2
3.600000000E1	-1.329036675E2
3.604000000E1	-1.308784486E2
3.608000000E1	-1.285294273E2
3.612000000E1	-1.263578484E2
3.616000000E1	-1.242021164E2
3.620000000E1	-1.220132035E2
3.624000000E1	-1.197654607E2
3.628000000E1	-1.175092387E2
3.632000000E1	-1.150715437E2
3.636000000E1	-1.127457108E2
3.640000000E1	-1.106082886E2
3.644000000E1	-1.088665465E2
3.648000000E1	-1.074249173E2
3.652000000E1	-1.065627758E2
3.656000000E1	-1.059385885E2
3.660000000E1	-1.062428579E2
3.664000000E1	-1.065034175E2
3.668000000E1	-1.055690201E2
3.672000000E1	-1.059897091E2
3.676000000E1	-1.061916992E2
3.680000000E1	-1.063540808E2
3.684000000E1	-1.064167330E2
3.688000000E1	-1.062275242E2
3.692000000E1	-1.058746547E2
3.696000000E1	-1.051344436E2
3.700000000E1	-1.038265803E2
3.704000000E1	-1.022990406E2
3.708000000E1	-1.003357080E2
3.712000000E1	-9.835339274E1
3.716000000E1	-9.639851780E1
3.720000000E1	-9.468936802E1
3.724000000E1	-9.317944879E1
3.728000000E1	-9.195443608E1
3.732000000E1	-9.083753886E1
3.736000000E1	-9.023019867E1
3.740000000E1	-9.003530629E1
3.744000000E1	-9.061178573E1
3.748000000E1	-9.217361303E1
3.752000000E1	-9.530668080E1
3.756000000E1	-9.738512351E1
3.760000000E1	-9.740146904E1
3.764000000E1	-9.884809673E1
3.768000000E1	-9.910888310E1
3.772000000E1	-9.938778313E1
3.776000000E1	-9.955339173E1
3.780000000E1	-1.000274901E2
3.784000000E1	-1.001348315E2
3.788000000E1	-1.002656335E2
