
t/1	ANGLE/1
0.000000000E0	7.153290931E0
4.000000000E-2	7.153069377E0
8.000000000E-2	7.152804156E0
1.200000000E-1	7.151161503E0
1.600000000E-1	7.166202481E0
2.000000000E-1	7.180731358E0
2.400000000E-1	7.202974860E0
2.800000000E-1	7.315765024E0
3.200000000E-1	7.667630480E0
3.600000000E-1	8.016761265E0
4.000000000E-1	8.682486699E0
4.400000000E-1	9.913018448E0
4.800000000E-1	1.186033691E1
5.200000000E-1	1.481124073E1
5.600000000E-1	1.873455469E1
6.000000000E-1	2.319268022E1
6.400000000E-1	2.800028968E1
6.800000000E-1	3.301628706E1
7.200000000E-1	3.788715572E1
7.600000000E-1	4.222072910E1
8.000000000E-1	4.569291692E1
8.400000000E-1	4.780260109E1
8.800000000E-1	4.797823509E1
9.200000000E-1	4.680952600E1
9.600000000E-1	4.497492076E1
1.000000000E0	4.317996171E1
1.040000000E0	4.165062494E1
1.080000000E0	4.024112935E1
1.120000000E0	3.890885106E1
1.160000000E0	3.815890293E1
1.200000000E0	3.812176414E1
1.240000000E0	3.830835169E1
1.280000000E0	3.864481750E1
1.320000000E0	3.887740250E1
1.360000000E0	3.893186529E1
1.400000000E0	3.899040681E1
1.440000000E0	3.912621874E1
1.480000000E0	3.923434296E1
1.520000000E0	3.946051957E1
1.560000000E0	3.975034432E1
1.600000000E0	4.040436025E1
1.640000000E0	4.136379708E1
1.680000000E0	4.295949069E1
1.720000000E0	4.531991782E1
1.760000000E0	4.866941256E1
1.800000000E0	5.303588188E1
1.840000000E0	5.852831645E1
1.880000000E0	6.545644727E1
1.920000000E0	7.346474031E1
1.960000000E0	8.236740609E1
2.000000000E0	9.016705316E1
2.040000000E0	9.556963642E1
2.080000000E0	9.756046661E1
2.120000000E0	1.000121287E2
2.160000000E0	1.015618960E2
2.200000000E0	1.018117661E2
2.240000000E0	1.018389777E2
2.280000000E0	1.013124511E2
2.320000000E0	1.002043811E2
2.360000000E0	9.845914492E1
2.400000000E0	9.654052580E1
2.440000000E0	9.437050465E1
2.480000000E0	9.190305825E1
2.520000000E0	8.892684842E1
2.560000000E0	8.593484803E1
2.600000000E0	8.273024268E1
2.640000000E0	7.904408779E1
2.680000000E0	7.469987814E1
2.720000000E0	7.089167060E1
2.760000000E0	6.650017672E1
2.800000000E0	6.203902994E1
2.840000000E0	5.752904913E1
2.880000000E0	5.292263913E1
2.920000000E0	4.810748620E1
2.960000000E0	4.327168145E1
3.000000000E0	3.935675832E1
3.040000000E0	3.676121495E1
3.080000000E0	3.576307704E1
3.120000000E0	3.566372372E1
3.160000000E0	3.575719783E1
3.200000000E0	3.577370729E1
3.240000000E0	3.592766363E1
3.280000000E0	3.602146664E1
3.320000000E0	3.617667858E1
3.360000000E0	3.622085594E1
3.400000000E0	3.620016557E1
3.440000000E0	3.618850400E1
3.480000000E0	3.621002543E1
3.520000000E0	3.624877616E1
3.560000000E0	3.632700356E1
3.600000000E0	3.642488371E1
3.640000000E0	3.649885096E1
3.680000000E0	3.647852782E1
3.720000000E0	3.647886595E1
3.760000000E0	3.676446134E1
3.800000000E0	3.727443863E1
3.840000000E0	3.821617611E1
3.880000000E0	3.942601936E1
3.920000000E0	4.100286838E1
3.960000000E0	4.313404938E1
4.000000000E0	4.569373562E1
4.040000000E0	4.879706446E1
4.080000000E0	5.218002603E1
4.120000000E0	5.597276231E1
4.160000000E0	6.003358909E1
4.200000000E0	6.464459522E1
4.240000000E0	7.048760259E1
4.280000000E0	7.777674091E1
4.320000000E0	8.674641043E1
4.360000000E0	9.545649328E1
4.400000000E0	1.000626986E2
4.440000000E0	1.009906003E2
4.480000000E0	1.034493588E2
4.520000000E0	1.045033667E2
4.560000000E0	1.044018849E2
4.600000000E0	1.039048931E2
4.640000000E0	1.029676355E2
4.680000000E0	1.015270648E2
4.720000000E0	9.927412818E1
4.760000000E0	9.670828838E1
4.800000000E0	9.384993675E1
4.840000000E0	9.085757266E1
4.880000000E0	8.759462283E1
4.920000000E0	8.417757382E1
4.960000000E0	8.066144047E1
5.000000000E0	7.698522124E1
5.040000000E0	7.327683445E1
5.080000000E0	6.949449986E1
5.120000000E0	6.608072847E1
5.160000000E0	6.266772272E1
5.200000000E0	5.973563835E1
5.240000000E0	5.688180082E1
5.280000000E0	5.427839531E1
5.320000000E0	5.201783110E1
5.360000000E0	4.987384480E1
5.400000000E0	4.762173774E1
5.440000000E0	4.569985553E1
5.480000000E0	4.421887912E1
5.520000000E0	4.316838495E1
5.560000000E0	4.253389836E1
5.600000000E0	4.250530044E1
5.640000000E0	4.303450079E1
5.680000000E0	4.365168877E1
5.720000000E0	4.421103668E1
5.760000000E0	4.452676221E1
5.800000000E0	4.450229387E1
5.840000000E0	4.432473422E1
5.880000000E0	4.406266622E1
5.920000000E0	4.401627970E1
5.960000000E0	4.399338754E1
6.000000000E0	4.398856403E1
6.040000000E0	4.397585180E1
6.080000000E0	4.392794617E1
6.120000000E0	4.403014334E1
6.160000000E0	4.409115837E1
6.200000000E0	4.463437919E1
6.240000000E0	4.560553715E1
6.280000000E0	4.711345602E1
6.320000000E0	4.939568440E1
6.360000000E0	5.242645157E1
6.400000000E0	5.618188406E1
6.440000000E0	6.082478213E1
6.480000000E0	6.660701499E1
6.520000000E0	7.398169204E1
6.560000000E0	8.237231953E1
6.600000000E0	8.928437901E1
6.640000000E0	9.265970159E1
6.680000000E0	9.409399887E1
6.720000000E0	9.716403702E1
6.760000000E0	9.804087905E1
6.800000000E0	9.817184744E1
6.840000000E0	9.812975267E1
6.880000000E0	9.768907591E1
6.920000000E0	9.668133910E1
6.960000000E0	9.545004942E1
7.000000000E0	9.407946306E1
7.040000000E0	9.211130047E1
7.080000000E0	8.987143620E1
7.120000000E0	8.735631307E1
7.160000000E0	8.464656019E1
7.200000000E0	8.164538495E1
7.240000000E0	7.845330618E1
7.280000000E0	7.517776133E1
7.320000000E0	7.198318554E1
7.360000000E0	6.853660274E1
7.400000000E0	6.507713031E1
7.440000000E0	6.145742803E1
7.480000000E0	5.811575188E1
7.520000000E0	5.496288336E1
7.560000000E0	5.194176567E1
7.600000000E0	4.887227042E1
7.640000000E0	4.610142112E1
7.680000000E0	4.375783925E1
7.720000000E0	4.224255711E1
7.760000000E0	4.185352869E1
7.800000000E0	4.210093658E1
7.840000000E0	4.256732380E1
7.880000000E0	4.301141559E1
7.920000000E0	4.311480561E1
7.960000000E0	4.300230556E1
8.000000000E0	4.296068172E1
8.040000000E0	4.298244799E1
8.080000000E0	4.298800268E1
8.120000000E0	4.321439771E1
8.160000000E0	4.389442544E1
8.200000000E0	4.500713884E1
8.240000000E0	4.661342410E1
8.280000000E0	4.879487295E1
8.320000000E0	5.160803830E1
8.360000000E0	5.491313943E1
8.400000000E0	5.854370265E1
8.440000000E0	6.253248730E1
8.480000000E0	6.667233240E1
8.520000000E0	7.171696785E1
8.560000000E0	7.818930206E1
8.600000000E0	8.582683680E1
8.640000000E0	9.241084453E1
8.680000000E0	9.529213688E1
8.720000000E0	9.573633322E1
8.760000000E0	9.835565466E1
8.800000000E0	9.967760042E1
8.840000000E0	9.966952476E1
8.880000000E0	9.933891202E1
8.920000000E0	9.880515987E1
8.960000000E0	9.782467999E1
9.000000000E0	9.668104573E1
9.040000000E0	9.545874495E1
9.080000000E0	9.389299928E1
9.120000000E0	9.210528536E1
9.160000000E0	9.009957406E1
9.200000000E0	8.764835840E1
9.240000000E0	8.481860380E1
9.280000000E0	8.203306612E1
9.320000000E0	7.915504547E1
9.360000000E0	7.587313697E1
9.400000000E0	7.258963536E1
9.440000000E0	6.926411901E1
9.480000000E0	6.541142392E1
9.520000000E0	6.179771153E1
9.560000000E0	5.789760691E1
9.600000000E0	5.421835116E1
9.640000000E0	5.110809709E1
9.680000000E0	4.889151423E1
9.720000000E0	4.754683177E1
9.760000000E0	4.690837603E1
9.800000000E0	4.679322019E1
9.840000000E0	4.695191146E1
9.880000000E0	4.716084068E1
9.920000000E0	4.721051803E1
9.960000000E0	4.711983138E1
1.000000000E1	4.692950533E1
1.004000000E1	4.676144523E1
1.008000000E1	4.658844327E1
1.012000000E1	4.654142906E1
1.016000000E1	4.676257927E1
1.020000000E1	4.695603207E1
1.024000000E1	4.730324293E1
1.028000000E1	4.779571497E1
1.032000000E1	4.875761974E1
1.036000000E1	5.028168536E1
1.040000000E1	5.267088278E1
1.044000000E1	5.603829479E1
1.048000000E1	5.997599507E1
1.052000000E1	6.438647173E1
1.056000000E1	6.941193437E1
1.060000000E1	7.591419293E1
1.064000000E1	8.384244620E1
1.068000000E1	9.145155186E1
1.072000000E1	9.579850494E1
1.076000000E1	9.657625418E1
1.080000000E1	9.823114954E1
1.084000000E1	1.001284658E2
1.088000000E1	1.007247001E2
1.092000000E1	1.005989112E2
1.096000000E1	1.002029088E2
1.100000000E1	9.921807562E1
1.104000000E1	9.778016591E1
1.108000000E1	9.600193787E1
1.112000000E1	9.392633933E1
1.116000000E1	9.160634636E1
1.120000000E1	8.893313717E1
1.124000000E1	8.610657707E1
1.128000000E1	8.291288609E1
1.132000000E1	7.949190357E1
1.136000000E1	7.605878421E1
1.140000000E1	7.246161870E1
1.144000000E1	6.883213787E1
1.148000000E1	6.444111590E1
1.152000000E1	6.018389429E1
1.156000000E1	5.560278483E1
1.160000000E1	5.143656972E1
1.164000000E1	4.752687204E1
1.168000000E1	4.380328395E1
1.172000000E1	4.054503492E1
1.176000000E1	3.798451569E1
1.180000000E1	3.632474919E1
1.184000000E1	3.559933625E1
1.188000000E1	3.544678159E1
1.192000000E1	3.571357161E1
1.196000000E1	3.611980184E1
1.200000000E1	3.647580463E1
1.204000000E1	3.673224491E1
1.208000000E1	3.680731071E1
1.212000000E1	3.686411630E1
1.216000000E1	3.692779169E1
1.220000000E1	3.718102054E1
1.224000000E1	3.750240296E1
1.228000000E1	3.806991621E1
1.232000000E1	3.897854184E1
1.236000000E1	4.044223121E1
1.240000000E1	4.268491500E1
1.244000000E1	4.596708384E1
1.248000000E1	5.026823586E1
1.252000000E1	5.581420450E1
1.256000000E1	6.255624702E1
1.260000000E1	7.044141618E1
1.264000000E1	7.898908933E1
1.268000000E1	8.741002440E1
1.272000000E1	9.333526281E1
1.276000000E1	9.600995640E1
1.280000000E1	9.654812295E1
1.284000000E1	9.847483218E1
1.288000000E1	9.955190144E1
1.292000000E1	9.940222763E1
1.296000000E1	9.886563719E1
1.300000000E1	9.837938121E1
1.304000000E1	9.742792565E1
1.308000000E1	9.637849485E1
1.312000000E1	9.544590955E1
1.316000000E1	9.427764884E1
1.320000000E1	9.294148716E1
1.324000000E1	9.148896206E1
1.328000000E1	8.985860207E1
1.332000000E1	8.764240568E1
1.336000000E1	8.536529362E1
1.340000000E1	8.293135558E1
1.344000000E1	8.033975814E1
1.348000000E1	7.758131491E1
1.352000000E1	7.426206672E1
1.356000000E1	7.050308377E1
1.360000000E1	6.644857559E1
1.364000000E1	6.235744105E1
1.368000000E1	5.846414661E1
1.372000000E1	5.462113861E1
1.376000000E1	5.065945132E1
1.380000000E1	4.694607230E1
1.384000000E1	4.401313488E1
1.388000000E1	4.156765545E1
1.392000000E1	3.946952859E1
1.396000000E1	3.790410755E1
1.400000000E1	3.714250764E1
1.404000000E1	3.694330881E1
1.408000000E1	3.709498385E1
1.412000000E1	3.741762446E1
1.416000000E1	3.783752112E1
1.420000000E1	3.804890056E1
1.424000000E1	3.801702830E1
1.428000000E1	3.824208864E1
1.432000000E1	3.842432387E1
1.436000000E1	3.895153748E1
1.440000000E1	3.988022477E1
1.444000000E1	4.145526585E1
1.448000000E1	4.326504215E1
1.452000000E1	4.571532995E1
1.456000000E1	4.883714863E1
1.460000000E1	5.266879923E1
1.464000000E1	5.744002179E1
1.468000000E1	6.298493254E1
1.472000000E1	6.981956937E1
1.476000000E1	7.775980661E1
1.480000000E1	8.602631550E1
1.484000000E1	9.264939264E1
1.488000000E1	9.585992515E1
1.492000000E1	9.635526905E1
1.496000000E1	9.776637399E1
1.500000000E1	9.875727752E1
1.504000000E1	9.833474683E1
1.508000000E1	9.742471415E1
1.512000000E1	9.647808853E1
1.516000000E1	9.535933958E1
1.520000000E1	9.398441679E1
1.524000000E1	9.249254771E1
1.528000000E1	9.089648661E1
1.532000000E1	8.894731980E1
1.536000000E1	8.710774383E1
1.540000000E1	8.478833326E1
1.544000000E1	8.210828529E1
1.548000000E1	7.932059511E1
1.552000000E1	7.619540878E1
1.556000000E1	7.299298529E1
1.560000000E1	6.971319634E1
1.564000000E1	6.628290846E1
1.568000000E1	6.295868539E1
1.572000000E1	5.965270906E1
1.576000000E1	5.645880401E1
1.580000000E1	5.343623460E1
1.584000000E1	5.054816449E1
1.588000000E1	4.760798305E1
1.592000000E1	4.492077455E1
1.596000000E1	4.273728318E1
1.600000000E1	4.081948893E1
1.604000000E1	3.954909940E1
1.608000000E1	3.892488585E1
1.612000000E1	3.889552617E1
1.616000000E1	3.946176587E1
1.620000000E1	4.041305281E1
1.624000000E1	4.121896282E1
1.628000000E1	4.181482367E1
1.632000000E1	4.226257245E1
1.636000000E1	4.252942307E1
1.640000000E1	4.285368569E1
1.644000000E1	4.327118729E1
1.648000000E1	4.393323061E1
1.652000000E1	4.480872838E1
1.656000000E1	4.622086674E1
1.660000000E1	4.816930358E1
1.664000000E1	5.056923004E1
1.668000000E1	5.382698485E1
1.672000000E1	5.814442459E1
1.676000000E1	6.366644518E1
1.680000000E1	7.039212396E1
1.684000000E1	7.783105991E1
1.688000000E1	8.525894257E1
1.692000000E1	9.132512801E1
1.696000000E1	9.494578299E1
1.700000000E1	9.613790836E1
1.704000000E1	9.672239526E1
1.708000000E1	9.796456335E1
1.712000000E1	9.800499900E1
1.716000000E1	9.729496666E1
1.720000000E1	9.643555981E1
1.724000000E1	9.587877702E1
1.728000000E1	9.496698146E1
1.732000000E1	9.380040632E1
1.736000000E1	9.264355430E1
1.740000000E1	9.134598196E1
1.744000000E1	8.999445589E1
1.748000000E1	8.819374956E1
1.752000000E1	8.617961658E1
1.756000000E1	8.384641361E1
1.760000000E1	8.145707797E1
1.764000000E1	7.881248295E1
1.768000000E1	7.587698714E1
1.772000000E1	7.267317425E1
1.776000000E1	6.939351273E1
1.780000000E1	6.616363276E1
1.784000000E1	6.285227297E1
1.788000000E1	5.968189624E1
1.792000000E1	5.643359062E1
1.796000000E1	5.358114020E1
1.800000000E1	5.069642640E1
1.804000000E1	4.762745962E1
1.808000000E1	4.469583102E1
1.812000000E1	4.186683348E1
1.816000000E1	3.970971736E1
1.820000000E1	3.804076922E1
1.824000000E1	3.666064699E1
1.828000000E1	3.569858819E1
1.832000000E1	3.533257510E1
1.836000000E1	3.535095478E1
1.840000000E1	3.548687690E1
1.844000000E1	3.552298605E1
1.848000000E1	3.583895115E1
1.852000000E1	3.616431404E1
1.856000000E1	3.664781116E1
1.860000000E1	3.737034775E1
1.864000000E1	3.833355114E1
1.868000000E1	3.961216847E1
1.872000000E1	4.155442712E1
1.876000000E1	4.433677506E1
1.880000000E1	4.836700780E1
1.884000000E1	5.369218261E1
1.888000000E1	5.994661491E1
1.892000000E1	6.696033426E1
1.896000000E1	7.426541902E1
1.900000000E1	8.187190321E1
1.904000000E1	8.904444626E1
1.908000000E1	9.466755220E1
1.912000000E1	9.703653016E1
1.916000000E1	9.706433148E1
1.920000000E1	9.876655357E1
1.924000000E1	9.921062835E1
1.928000000E1	9.855430146E1
1.932000000E1	9.751051384E1
1.936000000E1	9.654595042E1
1.940000000E1	9.518202357E1
1.944000000E1	9.334982387E1
1.948000000E1	9.159191941E1
1.952000000E1	8.951517890E1
1.956000000E1	8.725420456E1
1.960000000E1	8.475549134E1
1.964000000E1	8.205343877E1
1.968000000E1	7.920803343E1
1.972000000E1	7.621924584E1
1.976000000E1	7.327770131E1
1.980000000E1	7.004977434E1
1.984000000E1	6.674476565E1
1.988000000E1	6.329969031E1
1.992000000E1	5.975402591E1
1.996000000E1	5.639446430E1
2.000000000E1	5.300427476E1
2.004000000E1	4.950923709E1
2.008000000E1	4.642080316E1
2.012000000E1	4.363319746E1
2.016000000E1	4.113738956E1
2.020000000E1	3.890602497E1
2.024000000E1	3.685962683E1
2.028000000E1	3.501447296E1
2.032000000E1	3.357559574E1
2.036000000E1	3.267014245E1
2.040000000E1	3.211766766E1
2.044000000E1	3.183447432E1
2.048000000E1	3.160520102E1
2.052000000E1	3.168311283E1
2.056000000E1	3.195760670E1
2.060000000E1	3.222826472E1
2.064000000E1	3.260432480E1
2.068000000E1	3.320614976E1
2.072000000E1	3.401241742E1
2.076000000E1	3.542693369E1
2.080000000E1	3.736594623E1
2.084000000E1	4.020475347E1
2.088000000E1	4.403286138E1
2.092000000E1	4.902876141E1
2.096000000E1	5.517502576E1
2.100000000E1	6.210130550E1
2.104000000E1	6.924137015E1
2.108000000E1	7.641227275E1
2.112000000E1	8.332413997E1
2.116000000E1	8.972489866E1
2.120000000E1	9.433146902E1
2.124000000E1	9.586950266E1
2.128000000E1	9.626683247E1
2.132000000E1	9.756187549E1
2.136000000E1	9.740957776E1
2.140000000E1	9.659908480E1
2.144000000E1	9.536709972E1
2.148000000E1	9.389190253E1
2.152000000E1	9.189594984E1
2.156000000E1	8.955709817E1
2.160000000E1	8.715156693E1
2.164000000E1	8.471714546E1
2.168000000E1	8.222018937E1
2.172000000E1	7.970309825E1
2.176000000E1	7.732499799E1
2.180000000E1	7.472763577E1
2.184000000E1	7.208107728E1
2.188000000E1	6.923419026E1
2.192000000E1	6.600694025E1
2.196000000E1	6.264589572E1
2.200000000E1	5.912886935E1
2.204000000E1	5.595075582E1
2.208000000E1	5.284299094E1
2.212000000E1	4.982412507E1
2.216000000E1	4.694982512E1
2.220000000E1	4.429102835E1
2.224000000E1	4.178498661E1
2.228000000E1	3.961012754E1
2.232000000E1	3.776944293E1
2.236000000E1	3.651465220E1
2.240000000E1	3.570847327E1
2.244000000E1	3.527638021E1
2.248000000E1	3.515975230E1
2.252000000E1	3.545972405E1
2.256000000E1	3.610756102E1
2.260000000E1	3.678918818E1
2.264000000E1	3.724621918E1
2.268000000E1	3.782289271E1
2.272000000E1	3.812018918E1
2.276000000E1	3.870069143E1
2.280000000E1	3.917494052E1
2.284000000E1	3.978040553E1
2.288000000E1	4.057398799E1
2.292000000E1	4.167348471E1
2.296000000E1	4.331266570E1
2.300000000E1	4.578852225E1
2.304000000E1	4.913659637E1
2.308000000E1	5.361537870E1
2.312000000E1	5.887091284E1
2.316000000E1	6.504256080E1
2.320000000E1	7.196522037E1
2.324000000E1	7.952010966E1
2.328000000E1	8.670947538E1
2.332000000E1	9.236164018E1
2.336000000E1	9.546032587E1
2.340000000E1	9.619663451E1
2.344000000E1	9.701279033E1
2.348000000E1	9.754089099E1
2.352000000E1	9.677585009E1
2.356000000E1	9.520307905E1
2.360000000E1	9.350119776E1
2.364000000E1	9.144539063E1
2.368000000E1	8.874439422E1
2.372000000E1	8.581753940E1
2.376000000E1	8.263282747E1
2.380000000E1	7.948769689E1
2.384000000E1	7.619961234E1
2.388000000E1	7.284993314E1
2.392000000E1	6.940472095E1
2.396000000E1	6.567122343E1
2.400000000E1	6.210478847E1
2.404000000E1	5.844219329E1
2.408000000E1	5.479020095E1
2.412000000E1	5.117873148E1
2.416000000E1	4.760790025E1
2.420000000E1	4.438282777E1
2.424000000E1	4.178104995E1
2.428000000E1	3.949784809E1
2.432000000E1	3.747600470E1
2.436000000E1	3.580233944E1
2.440000000E1	3.435870406E1
2.444000000E1	3.331422583E1
2.448000000E1	3.273253071E1
2.452000000E1	3.237108955E1
2.456000000E1	3.221370577E1
2.460000000E1	3.224964521E1
2.464000000E1	3.258814174E1
2.468000000E1	3.301716296E1
2.472000000E1	3.368391509E1
2.476000000E1	3.436510824E1
2.480000000E1	3.543899830E1
2.484000000E1	3.686224770E1
2.488000000E1	3.893025934E1
2.492000000E1	4.163777166E1
2.496000000E1	4.538679988E1
2.500000000E1	5.031005282E1
2.504000000E1	5.615358313E1
2.508000000E1	6.254686704E1
2.512000000E1	6.950985389E1
2.516000000E1	7.689032439E1
2.520000000E1	8.442104533E1
2.524000000E1	9.119993351E1
2.528000000E1	9.618566966E1
2.532000000E1	9.793669313E1
2.536000000E1	9.888179412E1
2.540000000E1	1.000208119E2
2.544000000E1	9.985271861E1
2.548000000E1	9.881321813E1
2.552000000E1	9.760118222E1
2.556000000E1	9.604629529E1
2.560000000E1	9.420502327E1
2.564000000E1	9.213626326E1
2.568000000E1	8.970359417E1
2.572000000E1	8.687433293E1
2.576000000E1	8.404386011E1
2.580000000E1	8.117045166E1
2.584000000E1	7.811373586E1
2.588000000E1	7.460978841E1
2.592000000E1	7.107538100E1
2.596000000E1	6.747189764E1
2.600000000E1	6.383728827E1
2.604000000E1	6.022314901E1
2.608000000E1	5.665622606E1
2.612000000E1	5.300834079E1
2.616000000E1	4.904220338E1
2.620000000E1	4.525083951E1
2.624000000E1	4.194139124E1
2.628000000E1	3.931358546E1
2.632000000E1	3.758383157E1
2.636000000E1	3.697118653E1
2.640000000E1	3.739573519E1
2.644000000E1	3.810187662E1
2.648000000E1	3.856027478E1
2.652000000E1	3.869780886E1
2.656000000E1	3.840752706E1
2.660000000E1	3.803750805E1
2.664000000E1	3.791250777E1
2.668000000E1	3.789747842E1
2.672000000E1	3.796760117E1
2.676000000E1	3.823039412E1
2.680000000E1	3.887301722E1
2.684000000E1	4.001514918E1
2.688000000E1	4.146090107E1
2.692000000E1	4.339975558E1
2.696000000E1	4.620889780E1
2.700000000E1	5.006530817E1
2.704000000E1	5.506031431E1
2.708000000E1	6.110076463E1
2.712000000E1	6.799173772E1
2.716000000E1	7.611684547E1
2.720000000E1	8.427030067E1
2.724000000E1	8.971106085E1
2.728000000E1	9.131237491E1
2.732000000E1	9.227328655E1
2.736000000E1	9.493395283E1
2.740000000E1	9.502570554E1
2.744000000E1	9.435323411E1
2.748000000E1	9.370118949E1
2.752000000E1	9.267419166E1
2.756000000E1	9.097562491E1
2.760000000E1	8.901388706E1
2.764000000E1	8.678483474E1
2.768000000E1	8.414971518E1
2.772000000E1	8.150586538E1
2.776000000E1	7.882079932E1
2.780000000E1	7.606337397E1
2.784000000E1	7.332619207E1
2.788000000E1	7.041369462E1
2.792000000E1	6.715831250E1
2.796000000E1	6.376062693E1
2.800000000E1	6.012221600E1
2.804000000E1	5.624919059E1
2.808000000E1	5.244364318E1
2.812000000E1	4.857321670E1
2.816000000E1	4.482333778E1
2.820000000E1	4.150674979E1
2.824000000E1	3.859757225E1
2.828000000E1	3.633886312E1
2.832000000E1	3.492887299E1
2.836000000E1	3.454131622E1
2.840000000E1	3.476489646E1
2.844000000E1	3.524332897E1
2.848000000E1	3.547066142E1
2.852000000E1	3.528256408E1
2.856000000E1	3.512176008E1
2.860000000E1	3.496957168E1
2.864000000E1	3.494563486E1
2.868000000E1	3.489681954E1
2.872000000E1	3.518416466E1
2.876000000E1	3.586092025E1
2.880000000E1	3.684272390E1
2.884000000E1	3.881024334E1
2.888000000E1	4.171815637E1
2.892000000E1	4.573612605E1
2.896000000E1	5.033950669E1
2.900000000E1	5.511344138E1
2.904000000E1	5.993979828E1
2.908000000E1	6.533640133E1
2.912000000E1	7.164536716E1
2.916000000E1	7.909478574E1
2.920000000E1	8.715554969E1
2.924000000E1	9.280178878E1
2.928000000E1	9.442815741E1
2.932000000E1	9.511009791E1
2.936000000E1	9.759569052E1
2.940000000E1	9.803915438E1
2.944000000E1	9.775209308E1
2.948000000E1	9.679136358E1
2.952000000E1	9.549718214E1
2.956000000E1	9.378479484E1
2.960000000E1	9.143424119E1
2.964000000E1	8.867180856E1
2.968000000E1	8.562753219E1
2.972000000E1	8.241590726E1
2.976000000E1	7.901097699E1
2.980000000E1	7.529946410E1
2.984000000E1	7.133331405E1
2.988000000E1	6.748883067E1
2.992000000E1	6.356067586E1
2.996000000E1	5.954334958E1
3.000000000E1	5.545414024E1
3.004000000E1	5.157789383E1
3.008000000E1	4.790294275E1
3.012000000E1	4.470177725E1
3.016000000E1	4.206358935E1
3.020000000E1	4.005480214E1
3.024000000E1	3.860123559E1
3.028000000E1	3.778551592E1
3.032000000E1	3.757094570E1
3.036000000E1	3.755801033E1
3.040000000E1	3.751024514E1
3.044000000E1	3.753493298E1
3.048000000E1	3.784661058E1
3.052000000E1	3.808857138E1
3.056000000E1	3.819442740E1
3.060000000E1	3.816215318E1
3.064000000E1	3.809795209E1
3.068000000E1	3.809543515E1
3.072000000E1	3.815099466E1
3.076000000E1	3.850598473E1
3.080000000E1	3.916476429E1
3.084000000E1	4.003645049E1
3.088000000E1	4.128332633E1
3.092000000E1	4.317855335E1
3.096000000E1	4.573887703E1
3.100000000E1	4.905874738E1
3.104000000E1	5.336667937E1
3.108000000E1	5.872708821E1
3.112000000E1	6.507111276E1
3.116000000E1	7.242053570E1
3.120000000E1	8.085909427E1
3.124000000E1	8.845795152E1
3.128000000E1	9.296941008E1
3.132000000E1	9.397101749E1
3.136000000E1	9.514210959E1
3.140000000E1	9.737843365E1
3.144000000E1	9.740369873E1
3.148000000E1	9.620914529E1
3.152000000E1	9.496234891E1
3.156000000E1	9.337698934E1
3.160000000E1	9.119525046E1
3.164000000E1	8.843386619E1
3.168000000E1	8.538413267E1
3.172000000E1	8.185200935E1
3.176000000E1	7.781002338E1
3.180000000E1	7.356491488E1
3.184000000E1	6.940992803E1
3.188000000E1	6.534848359E1
3.192000000E1	6.119157470E1
3.196000000E1	5.705999362E1
3.200000000E1	5.311168932E1
3.204000000E1	4.941110251E1
3.208000000E1	4.576969045E1
3.212000000E1	4.277704396E1
3.216000000E1	4.075060335E1
3.220000000E1	3.979171994E1
3.224000000E1	3.997590907E1
3.228000000E1	4.062755010E1
3.232000000E1	4.100687913E1
3.236000000E1	4.092103476E1
3.240000000E1	4.049834193E1
3.244000000E1	4.006841951E1
3.248000000E1	3.980925145E1
3.252000000E1	3.981972925E1
3.256000000E1	3.984423077E1
3.260000000E1	3.987630907E1
3.264000000E1	4.001834153E1
3.268000000E1	4.003032614E1
3.272000000E1	4.034804049E1
3.276000000E1	4.088123935E1
3.280000000E1	4.209053363E1
3.284000000E1	4.410869965E1
3.288000000E1	4.732262992E1
3.292000000E1	5.155761827E1
3.296000000E1	5.664720702E1
3.300000000E1	6.234042247E1
3.304000000E1	6.908288170E1
3.308000000E1	7.765864223E1
3.312000000E1	8.642147255E1
3.316000000E1	9.199196930E1
3.320000000E1	9.300105164E1
3.324000000E1	9.433105786E1
3.328000000E1	9.680258568E1
3.332000000E1	9.716112819E1
3.336000000E1	9.690971753E1
3.340000000E1	9.650512172E1
3.344000000E1	9.569868330E1
3.348000000E1	9.432659296E1
3.352000000E1	9.257503707E1
3.356000000E1	9.097350764E1
3.360000000E1	8.879687030E1
3.364000000E1	8.654385339E1
3.368000000E1	8.366019015E1
3.372000000E1	8.079424256E1
3.376000000E1	7.767997466E1
3.380000000E1	7.415613982E1
3.384000000E1	7.032299243E1
3.388000000E1	6.652979674E1
3.392000000E1	6.273208278E1
3.396000000E1	5.872616012E1
3.400000000E1	5.455064994E1
3.404000000E1	5.049910279E1
3.408000000E1	4.643222229E1
3.412000000E1	4.280013920E1
3.416000000E1	3.990599635E1
3.420000000E1	3.776546590E1
3.424000000E1	3.667713684E1
3.428000000E1	3.671316330E1
3.432000000E1	3.747218751E1
3.436000000E1	3.827152648E1
3.440000000E1	3.860585053E1
3.444000000E1	3.852267556E1
3.448000000E1	3.836837684E1
3.452000000E1	3.814424709E1
3.456000000E1	3.787068595E1
3.460000000E1	3.772501147E1
3.464000000E1	3.772843282E1
3.468000000E1	3.775421251E1
3.472000000E1	3.802152710E1
3.476000000E1	3.819853962E1
3.480000000E1	3.849451062E1
3.484000000E1	3.938010416E1
3.488000000E1	4.077396560E1
3.492000000E1	4.299875435E1
3.496000000E1	4.644208614E1
3.500000000E1	5.161955398E1
3.504000000E1	5.873790802E1
3.508000000E1	6.790951423E1
3.512000000E1	7.823572811E1
3.516000000E1	8.779696594E1
3.520000000E1	9.335317616E1
3.524000000E1	9.437590903E1
3.528000000E1	9.528713726E1
3.532000000E1	9.765487563E1
3.536000000E1	9.802218770E1
3.540000000E1	9.724749471E1
3.544000000E1	9.616142377E1
3.548000000E1	9.502516200E1
3.552000000E1	9.351450798E1
3.556000000E1	9.153395993E1
3.560000000E1	8.969966248E1
3.564000000E1	8.757354039E1
3.568000000E1	8.548997031E1
3.572000000E1	8.312334219E1
3.576000000E1	8.075306643E1
3.580000000E1	7.799735446E1
3.584000000E1	7.536745714E1
3.588000000E1	7.292909767E1
3.592000000E1	7.037845885E1
3.596000000E1	6.790661614E1
3.600000000E1	6.546551864E1
3.604000000E1	6.281729944E1
3.608000000E1	6.001754571E1
3.612000000E1	5.714715708E1
3.616000000E1	5.427624112E1
3.620000000E1	5.139021052E1
3.624000000E1	4.845635697E1
3.628000000E1	4.539536074E1
3.632000000E1	4.228333740E1
3.636000000E1	3.930454332E1
3.640000000E1	3.646225316E1
3.644000000E1	3.408266384E1
3.648000000E1	3.185912187E1
3.652000000E1	3.005250999E1
3.656000000E1	2.857911968E1
3.660000000E1	2.742173243E1
3.664000000E1	2.647541435E1
3.668000000E1	2.567509275E1
3.672000000E1	2.549768951E1
3.676000000E1	2.568847371E1
3.680000000E1	2.598881595E1
3.684000000E1	2.631820514E1
3.688000000E1	2.638343977E1
3.692000000E1	2.606083025E1
3.696000000E1	2.530183704E1
3.700000000E1	2.419074154E1
3.704000000E1	2.246827874E1
3.708000000E1	2.007731979E1
3.712000000E1	1.745892199E1
3.716000000E1	1.464228645E1
3.720000000E1	1.204233769E1
3.724000000E1	9.605220372E0
3.728000000E1	7.349660434E0
3.732000000E1	5.283747247E0
3.736000000E1	3.587363798E0
3.740000000E1	2.025858254E0
3.744000000E1	8.328035301E-1
3.748000000E1	1.341683888E-2
3.752000000E1	-3.208604114E-2
3.756000000E1	6.867430933E-1
3.760000000E1	1.151942841E0
3.764000000E1	2.175773406E0
3.768000000E1	2.750719540E0
3.772000000E1	2.803132236E0
3.776000000E1	2.847105902E0
3.780000000E1	3.189226453E0
3.784000000E1	3.228051542E0
3.788000000E1	3.253125172E0
