
t/1	ANGLE/1
0.000000000E0	1.094933058E1
4.000000000E-2	1.095178221E1
8.000000000E-2	1.093538827E1
1.200000000E-1	1.090217553E1
1.600000000E-1	1.083344767E1
2.000000000E-1	1.083288276E1
2.400000000E-1	1.086913176E1
2.800000000E-1	1.094934053E1
3.200000000E-1	1.098651271E1
3.600000000E-1	1.096989643E1
4.000000000E-1	1.095882091E1
4.400000000E-1	1.097982819E1
4.800000000E-1	1.099251559E1
5.200000000E-1	1.100435425E1
5.600000000E-1	1.101094679E1
6.000000000E-1	1.101666455E1
6.400000000E-1	1.101921740E1
6.800000000E-1	1.101897256E1
7.200000000E-1	1.101828598E1
7.600000000E-1	1.101236460E1
8.000000000E-1	1.101795529E1
8.400000000E-1	1.101098920E1
8.800000000E-1	1.102375686E1
9.200000000E-1	1.102224043E1
9.600000000E-1	1.101668581E1
1.000000000E0	1.101631599E1
1.040000000E0	1.101749478E1
1.080000000E0	1.101662950E1
1.120000000E0	1.102703420E1
1.160000000E0	1.147069660E1
1.200000000E0	1.195034479E1
1.240000000E0	1.275584759E1
1.280000000E0	1.376122097E1
1.320000000E0	1.533944804E1
1.360000000E0	1.750785301E1
1.400000000E0	2.039791576E1
1.440000000E0	2.416393364E1
1.480000000E0	2.799372406E1
1.520000000E0	3.224842560E1
1.560000000E0	3.629299049E1
1.600000000E0	4.406523150E1
1.640000000E0	4.411811581E1
1.680000000E0	4.751831731E1
1.720000000E0	5.107549185E1
1.760000000E0	5.454068226E1
1.800000000E0	5.820329360E1
1.840000000E0	6.187126047E1
1.880000000E0	6.541136007E1
1.920000000E0	6.872654144E1
1.960000000E0	7.189976439E1
2.000000000E0	7.455951474E1
2.040000000E0	7.662882946E1
2.080000000E0	7.869677532E1
2.120000000E0	8.031919820E1
2.160000000E0	8.185337135E1
2.200000000E0	8.286491293E1
2.240000000E0	8.375463806E1
2.280000000E0	8.475675512E1
2.320000000E0	8.481721555E1
2.360000000E0	8.480851608E1
2.400000000E0	8.455549484E1
2.440000000E0	8.384357530E1
2.480000000E0	8.272471118E1
2.520000000E0	8.082980742E1
2.560000000E0	7.773983194E1
2.600000000E0	7.391974458E1
2.640000000E0	6.921091130E1
2.680000000E0	6.381767082E1
2.720000000E0	5.782085076E1
2.760000000E0	5.162727277E1
2.800000000E0	4.495739249E1
2.840000000E0	3.873476495E1
2.880000000E0	3.270369386E1
2.920000000E0	2.786061176E1
2.960000000E0	2.407748921E1
3.000000000E0	2.131496047E1
3.040000000E0	1.992694171E1
3.080000000E0	1.945449011E1
3.120000000E0	1.971499419E1
3.160000000E0	2.023642809E1
3.200000000E0	2.067194432E1
3.240000000E0	2.089739133E1
3.280000000E0	2.084376830E1
3.320000000E0	2.089813287E1
3.360000000E0	2.096349106E1
3.400000000E0	2.109391469E1
3.440000000E0	2.149852818E1
3.480000000E0	2.197469383E1
3.520000000E0	2.282667037E1
3.560000000E0	2.427312621E1
3.600000000E0	2.648785619E1
3.640000000E0	2.934904156E1
3.680000000E0	3.656946323E1
3.720000000E0	3.651686976E1
3.760000000E0	4.089226748E1
3.800000000E0	4.539390057E1
3.840000000E0	4.972320307E1
3.880000000E0	5.422141406E1
3.920000000E0	5.864857990E1
3.960000000E0	6.297888766E1
4.000000000E0	7.070073415E1
4.040000000E0	7.075808841E1
4.080000000E0	7.389224804E1
4.120000000E0	7.648046094E1
4.160000000E0	7.857240280E1
4.200000000E0	8.054468034E1
4.240000000E0	8.212995736E1
4.280000000E0	8.356769445E1
4.320000000E0	8.440817295E1
4.360000000E0	8.497307605E1
4.400000000E0	8.535203246E1
4.440000000E0	8.545505767E1
4.480000000E0	8.524473340E1
4.520000000E0	8.462957806E1
4.560000000E0	8.323214477E1
4.600000000E0	8.061084529E1
4.640000000E0	7.745515536E1
4.680000000E0	7.385409448E1
4.720000000E0	6.929540331E1
4.760000000E0	6.383403160E1
4.800000000E0	5.858118228E1
4.840000000E0	5.313645801E1
4.880000000E0	4.711378128E1
4.920000000E0	4.157365738E1
4.960000000E0	3.583667030E1
5.000000000E0	3.108957586E1
5.040000000E0	2.740156186E1
5.080000000E0	2.468445604E1
5.120000000E0	2.314491911E1
5.160000000E0	2.240841279E1
5.200000000E0	2.236829457E1
5.240000000E0	2.252543378E1
5.280000000E0	2.264306866E1
5.320000000E0	2.265874306E1
5.360000000E0	2.269417182E1
5.400000000E0	2.274637710E1
5.440000000E0	2.278396441E1
5.480000000E0	2.293541423E1
5.520000000E0	2.337388040E1
5.560000000E0	2.433460230E1
5.600000000E0	2.543000269E1
5.640000000E0	2.769599363E1
5.680000000E0	3.078853243E1
5.720000000E0	3.456591303E1
5.760000000E0	3.887479472E1
5.800000000E0	4.325726195E1
5.840000000E0	4.773122854E1
5.880000000E0	5.200541855E1
5.920000000E0	5.629290622E1
5.960000000E0	6.052324339E1
6.000000000E0	6.449984096E1
6.040000000E0	6.785130692E1
6.080000000E0	7.108612848E1
6.120000000E0	7.381242222E1
6.160000000E0	7.619643441E1
6.200000000E0	7.835364637E1
6.240000000E0	8.033898853E1
6.280000000E0	8.206148020E1
6.320000000E0	8.320016861E1
6.360000000E0	8.418053827E1
6.400000000E0	8.495170519E1
6.440000000E0	8.543512313E1
6.480000000E0	8.544729367E1
6.520000000E0	8.514242241E1
6.560000000E0	8.449489639E1
6.600000000E0	8.322612356E1
6.640000000E0	8.133698635E1
6.680000000E0	7.811975147E1
6.720000000E0	7.486077538E1
6.760000000E0	7.035920996E1
6.800000000E0	6.560149344E1
6.840000000E0	6.029493901E1
6.880000000E0	5.392731917E1
6.920000000E0	4.764046623E1
6.960000000E0	4.164017046E1
7.000000000E0	3.638063200E1
7.040000000E0	2.894884321E1
7.080000000E0	2.569448119E1
7.120000000E0	2.629321461E1
7.160000000E0	2.465645995E1
7.200000000E0	2.394744172E1
7.240000000E0	2.373559253E1
7.280000000E0	2.399506053E1
7.320000000E0	2.412670520E1
7.360000000E0	2.422606167E1
7.400000000E0	2.425985492E1
7.440000000E0	2.426429117E1
7.480000000E0	2.422786217E1
7.520000000E0	2.413981421E1
7.560000000E0	2.429879748E1
7.600000000E0	2.443967062E1
7.640000000E0	2.478008873E1
7.680000000E0	2.521580937E1
7.720000000E0	2.606509837E1
7.760000000E0	2.766829516E1
7.800000000E0	2.985291455E1
7.840000000E0	3.245769192E1
7.880000000E0	3.536663166E1
7.920000000E0	4.229081276E1
7.960000000E0	4.239291669E1
8.000000000E0	4.607211237E1
8.040000000E0	5.001121606E1
8.080000000E0	5.421937087E1
8.120000000E0	5.861285070E1
8.160000000E0	6.296208275E1
8.200000000E0	6.703587245E1
8.240000000E0	7.071629610E1
8.280000000E0	7.399003546E1
8.320000000E0	7.665726929E1
8.360000000E0	7.877974417E1
8.400000000E0	8.054500311E1
8.440000000E0	8.245668854E1
8.480000000E0	8.247037696E1
8.520000000E0	8.309263632E1
8.560000000E0	8.354335698E1
8.600000000E0	8.357343852E1
8.640000000E0	8.367375310E1
8.680000000E0	8.352486195E1
8.720000000E0	8.263307539E1
8.760000000E0	8.090701028E1
8.800000000E0	7.818082999E1
8.840000000E0	7.494061633E1
8.880000000E0	7.073636834E1
8.920000000E0	6.048561265E1
8.960000000E0	6.045377328E1
9.000000000E0	5.447127459E1
9.040000000E0	4.815003940E1
9.080000000E0	4.165823492E1
9.120000000E0	3.563977541E1
9.160000000E0	3.043070374E1
9.200000000E0	2.599404441E1
9.240000000E0	2.260348499E1
9.280000000E0	2.045435275E1
9.320000000E0	1.916627530E1
9.360000000E0	1.845007412E1
9.400000000E0	1.836761316E1
9.440000000E0	1.858242705E1
9.480000000E0	1.869606381E1
9.520000000E0	1.910493754E1
9.560000000E0	1.918163792E1
9.600000000E0	1.918374688E1
9.640000000E0	1.919746085E1
9.680000000E0	1.918711045E1
9.720000000E0	1.918686520E1
9.760000000E0	1.954990967E1
9.800000000E0	2.009263099E1
9.840000000E0	2.270540361E1
9.880000000E0	2.269038038E1
9.920000000E0	2.521136230E1
9.960000000E0	2.821925062E1
1.000000000E1	3.171057678E1
1.004000000E1	3.555493003E1
1.008000000E1	3.936317017E1
1.012000000E1	4.348224618E1
1.016000000E1	4.776315151E1
1.020000000E1	5.190202399E1
1.024000000E1	5.623507318E1
1.028000000E1	6.090644181E1
1.032000000E1	6.929426862E1
1.036000000E1	6.922484377E1
1.040000000E1	7.252107356E1
1.044000000E1	7.529498599E1
1.048000000E1	7.800933958E1
1.052000000E1	8.016797947E1
1.056000000E1	8.195276583E1
1.060000000E1	8.363114257E1
1.064000000E1	8.463650862E1
1.068000000E1	8.522775761E1
1.072000000E1	8.525875123E1
1.076000000E1	8.473743626E1
1.080000000E1	8.324852076E1
1.084000000E1	8.120505487E1
1.088000000E1	7.895101116E1
1.092000000E1	7.526485643E1
1.096000000E1	7.098669395E1
1.100000000E1	6.595457196E1
1.104000000E1	6.018285960E1
1.108000000E1	5.425342112E1
1.112000000E1	4.808337336E1
1.116000000E1	4.273610505E1
1.120000000E1	3.785644991E1
1.124000000E1	3.381457747E1
1.128000000E1	3.084280404E1
1.132000000E1	2.840631624E1
1.136000000E1	2.647465575E1
1.140000000E1	2.531831118E1
1.144000000E1	2.479146798E1
1.148000000E1	2.448902419E1
1.152000000E1	2.454604466E1
1.156000000E1	2.465339268E1
1.160000000E1	2.469008386E1
1.164000000E1	2.472557620E1
1.168000000E1	2.484753542E1
1.172000000E1	2.491758275E1
1.176000000E1	2.495915563E1
1.180000000E1	2.499347498E1
1.184000000E1	2.527188708E1
1.188000000E1	2.546544313E1
1.192000000E1	2.578915365E1
1.196000000E1	2.622266491E1
1.200000000E1	2.700501299E1
1.204000000E1	2.788779894E1
1.208000000E1	2.926622436E1
1.212000000E1	3.104167156E1
1.216000000E1	3.319906868E1
1.220000000E1	3.574425358E1
1.224000000E1	3.865686157E1
1.228000000E1	4.200478678E1
1.232000000E1	4.581926327E1
1.236000000E1	4.979098194E1
1.240000000E1	5.404872243E1
1.244000000E1	5.825949310E1
1.248000000E1	6.268621641E1
1.252000000E1	6.681418097E1
1.256000000E1	7.085998071E1
1.260000000E1	7.435190479E1
1.264000000E1	7.712714029E1
1.268000000E1	7.983231404E1
1.272000000E1	8.214501421E1
1.276000000E1	8.397230432E1
1.280000000E1	8.516953238E1
1.284000000E1	8.596315799E1
1.288000000E1	8.612542414E1
1.292000000E1	8.580413955E1
1.296000000E1	8.466063000E1
1.300000000E1	8.283135087E1
1.304000000E1	7.995178942E1
1.308000000E1	7.666515911E1
1.312000000E1	7.254745393E1
1.316000000E1	6.703666676E1
1.320000000E1	6.156482386E1
1.324000000E1	5.519624603E1
1.328000000E1	4.872059841E1
1.332000000E1	4.273085359E1
1.336000000E1	3.665299175E1
1.340000000E1	3.139359466E1
1.344000000E1	2.679906716E1
1.348000000E1	2.327723927E1
1.352000000E1	2.072071711E1
1.356000000E1	1.840768076E1
1.360000000E1	1.841811053E1
1.364000000E1	1.845850996E1
1.368000000E1	1.859588395E1
1.372000000E1	1.882580993E1
1.376000000E1	1.902994719E1
1.380000000E1	1.909328447E1
1.384000000E1	1.907056792E1
1.388000000E1	1.906329030E1
1.392000000E1	1.897187667E1
1.396000000E1	1.902450013E1
1.400000000E1	1.921153745E1
1.404000000E1	1.920531976E1
1.408000000E1	1.928646710E1
1.412000000E1	1.932526457E1
1.416000000E1	1.937891054E1
1.420000000E1	1.958897427E1
1.424000000E1	1.971492873E1
1.428000000E1	2.016161588E1
1.432000000E1	2.055119265E1
1.436000000E1	2.110362506E1
1.440000000E1	2.230648608E1
1.444000000E1	2.404811430E1
1.448000000E1	2.625314991E1
1.452000000E1	2.884443451E1
1.456000000E1	3.140084373E1
1.460000000E1	3.419695900E1
1.464000000E1	3.714977010E1
1.468000000E1	4.014592825E1
1.472000000E1	4.330579544E1
1.476000000E1	4.664741247E1
1.480000000E1	5.025359226E1
1.484000000E1	5.425392971E1
1.488000000E1	5.836491439E1
1.492000000E1	6.264453745E1
1.496000000E1	6.697055216E1
1.500000000E1	7.480097142E1
1.504000000E1	7.483808364E1
1.508000000E1	7.802349564E1
1.512000000E1	8.062740375E1
1.516000000E1	8.281178121E1
1.520000000E1	8.483614552E1
1.524000000E1	8.621102207E1
1.528000000E1	8.713019133E1
1.532000000E1	8.776798568E1
1.536000000E1	8.797872455E1
1.540000000E1	8.755929410E1
1.544000000E1	8.651660126E1
1.548000000E1	8.458964717E1
1.552000000E1	8.214945662E1
1.556000000E1	7.885533715E1
1.560000000E1	7.038412167E1
1.564000000E1	7.046379034E1
1.568000000E1	6.503453353E1
1.572000000E1	5.958266935E1
1.576000000E1	5.345164467E1
1.580000000E1	4.758342353E1
1.584000000E1	4.240211701E1
1.588000000E1	3.731164069E1
1.592000000E1	3.310234753E1
1.596000000E1	2.959290600E1
1.600000000E1	2.685657573E1
1.604000000E1	2.495802892E1
1.608000000E1	2.375694037E1
1.612000000E1	2.296700412E1
1.616000000E1	2.271765428E1
1.620000000E1	2.281532935E1
1.624000000E1	2.316124090E1
1.628000000E1	2.333719625E1
1.632000000E1	2.342594414E1
1.636000000E1	2.334862808E1
1.640000000E1	2.335156952E1
1.644000000E1	2.323424496E1
1.648000000E1	2.316792176E1
1.652000000E1	2.326535620E1
1.656000000E1	2.352578101E1
1.660000000E1	2.362583324E1
1.664000000E1	2.373881537E1
1.668000000E1	2.401945415E1
1.672000000E1	2.404907283E1
1.676000000E1	2.458764001E1
1.680000000E1	2.563854153E1
1.684000000E1	2.736445073E1
1.688000000E1	2.956435425E1
1.692000000E1	3.263505698E1
1.696000000E1	3.619680500E1
1.700000000E1	4.023630515E1
1.704000000E1	4.459894090E1
1.708000000E1	4.895795912E1
1.712000000E1	5.316383118E1
1.716000000E1	5.757873163E1
1.720000000E1	6.196689891E1
1.724000000E1	6.637203658E1
1.728000000E1	7.061771616E1
1.732000000E1	7.445366062E1
1.736000000E1	7.759484161E1
1.740000000E1	7.990723255E1
1.744000000E1	8.222219456E1
1.748000000E1	8.417421834E1
1.752000000E1	8.588047094E1
1.756000000E1	8.740317784E1
1.760000000E1	8.860351294E1
1.764000000E1	8.917942208E1
1.768000000E1	8.937139799E1
1.772000000E1	8.902991204E1
1.776000000E1	8.840289219E1
1.780000000E1	8.705168145E1
1.784000000E1	8.519371159E1
1.788000000E1	8.204257303E1
1.792000000E1	7.824838425E1
1.796000000E1	7.394543913E1
1.800000000E1	6.858146487E1
1.804000000E1	6.367162048E1
1.808000000E1	5.802529824E1
1.812000000E1	5.245146359E1
1.816000000E1	4.746209558E1
1.820000000E1	4.268599689E1
1.824000000E1	3.820218696E1
1.828000000E1	3.461377972E1
1.832000000E1	3.138234360E1
1.836000000E1	2.853286564E1
1.840000000E1	2.602493395E1
1.844000000E1	2.413365124E1
1.848000000E1	2.273658319E1
1.852000000E1	2.184043607E1
1.856000000E1	2.156578486E1
1.860000000E1	2.130196194E1
1.864000000E1	2.122165501E1
1.868000000E1	2.149416070E1
1.872000000E1	2.161296171E1
1.876000000E1	2.194727162E1
1.880000000E1	2.255837074E1
1.884000000E1	2.341316039E1
1.888000000E1	2.490577339E1
1.892000000E1	2.698870278E1
1.896000000E1	2.966501966E1
1.900000000E1	3.255268747E1
1.904000000E1	3.541697463E1
1.908000000E1	3.847789517E1
1.912000000E1	4.141318611E1
1.916000000E1	4.430580653E1
1.920000000E1	4.734311025E1
1.924000000E1	5.051562601E1
1.928000000E1	5.392371862E1
1.932000000E1	5.768086016E1
1.936000000E1	6.173243387E1
1.940000000E1	6.579644105E1
1.944000000E1	6.980610388E1
1.948000000E1	7.350531503E1
1.952000000E1	7.657520342E1
1.956000000E1	7.931342487E1
1.960000000E1	8.147492221E1
1.964000000E1	8.341943546E1
1.968000000E1	8.491401208E1
1.972000000E1	8.596094551E1
1.976000000E1	8.680292796E1
1.980000000E1	8.727139946E1
1.984000000E1	8.717435775E1
1.988000000E1	8.641200658E1
1.992000000E1	8.533160566E1
1.996000000E1	8.371398497E1
2.000000000E1	8.184583774E1
2.004000000E1	7.890017888E1
2.008000000E1	7.167064038E1
2.012000000E1	7.166562009E1
2.016000000E1	6.684102724E1
2.020000000E1	6.215618178E1
2.024000000E1	5.754280682E1
2.028000000E1	5.280208041E1
2.032000000E1	4.788340857E1
2.036000000E1	4.295992684E1
2.040000000E1	3.827396056E1
2.044000000E1	3.413546358E1
2.048000000E1	3.100779062E1
2.052000000E1	2.829451208E1
2.056000000E1	2.635538939E1
2.060000000E1	2.513093920E1
2.064000000E1	2.474604727E1
2.068000000E1	2.475551954E1
2.072000000E1	2.500178610E1
2.076000000E1	2.536743764E1
2.080000000E1	2.574644995E1
2.084000000E1	2.578156650E1
2.088000000E1	2.576140014E1
2.092000000E1	2.571817983E1
2.096000000E1	2.586981816E1
2.100000000E1	2.696441714E1
2.104000000E1	2.692349288E1
2.108000000E1	2.815707266E1
2.112000000E1	2.984392679E1
2.116000000E1	3.233781405E1
2.120000000E1	3.516507341E1
2.124000000E1	3.828888638E1
2.128000000E1	4.156985618E1
2.132000000E1	4.473860240E1
2.136000000E1	4.801884001E1
2.140000000E1	5.127473510E1
2.144000000E1	5.481369390E1
2.148000000E1	5.847046781E1
2.152000000E1	6.232990341E1
2.156000000E1	6.641643193E1
2.160000000E1	7.043788121E1
2.164000000E1	7.423538864E1
2.168000000E1	7.733038653E1
2.172000000E1	8.004663966E1
2.176000000E1	8.236979816E1
2.180000000E1	8.412490540E1
2.184000000E1	8.567057518E1
2.188000000E1	8.653841065E1
2.192000000E1	8.684428587E1
2.196000000E1	8.694258620E1
2.200000000E1	8.621081021E1
2.204000000E1	8.477639985E1
2.208000000E1	8.263585517E1
2.212000000E1	7.984794643E1
2.216000000E1	7.670532834E1
2.220000000E1	7.265150671E1
2.224000000E1	6.838912682E1
2.228000000E1	6.362574548E1
2.232000000E1	5.880463478E1
2.236000000E1	5.406201856E1
2.240000000E1	4.890083988E1
2.244000000E1	4.393119230E1
2.248000000E1	3.923896120E1
2.252000000E1	3.507121569E1
2.256000000E1	3.169498166E1
2.260000000E1	2.896398386E1
2.264000000E1	2.725521916E1
2.268000000E1	2.614758075E1
2.272000000E1	2.568372109E1
2.276000000E1	2.566088983E1
2.280000000E1	2.586030695E1
2.284000000E1	2.613513680E1
2.288000000E1	2.630843472E1
2.292000000E1	2.635070548E1
2.296000000E1	2.643214181E1
2.300000000E1	2.676739440E1
2.304000000E1	2.803647650E1
2.308000000E1	2.799431936E1
2.312000000E1	2.949495440E1
2.316000000E1	3.147036938E1
2.320000000E1	3.363049501E1
2.324000000E1	3.594503893E1
2.328000000E1	3.847817186E1
2.332000000E1	4.115989818E1
2.336000000E1	4.395850715E1
2.340000000E1	4.712674301E1
2.344000000E1	5.047552515E1
2.348000000E1	5.403402222E1
2.352000000E1	5.786129045E1
2.356000000E1	6.198987678E1
2.360000000E1	6.611329941E1
2.364000000E1	7.045049029E1
2.368000000E1	7.445560983E1
2.372000000E1	7.785887174E1
2.376000000E1	8.056432933E1
2.380000000E1	8.276311742E1
2.384000000E1	8.443987438E1
2.388000000E1	8.584840701E1
2.392000000E1	8.664770432E1
2.396000000E1	8.710453709E1
2.400000000E1	8.695516984E1
2.404000000E1	8.619081530E1
2.408000000E1	8.504730630E1
2.412000000E1	8.332822407E1
2.416000000E1	8.087321786E1
2.420000000E1	7.802184409E1
2.424000000E1	7.459951179E1
2.428000000E1	7.013471353E1
2.432000000E1	6.568516999E1
2.436000000E1	6.044569457E1
2.440000000E1	5.517799495E1
2.444000000E1	4.972489452E1
2.448000000E1	4.384929858E1
2.452000000E1	3.843414133E1
2.456000000E1	3.384091684E1
2.460000000E1	2.981053342E1
2.464000000E1	2.401375280E1
2.468000000E1	2.403351624E1
2.472000000E1	2.230173316E1
2.476000000E1	2.129789457E1
2.480000000E1	2.081159902E1
2.484000000E1	2.090266152E1
2.488000000E1	2.137842224E1
2.492000000E1	2.216440271E1
2.496000000E1	2.305875008E1
2.500000000E1	2.389827602E1
2.504000000E1	2.473588695E1
2.508000000E1	2.558971151E1
2.512000000E1	2.650481312E1
2.516000000E1	2.737826068E1
2.520000000E1	2.847645828E1
2.524000000E1	2.975958638E1
2.528000000E1	3.142278415E1
2.532000000E1	3.339716575E1
2.536000000E1	3.580579133E1
2.540000000E1	3.833327442E1
2.544000000E1	4.115465560E1
2.548000000E1	4.388321516E1
2.552000000E1	4.691705528E1
2.556000000E1	5.307276817E1
2.560000000E1	5.301154880E1
2.564000000E1	5.634273467E1
2.568000000E1	6.009150800E1
2.572000000E1	6.365066959E1
2.576000000E1	6.730483807E1
2.580000000E1	7.079077753E1
2.584000000E1	7.403424338E1
2.588000000E1	7.691146615E1
2.592000000E1	7.914110083E1
2.596000000E1	8.106094866E1
2.600000000E1	8.266020067E1
2.604000000E1	8.378009649E1
2.608000000E1	8.456290075E1
2.612000000E1	8.502261031E1
2.616000000E1	8.409669207E1
2.620000000E1	8.406417872E1
2.624000000E1	8.275115437E1
2.628000000E1	8.076746231E1
2.632000000E1	7.825301693E1
2.636000000E1	7.528036325E1
2.640000000E1	7.184809498E1
2.644000000E1	6.774471484E1
2.648000000E1	6.289335322E1
2.652000000E1	5.788755960E1
2.656000000E1	5.284075450E1
2.660000000E1	4.822410512E1
2.664000000E1	4.362847198E1
2.668000000E1	3.498580124E1
2.672000000E1	3.495724756E1
2.676000000E1	3.148045139E1
2.680000000E1	2.853822669E1
2.684000000E1	2.611918263E1
2.688000000E1	2.448538991E1
2.692000000E1	2.337998648E1
2.696000000E1	2.290909995E1
2.700000000E1	2.266021159E1
2.704000000E1	2.259010599E1
2.708000000E1	2.287179896E1
2.712000000E1	2.337876813E1
2.716000000E1	2.384228103E1
2.720000000E1	2.431477326E1
2.724000000E1	2.508573392E1
2.728000000E1	2.591641909E1
2.732000000E1	2.673491915E1
2.736000000E1	2.761599628E1
2.740000000E1	2.878816617E1
2.744000000E1	3.014846843E1
2.748000000E1	3.176307905E1
2.752000000E1	3.375149635E1
2.756000000E1	3.630909997E1
2.760000000E1	3.923251537E1
2.764000000E1	4.230780592E1
2.768000000E1	4.535001903E1
2.772000000E1	4.856874065E1
2.776000000E1	5.562701605E1
2.780000000E1	5.555135150E1
2.784000000E1	5.943032968E1
2.788000000E1	6.337275951E1
2.792000000E1	6.714269780E1
2.796000000E1	7.084049892E1
2.800000000E1	7.387886148E1
2.804000000E1	7.659682110E1
2.808000000E1	7.878639006E1
2.812000000E1	8.106417436E1
2.816000000E1	8.246098190E1
2.820000000E1	8.342062792E1
2.824000000E1	8.430723221E1
2.828000000E1	8.481084857E1
2.832000000E1	8.486817589E1
2.836000000E1	8.444233440E1
2.840000000E1	8.333209772E1
2.844000000E1	8.179978603E1
2.848000000E1	7.987240748E1
2.852000000E1	7.709961131E1
2.856000000E1	7.397045380E1
2.860000000E1	7.019304502E1
2.864000000E1	6.578957347E1
2.868000000E1	6.090374941E1
2.872000000E1	5.577343021E1
2.876000000E1	5.065761857E1
2.880000000E1	4.560412912E1
2.884000000E1	4.102534904E1
2.888000000E1	3.678279830E1
2.892000000E1	3.331081474E1
2.896000000E1	3.059085511E1
2.900000000E1	2.865657017E1
2.904000000E1	2.769902057E1
2.908000000E1	2.711193535E1
2.912000000E1	2.703420124E1
2.916000000E1	2.718491830E1
2.920000000E1	2.760174078E1
2.924000000E1	2.757060667E1
2.928000000E1	2.757884200E1
2.932000000E1	2.753512602E1
2.936000000E1	2.758081702E1
2.940000000E1	2.763150454E1
2.944000000E1	2.772414989E1
2.948000000E1	2.816624400E1
2.952000000E1	2.861231327E1
2.956000000E1	2.933590785E1
2.960000000E1	3.069043485E1
2.964000000E1	3.220300500E1
2.968000000E1	3.440068645E1
2.972000000E1	3.675591153E1
2.976000000E1	3.957172394E1
2.980000000E1	4.261301598E1
2.984000000E1	4.588624762E1
2.988000000E1	4.916799330E1
2.992000000E1	5.255312639E1
2.996000000E1	5.621104022E1
3.000000000E1	6.015885082E1
3.004000000E1	6.421766835E1
3.008000000E1	6.808926119E1
3.012000000E1	7.157656929E1
3.016000000E1	7.471210845E1
3.020000000E1	7.759736878E1
3.024000000E1	7.997057110E1
3.028000000E1	8.195863836E1
3.032000000E1	8.378178190E1
3.036000000E1	8.513255594E1
3.040000000E1	8.596459761E1
3.044000000E1	8.640397510E1
3.048000000E1	8.625209215E1
3.052000000E1	8.571226000E1
3.056000000E1	8.482894882E1
3.060000000E1	8.324577532E1
3.064000000E1	8.108390625E1
3.068000000E1	7.863770194E1
3.072000000E1	7.580817598E1
3.076000000E1	7.273541708E1
3.080000000E1	6.940083022E1
3.084000000E1	6.569609965E1
3.088000000E1	6.151399160E1
3.092000000E1	5.734751975E1
3.096000000E1	5.333578445E1
3.100000000E1	4.947291416E1
3.104000000E1	4.567791645E1
3.108000000E1	4.205534211E1
3.112000000E1	3.892767783E1
3.116000000E1	3.643856922E1
3.120000000E1	3.434806644E1
3.124000000E1	3.297888889E1
3.128000000E1	3.218601564E1
3.132000000E1	3.177569537E1
3.136000000E1	3.153603804E1
3.140000000E1	3.142201175E1
3.144000000E1	3.131766509E1
3.148000000E1	3.135370832E1
3.152000000E1	3.135409631E1
3.156000000E1	3.133713251E1
3.160000000E1	3.137454504E1
3.164000000E1	3.139466323E1
3.168000000E1	3.141253961E1
3.172000000E1	3.165915645E1
3.176000000E1	3.200743834E1
3.180000000E1	3.267131993E1
3.184000000E1	3.359168645E1
3.188000000E1	3.508583701E1
3.192000000E1	3.684165508E1
3.196000000E1	3.893047613E1
3.200000000E1	4.158298740E1
3.204000000E1	4.449618196E1
3.208000000E1	4.769687428E1
3.212000000E1	5.110168699E1
3.216000000E1	5.442497061E1
3.220000000E1	5.769749924E1
3.224000000E1	6.083129348E1
3.228000000E1	6.403892003E1
3.232000000E1	6.738438706E1
3.236000000E1	7.058475906E1
3.240000000E1	7.358260206E1
3.244000000E1	7.627232291E1
3.248000000E1	7.874762823E1
3.252000000E1	8.083871019E1
3.256000000E1	8.260568055E1
3.260000000E1	8.423235451E1
3.264000000E1	8.555235928E1
3.268000000E1	8.651348616E1
3.272000000E1	8.700856358E1
3.276000000E1	8.696497104E1
3.280000000E1	8.618723652E1
3.284000000E1	8.440769251E1
3.288000000E1	8.243167755E1
3.292000000E1	7.982558562E1
3.296000000E1	7.661039304E1
3.300000000E1	7.298284179E1
3.304000000E1	6.839782805E1
3.308000000E1	6.357135027E1
3.312000000E1	5.821385771E1
3.316000000E1	5.316345373E1
3.320000000E1	4.260074126E1
3.324000000E1	4.253367114E1
3.328000000E1	3.792191664E1
3.332000000E1	3.407588520E1
3.336000000E1	3.107961049E1
3.340000000E1	2.866342931E1
3.344000000E1	2.713228416E1
3.348000000E1	2.638706862E1
3.352000000E1	2.649681928E1
3.356000000E1	2.698164088E1
3.360000000E1	2.746737327E1
3.364000000E1	2.821721619E1
3.368000000E1	2.878768233E1
3.372000000E1	2.953884456E1
3.376000000E1	3.025395185E1
3.380000000E1	3.126662312E1
3.384000000E1	3.256423265E1
3.388000000E1	3.443804975E1
3.392000000E1	3.675729097E1
3.396000000E1	3.912532868E1
3.400000000E1	4.174626108E1
3.404000000E1	4.463513164E1
3.408000000E1	4.732172124E1
3.412000000E1	5.031217848E1
3.416000000E1	5.325921410E1
3.420000000E1	5.647184233E1
3.424000000E1	5.985359653E1
3.428000000E1	6.630033607E1
3.432000000E1	6.624849487E1
3.436000000E1	6.935334877E1
3.440000000E1	7.220120424E1
3.444000000E1	7.482941684E1
3.448000000E1	7.694460327E1
3.452000000E1	7.882039088E1
3.456000000E1	8.047016516E1
3.460000000E1	8.200854562E1
3.464000000E1	8.340533874E1
3.468000000E1	8.432612695E1
3.472000000E1	8.489317961E1
3.476000000E1	8.505134536E1
3.480000000E1	8.474619963E1
3.484000000E1	8.365526871E1
3.488000000E1	8.235115386E1
3.492000000E1	8.037416975E1
3.496000000E1	7.763614174E1
3.500000000E1	7.450467634E1
3.504000000E1	7.058943945E1
3.508000000E1	6.658838610E1
3.512000000E1	6.232062817E1
3.516000000E1	5.771851425E1
3.520000000E1	5.325180869E1
3.524000000E1	4.896586179E1
3.528000000E1	4.460672289E1
3.532000000E1	4.052323956E1
3.536000000E1	3.698993254E1
3.540000000E1	3.394056761E1
3.544000000E1	2.933901264E1
3.548000000E1	2.924202929E1
3.552000000E1	2.755576434E1
3.556000000E1	2.625445899E1
3.560000000E1	2.528668585E1
3.564000000E1	2.465112479E1
3.568000000E1	2.420220838E1
3.572000000E1	2.405194780E1
3.576000000E1	2.398765617E1
3.580000000E1	2.428897234E1
3.584000000E1	2.426223532E1
3.588000000E1	2.460997911E1
3.592000000E1	2.506227964E1
3.596000000E1	2.555907052E1
3.600000000E1	2.634749868E1
3.604000000E1	2.772768009E1
3.608000000E1	2.931184218E1
3.612000000E1	3.176334083E1
3.616000000E1	3.440552742E1
3.620000000E1	3.729577423E1
3.624000000E1	4.044063354E1
3.628000000E1	4.704124315E1
3.632000000E1	4.701517582E1
3.636000000E1	5.037935038E1
3.640000000E1	5.388984450E1
3.644000000E1	5.760252352E1
3.648000000E1	6.137410125E1
3.652000000E1	6.531007884E1
3.656000000E1	6.916222431E1
3.660000000E1	7.262083299E1
3.664000000E1	7.573052595E1
3.668000000E1	8.049971407E1
3.672000000E1	8.034923667E1
3.676000000E1	8.221596825E1
3.680000000E1	8.360901894E1
3.684000000E1	8.452137503E1
3.688000000E1	8.506755740E1
3.692000000E1	8.516019010E1
3.696000000E1	8.480908959E1
3.700000000E1	8.393325175E1
3.704000000E1	8.259121581E1
3.708000000E1	8.059104674E1
3.712000000E1	7.742415681E1
3.716000000E1	7.406621526E1
3.720000000E1	6.963245562E1
3.724000000E1	6.468916445E1
3.728000000E1	5.416256404E1
3.732000000E1	5.419865381E1
3.736000000E1	4.845033470E1
3.740000000E1	4.303421602E1
3.744000000E1	3.784634260E1
3.748000000E1	3.328693442E1
3.752000000E1	2.537296567E1
3.756000000E1	2.533705205E1
3.760000000E1	2.220365433E1
3.764000000E1	2.000252768E1
3.768000000E1	1.869819260E1
3.772000000E1	1.788500203E1
3.776000000E1	1.797316142E1
3.780000000E1	1.847027294E1
3.784000000E1	1.898034258E1
3.788000000E1	1.940547104E1
3.792000000E1	1.955905042E1
3.796000000E1	1.961911245E1
3.800000000E1	1.955497059E1
3.804000000E1	1.925394414E1
3.808000000E1	1.898334981E1
3.812000000E1	1.886440798E1
3.816000000E1	1.889821053E1
3.820000000E1	1.893537113E1
3.824000000E1	1.894142432E1
